967,359,417,229,379,5,404,625,476,37,148,639,140,405,509,161,354,481,291,929
949.5442815801177,345.55798861938587,342.8394850990503,201.38377004659907,423.6778885125099,5.049276677174042,406.2426425087142,382.97205326740743,502.4650991413683,37.483131956348025,133.12676359193304,429.05735699059005,141.48555301404042,451.5759104372648,426.25496559256646,143.6062391731644,392.2982309097322,541.6382692777364,199.96078035404878,749.3621938118844
1201.3246865488504,304.8655968001901,454.0540277463441,227.99734753905344,481.9039961076811,3.7274492172481146,495.96201776601924,628.6888067692038,535.2083447261853,29.745373905110206,153.25416632209263,725.0607799998297,119.60776840119175,450.639826510627,500.45481664498504,167.18581014370574,274.394084869205,545.7721536196782,257.5429446483056,881.1122451333699
1249.137697655188,352.22501713003345,409.75469310420664,266.17327330463974,423.67029065487725,4.745840495258436,436.81900391305203,568.5925031798643,433.095661017422,39.313539087542345,136.8044445769787,590.948317148603,135.84536759945536,251.7483974998343,394.1798194964901,115.90759338020611,277.5301677123865,500.11773237714664,254.26152926610507,604.4734259411505
1265.4388294270702,365.21756016914145,455.9827465624903,207.88706983562372,396.4790829743743,4.778785517848739,474.1846869574365,631.2030019439452,453.94330141422904,43.4285469414448,144.09231248038608,961.618656899401,110.48105093297706,466.42456888830986,363.8465160418219,177.00547563701733,318.5679767966778,553.0088829623148,227.34168011664102,863.6370568046522
1009.2408863115819,322.9078471824654,472.9558682311196,272.7515058055676,366.9308290311315,5.613917332318526,445.3421886944334,624.6120045495471,568.8613145504712,35.22738005957461,173.39170267679648,662.894482001826,88.77278162063772,483.77038571320617,591.2433099060986,153.34375382570406,450.7024008554213,438.3540993530084,243.46681532613422,988.2154331719208
1029.0066976162418,358.12697069545914,490.0059338084547,276.91641700060484,396.3437347391431,3.8204785718270458,508.79536029436133,554.0549844973935,504.11999776771825,47.797399170860615,137.9490813466765,681.6627833593463,114.53743758899724,337.96236567673526,286.9290483893525,143.04087939081558,178.54468060818692,396.6809902110322,257.94285089103516,1014.9030764862936
736.70204949863,245.39933430934954,268.9064777237006,215.87296307371548,410.7056490384963,6.319260042401169,593.3692644456797,754.6333068013907,313.6767683222238,32.04385198279828,107.44477367849714,544.2319926525628,141.98231777680007,458.1053949480088,441.5196133441165,151.2127142733855,334.71730713309535,474.90728625865927,286.8678600685352,871.6233143737201
1064.714617724047,383.8290096445621,259.83186747074615,218.16530779334974,320.9680366257103,4.781293405394694,312.67765844938305,582.2721614667576,523.0097140164837,44.73051400685723,157.62155163170561,658.6054082545019,110.47113179912957,379.7243186443098,603.1866753994573,169.48319285631763,357.518504651102,475.74927496276354,341.02972533361515,861.0869660749029
950.9178371748627,204.36238170762056,376.82950889526387,241.88051393072152,306.88774707088294,5.606593316478516,362.94447821723566,490.7926045186232,423.52993231288985,33.836792887222636,86.40670694030362,603.8680432666199,134.86138079108076,442.5515183744105,528.480902926158,187.77923622630612,377.4629587541441,341.6513470221454,360.7098226773172,1014.7741033140715
1016.241791795723,341.29585620270296,413.2687677797212,262.9397422862614,502.62618886673334,4.957866995472944,353.81535858952486,870.9419308643118,693.3604462303359,21.744342841803707,102.19873968881974,709.0766403937735,138.09836008126848,408.7043311091291,634.723596724094,184.68929599188638,371.4985942753048,428.0473800859068,283.6251034117168,1244.7466666453386
1075.410312291031,359.95765426371196,262.57545823799063,184.47036928630007,398.87467646885915,6.075096493093527,322.7424540027404,647.0516166253639,397.90063426816204,27.27010637697125,164.23293838974467,546.112305084737,139.1736195311883,302.9754183423391,734.5915155460133,112.98685854459279,370.64622914287895,521.7457470942484,283.9761991780445,699.6004041708978
761.8746612334378,342.04456088798287,376.603276978733,226.19297331792845,365.4373647698042,5.058843665875509,484.0425554912203,800.716776927439,480.0405400288491,38.58579439118734,182.17392924322283,685.2178786324948,140.18368573895447,333.1609069236006,424.29504318583713,209.56093888038532,331.68298983025056,498.1471897405816,274.84368649149565,1320.627248110969
1117.2748585260997,356.73624708597424,153.63103776981,212.1871214986075,464.22443418341254,5.916344096487327,472.2143816242808,638.5309111074832,331.24653085461495,52.985549547204556,103.48170075840318,732.8243941719008,94.82305446373287,367.96330188145373,624.1034424942843,134.08997482515284,294.5663164454595,398.58377821243266,241.53528906590708,795.1119850213403
827.2247918626515,428.28106565917403,485.1483244147455,296.9899496461828,319.92884492934235,5.0882204756272555,497.4872198535269,654.4294206467725,395.47469471407794,36.24490183694678,169.23166033183364,510.7825093930263,141.44271393699117,530.6480087419097,630.6169712108223,131.94325052396533,355.5059391459786,413.77620600642194,397.7474084746154,933.7809023092757
1216.1254384770505,252.1930594433554,483.6650678485289,239.6191677066155,311.17346108165657,7.0777887177946415,448.4793767875003,641.8796925233929,508.7812020414866,28.853977698696653,114.09886626766831,561.7516476633408,126.52576053136463,390.4372804510787,322.4211218401257,141.4853761338267,348.050304944167,449.9718648102645,174.82946540280665,892.0436346694138
807.1780150245999,379.69615565627555,438.08289931073375,238.19965232586142,365.0991295878311,6.431203724409945,481.0865947800768,629.9473624068755,470.48488054209787,34.48584818408199,150.37186175432137,475.84745753282795,144.37524685866802,337.47918676461086,447.05340149036715,111.75236686239828,350.53357290187205,584.6358192254904,272.18153863049895,764.2946636667491
1129.1741227551965,300.4043331474444,453.34556893167024,274.1414881415722,382.65942041286434,3.4066856524271314,314.87132791366747,928.4941925683368,476.5778606575217,51.821932912081856,115.76043616142735,811.6162200231587,152.8138017731137,412.84747018177944,447.33176088823393,198.0230816935232,350.04457528489115,309.2958679493762,388.44512698701385,967.1007822277294
1048.0439900849435,419.6949619286185,522.9297885733246,243.7349893599841,369.24657389442285,5.322564751415996,513.3978540467185,632.6268578464674,395.9623489496461,33.68048816936347,140.76958902804142,743.0285775978084,128.02611908455353,381.8028600914691,453.3763465252867,227.30721572106552,337.23783537495217,393.26310816250736,367.87650792567933,1039.574744674927
1100.93182312011,389.4760426568162,457.88595509444764,272.1081878387031,400.56499185947996,5.057865662318268,427.7642928885548,558.9034408277632,327.731388099795,43.25958542615718,129.14165259947356,793.5079964235654,124.6499311347659,203.82432188385494,615.3510939265468,137.73202769822848,472.26870643629405,492.54577240377915,296.01457550421526,951.0155965873395
1004.8320987928715,405.66648316935573,472.7383962171884,238.10950137942456,396.8822835353394,6.013799469300766,432.48457190329685,617.4387997934912,426.23234950007054,33.814928910958976,121.2585448637038,510.42987250909357,176.9734370745051,409.49346470276373,502.6034415053583,130.9655487193472,291.7276267128175,348.2789261785427,354.56170556690455,818.0961787713792
723.2663904894879,459.1444706642293,376.76846157133775,222.20855779015454,359.84163765702266,2.966516820281953,475.7163019791319,693.8588925899994,432.2474167328479,39.61629708291539,150.248343770398,788.8815455744723,152.76713104502014,440.0981735541144,439.18412264102824,167.8735951444755,314.3228658529184,471.1378813752821,268.870629554871,1277.5031410754862
1058.4410138873097,386.21907462675904,476.8683616753126,231.0116386521543,363.9946080907716,5.0636910685367615,454.57443230673954,496.77456871278423,402.1820906866762,36.953856985788114,138.08209500682958,508.2641851122778,104.33388116215241,405.32256399583935,373.65256024378925,150.7299986291888,383.4098780173287,656.1404379628808,338.2998738854653,1005.8765013801883
722.4754149166002,381.31145777080985,429.384843453642,222.59870941879205,482.0770628260364,4.012403769281455,462.33568076728966,597.3587309595914,455.61806232226166,32.872862242964686,163.00025603553323,573.3544175970844,118.78211311852536,354.68376205069416,499.1559829831016,146.86699408370208,373.0835955716903,469.2997634981949,325.09622267007325,1034.2666598876835
697.3502445464894,458.98180956371914,283.6987458457334,282.0368899303193,329.10166438257875,5.219631460787015,441.9203971643714,406.35144058761347,463.7057920217568,35.12826823307903,139.14807236273532,516.309100463555,162.87292657854442,364.96637450979296,636.6352529071542,164.55297813068353,374.24458285760164,517.2854159521833,267.5496561123141,1160.1268415213347
1055.277784188259,416.5321853892298,336.7355909662608,187.57738149410747,379.21850369260954,6.113913885454604,483.3333686380436,619.6202998147661,470.6219854737657,37.05573805403502,141.5273893677932,461.93292811327376,125.25963026519241,353.4789764726439,678.5052298825336,132.48963986408287,341.0769750975315,437.4970028530165,212.64795704876173,951.4542945379752
1381.3108277566628,389.8834165275456,509.439022999249,269.7927763258656,338.5576183253152,4.855632394164755,412.91730946953066,745.20574254158,492.8168806389469,35.38027403716169,143.4729804975311,750.7575886908812,134.28482314188972,492.9299084092339,527.546526078602,88.855287373391,374.7121084224553,526.1945822439402,253.30486825543994,1030.1850035072875
1142.33983618142,311.32187917952047,376.14832338879273,276.650000062204,410.6539799745032,4.481728124881423,431.79592191920665,650.4152665039996,384.6276035898049,45.559005858325804,137.58155316318755,682.9433939328574,121.87720294477666,466.50948850958406,563.0738160004503,165.95601865453293,331.42776783728806,410.8873792083413,220.8147342806193,908.3588907597101
990.2695464606846,310.2842042856064,389.78080092830004,287.7352437269023,390.1912329142962,4.807082461746631,551.2253726261683,584.0109481643692,456.96842397432397,49.867815845773045,183.9344038397414,510.6653042611556,159.64611360050137,520.6967332092537,510.51436334666346,95.76216294723407,395.55385406419373,490.70097498470057,263.75582463956954,1044.4833412745968
1125.997717434389,387.08785284484065,456.46749675403777,308.22395494926326,652.605883211236,3.8254158013788597,488.39048522515543,534.1769338917095,569.7165793100941,45.04403808845934,136.77380854868483,673.6775649397472,159.9686645402167,247.41684318578208,501.1671915573025,181.68999173530875,461.6198783286642,440.1079191702507,333.859877418431,1008.3033206045529
1072.384580769444,358.6438514050755,559.9793014911031,260.1357491464694,264.4205090917893,5.737962580643042,367.7990910810398,578.4230083126567,632.8316521563771,40.17353998766202,133.4387925003765,524.2228518450718,152.3818744274193,422.58560757564453,605.1364391605642,170.72317807472118,474.85677740363406,437.60957487552344,235.15687799415167,914.0049645180909
640.028159598405,360.3090172340137,420.95028218273006,246.31441714503245,376.8970892261982,3.981578775789446,352.06547109908547,450.9003330817194,492.08820225754766,39.52797495136092,130.29888726855518,741.974994572666,109.4813771842231,474.91718492523944,397.58130279847467,132.15680621626092,312.6659732203123,497.51903414765746,295.8540310824762,925.2897831958252
1226.6358632029421,429.61725019156046,417.30585929398,240.66260551368666,508.61359956784963,6.044187529864696,316.82096774990583,491.73961737578645,562.4961679447263,46.157915860275075,156.2085638654603,836.2892343092473,176.69811540426392,414.20255256514946,500.61381709655535,148.62082432631405,441.3381427085551,525.7865815516865,332.5970900945163,896.643707908798
865.0504964287383,333.8151162934099,430.47508478534894,211.8166885595858,503.0801270066871,4.6818035464489665,437.97494638952094,655.3737283321793,379.01465437421837,36.94096443989994,183.72442410307292,718.982029422453,135.70072268350398,373.861536910563,459.56189403606095,164.0758843297845,329.5626484895081,423.17457419364416,210.5760823527586,821.3492009471487
927.0031286103076,394.01425422102034,475.2529719191535,185.53374721829215,296.845207979854,6.0315295506114435,464.56300383907325,512.4816682803913,483.58604409099695,32.704079258450044,127.86816913342389,605.571918753884,136.06108375317228,465.5898375964763,343.5861305287692,105.40823163972183,397.80105017414996,320.5354653277133,261.5126726164519,916.8280596243989
866.6549106382257,428.2312449528558,325.1029590266038,226.4400143479004,359.7808164871944,4.878238363281047,381.5999117021506,508.2238371898104,382.54987703672737,32.8988618649232,143.62629241325732,524.292068822658,163.55184698228123,390.22989882632237,548.3963790909676,119.60083117657308,347.0547060387002,454.1907849313035,208.75938654335442,1148.1324873911426
1371.4692499896285,286.02101249865666,594.3185059283804,267.7813720514357,346.8123548316276,5.304868487149177,352.4682657159809,680.9822010841323,421.0711690110684,40.5883134625793,135.64978395948822,586.6518288405961,117.74181654408626,417.06346321112943,424.8818466779884,185.0683439063538,390.99890445126925,459.79072239941405,348.5969136935822,913.734617292704
997.1635911217776,319.55476985403163,437.3413128446482,198.3587014571207,476.56861063567794,4.879533394801992,480.4011104265675,721.0188227860779,565.7432409202665,35.690902011648795,193.6929767352787,740.4038445980948,96.90046871877493,434.01260031158427,384.9458271713354,171.59551071466998,422.35492693910965,517.7925813457998,268.1730442648468,730.2003962807728
808.3792502878553,380.29956942936474,370.51008623772015,163.801549418274,260.3087847837467,6.114548519682311,459.14933224242014,615.4141447150021,543.1240160121383,34.394095090846186,70.42341722364245,573.5884467473008,195.55831044098613,290.41686599402897,586.48422152892,141.39059143149626,385.98065968429717,590.1850077952323,335.40832148228844,651.6177781875786
1074.1211403496422,312.4828682971066,395.8698810472122,286.10071753779835,354.4261908742466,4.9480727642640865,326.2144010262417,533.8332538234862,505.4556055485208,34.65972411209102,142.64467216975282,426.1885266326864,168.39208251190374,370.25621139555886,631.493756425972,147.27960977879792,371.6932046571534,501.5534115090729,236.78187266971327,945.551855279501
860.8839430886123,308.33761547849105,362.19069779170917,246.2182214374267,572.7164344910938,4.91118782782413,356.57587238757174,892.1744064506295,377.5934395455122,34.369008882630766,123.88483748045735,519.6145765654204,134.8721534408868,426.2831482472036,508.5401100891915,179.43664460164013,361.3537914143926,484.44988202309816,291.52583448865437,1041.6911706432086
986.6061211015791,304.6101837551757,518.3048823111901,249.23548328440495,324.3049720327975,4.9182494113490804,400.6095840552213,553.8676535584552,682.3939275877235,41.51661029268603,143.06881965410042,749.1153528173593,163.6856554389014,459.39603536633035,487.26641936404076,161.5677350379425,361.5014790110419,654.8107629477582,248.14644911655003,783.4646112740268
1002.127924749247,345.4055543771715,565.0214347259706,268.7806141470451,475.7369392956367,5.598647955465114,422.8749997825936,760.2128492748195,413.9386421074837,29.979556171534632,191.5820015230787,714.2080946747142,129.8417308970893,334.05146695581493,593.557453425653,150.04911033848887,371.05101691552926,347.5841223394698,193.8647256084165,942.5244344808459
952.1297062853318,358.2048155544412,358.5535717071284,181.9190570912371,274.2842393292911,4.718089973267987,443.0553064984597,567.6684041387364,511.82594528826735,36.41023036825824,172.9008988616011,748.0034239396017,155.25694742413236,490.57597423080307,364.20587398890655,190.61020026032986,367.6779692470763,458.1461542120311,218.8418856089637,860.0318729748509
854.2773678264482,237.67675630417295,398.89366368718834,262.6649077349217,420.906993551833,3.0218692966288585,495.37634552697824,604.8655714306877,655.2668151733005,35.99804742174028,151.62184549434704,857.8583784299431,152.69182133958873,442.77152458685003,474.06602650530016,149.17290317496955,372.4352934617732,478.8459806912453,309.33262733003426,1141.6159735247286
939.1812140809441,413.4867500141139,361.31164566016446,200.01345602217705,418.20151075786777,5.081411006190252,456.8106349941524,686.8863511420125,509.287233855945,33.54743036329874,178.7654522956991,701.519367531912,160.30768594042317,298.35250763421516,607.3345944791628,183.68375139060473,363.8645123208392,619.4107856863435,399.2262880840254,1041.6833657687514
776.9587768268184,378.16893477658357,491.54313764075,242.4712907530992,368.01679656491757,4.321780877351158,438.8996478584528,516.008700580248,610.8489262487689,39.150963033299575,197.76267495512604,557.4931030019999,115.76554806042734,434.4729546594353,535.0225914059839,144.89438431179525,445.3757306269823,399.550870807467,270.8107025892377,828.7077864635521
1203.7472151639424,447.3111003819581,577.2948001571266,240.0366323200189,443.056068606309,4.259890284860639,526.037156204828,658.653771908805,367.94225828862193,36.85446997935174,170.46393543830277,718.7090651342531,119.34419123682093,393.46084211090005,554.6227826926377,143.28642088259568,289.19334407882803,398.70751896635807,219.87559444774234,922.8255136712185
984.553161339703,413.97163289701086,436.70319898882155,232.28593226966495,406.864424512195,3.7769865422290607,428.7581685561584,683.9658627840658,375.3313096222258,38.93989934440935,128.03293184960694,585.2186728883598,99.56421130385279,539.0087716543866,570.6220125722128,139.84661817855482,387.7095692768364,504.19194066273604,336.8240204351685,792.4148388342335
770.4550908615843,420.4136202217057,421.7888114425464,250.01828348075895,412.8545179410367,3.770583104358069,303.1359113682331,835.7197283525891,490.7761654523775,34.11154144695808,171.09945840482516,598.1993179734466,146.77382652595688,425.62771095024414,506.2647795189149,218.43495265272597,298.6022591854835,541.4118655032695,262.70351131244837,623.3206505082029
831.0620114627025,343.79118171355884,399.9271184025462,206.00279986315127,300.3861216544643,5.335895172355539,477.86862788275187,590.8291679287829,497.15367359624634,30.618837880125334,138.18196735678092,405.50740948661405,118.43779454836651,378.59938473147145,614.5171562444509,215.71294548091535,259.72008205266417,451.01300939477306,363.77103503785645,1112.6886432355104
907.7172708959953,343.848617542129,411.760278991797,112.6412386218451,353.0998195443342,6.5069463011441835,264.22292316251276,603.5740993854587,578.2537926125408,40.49728657658499,164.0521794459782,592.5925264629468,136.50209806747006,313.623974756373,571.2694777549013,139.4636666520827,367.39901055315227,417.46054770488036,257.82842599269344,889.9847581271313
851.2484182303338,454.5081310315584,457.0086853038474,178.804653213854,346.2631047716374,5.000230958869887,443.00176067880193,593.0084710188165,344.3873674255136,32.88003525130658,160.43098538512027,708.783681760608,141.03163119234785,459.75221402544497,479.38293807629515,155.6132552104621,352.821586026302,545.7273779445375,338.3750167200886,886.3685982038659
1128.6364801699278,457.3330781658693,423.3265332722657,244.93239453751312,289.6654999857162,5.694289390504252,412.0562343814825,453.65548449728294,631.3406370326655,41.948409627196774,110.52229936822587,393.65719167063696,180.37801391114434,470.8836707394141,651.4973594553503,114.15543921163467,106.88140883460719,486.93581067568425,256.7754820291504,771.508883398775
1026.1346545305307,384.47127213713753,457.40796763122523,239.29566099803384,360.32279880335597,6.204834110178588,267.29053940101085,568.6945024691705,476.6230647804659,37.382828412443025,132.7443758110094,521.3007353716728,95.38352035698307,442.38300516884635,550.5260329475927,114.26315641342651,287.84771561081203,446.0841060104901,351.2281244093952,1114.433187449487
1105.2908683876403,349.2838771099001,498.73430453625764,256.74649699910344,291.41051654031935,6.752186768108309,374.58714502310676,834.2856069668363,372.897072525047,40.06952909664819,115.93211407201673,584.1140011280115,149.42376258488392,454.83792046934946,544.5829342828614,131.85253837661244,326.7849239750116,603.3675868806689,282.6732705479192,935.43831444702
1050.1718211786733,320.34242244953873,454.51594655376994,251.56813425366062,438.69973654478787,4.301581017816731,373.6473207118491,571.1847768511893,410.47427455972525,41.28434246176442,152.91964335878328,536.300952524118,189.94386551740695,474.2962115161557,542.275368656907,137.7211171581314,381.94305637320355,527.175852696375,292.87748862716796,1132.7299848160221
831.8555426007008,257.35036899345164,531.7278550299084,205.59746932792245,338.3908884062255,3.9694638324673255,353.9429301360997,614.3072653484421,458.18825966451215,46.90690587723298,143.41901044729465,603.7601874990479,96.99745136359626,452.3225154212124,509.5292892825345,147.92787656191874,307.8586060968764,324.4584793150245,260.94963906914484,763.4535323348354
731.5315615286607,383.3438015673549,409.3023500815458,260.0450052586342,385.3183946916405,5.220631403670672,289.1589855904479,556.2607597074007,355.73204241735505,38.80140602973307,137.46474466522358,461.5554201649538,165.67956373493544,379.0489002203767,519.1528471379311,168.71464473070213,495.69251323169055,468.02682107763076,197.39014591221022,771.4398500669233
940.2169049359812,363.85373302420584,377.03481834074205,183.77466187439765,413.68745859321433,4.91223716086584,444.33527002846165,725.6025025486834,542.4002808574656,38.800010536377975,154.79262138775084,626.6347849606702,137.95466733150508,400.83671544964204,488.3960548110704,173.85624757185587,363.1938301700003,568.2626017187328,279.97414575044456,1214.227881756606
943.3680487768447,242.14163102583126,508.0465372208234,307.3298258285232,431.1818096434357,5.8316705264150475,204.31660678632312,637.0346376611536,616.3839400174769,30.145094631291236,167.83473531393906,841.1273817164022,132.6376106992164,357.6847333662649,507.45728806178516,140.0109934992686,327.75455960783046,516.8448269164285,274.30159135639076,938.1983459693831
865.5018420796617,202.99230400504666,399.661643615799,255.3284509597077,430.00585069078215,5.6742537156720045,371.03952174891594,617.3560477028765,532.489667797304,38.533896715522246,118.57625842969307,543.2578465895303,127.9038359732748,408.42959814535163,552.6595124077995,149.56076665025378,435.5823232921797,474.8670657673732,308.1770777650685,789.9640771599342
969.5586604767591,425.5503098390573,284.0916398366617,267.89925236581445,406.8342057770219,5.570326765856417,340.55572730918595,675.1872467467965,275.30350291777484,47.27903375037093,88.80965500677354,632.2044443282962,149.92196006214436,444.21535464672354,603.6268596741551,200.39558974670865,343.878595558405,351.7854518533582,233.1273465348721,958.757858523241
1037.437266692794,370.35841654121975,442.44446451388114,190.9315580069148,397.2198974125803,4.964626883452066,485.2016654594199,578.4860395247827,238.59725235680844,26.92300319960764,147.03658787234724,502.5212873366586,167.56223076536315,530.1156751625831,532.5757715877435,118.60194762627748,393.8565478928413,478.5680702760932,305.63999266696766,736.3712789978206
946.9117426350067,408.5157780899897,505.4764108412895,263.9023391441417,409.9552350995437,5.771010534624301,455.40814222613346,751.5803782613738,434.6593765646829,39.20267480786001,134.80185636364757,670.5478364802256,110.96254317210153,543.6066536143662,558.8448718847984,146.83926521114654,370.07018646321274,519.292342096736,233.13823266646574,965.3963013422049
1225.0848395491105,481.41988878209054,379.70458979676084,186.36801792121233,368.73563032731096,6.2949032048133535,329.17019983072606,632.7717203004579,469.0459422676285,30.702695119563977,105.63339845420111,588.3263177395738,104.8547767066832,397.18228826212595,661.5137354313547,149.0775105879561,368.5529925364191,496.58712283664886,268.96725204163056,661.6053349015745
1215.3128783966526,329.11175969192726,394.96563924492085,234.4731594060748,283.3137132891468,4.579147792365626,405.77962546559854,565.6169196745863,325.63088088951645,28.18828877571005,142.15871677986803,739.889755733231,150.99743542764736,433.2830171554566,556.89810789705,154.90294129645432,320.06748024221525,593.3303076445566,273.77397840843776,846.6968714657281
880.5205289362667,489.8340888678527,464.51433910023934,212.8476741337046,347.2806150136464,5.666018187906818,401.75033188653157,742.1882370384116,544.8536006182097,45.82659748151943,117.25901382101975,508.9431378116774,120.00183386198304,423.07827643789267,749.0854359429256,154.62632482561258,336.21922054537816,493.6683987122778,285.7462083318559,819.108280024259
1008.471337458801,484.67760627089183,386.84640261074946,209.6339583240949,215.9854987739827,4.91113328888224,436.7739574640395,802.0862129913007,452.5555116511442,40.702926681046954,130.9737242262135,626.8603787704166,157.750315442621,291.16535527662063,415.6161716200322,143.66997510602977,377.47052702392546,557.7517704586138,284.8854515567547,558.7156654405941
893.4826760283634,470.9403759662719,544.3132207165456,250.49327311399279,418.0229274618541,4.103363675306039,405.14706251335815,722.5086976911778,507.9383535900125,44.84623872962771,173.81617555188865,578.8618157572204,153.50990703643402,323.07830624402465,498.0286635962983,149.53818265613057,405.97726961849304,396.5261427447474,324.87314706986535,908.385029798027
797.3067110050257,328.3629838195908,431.9014404588471,199.52851976150566,360.43381907383076,5.972662490184293,422.4989576706041,678.5759460914785,424.58006823360427,37.61125461261001,237.71535220594063,700.3400784997696,144.98889771687925,426.78887984070695,528.8772009852107,194.1480089402971,341.64242629147384,657.9777643902839,263.9270377287188,878.985386884137
700.9670516581814,277.0443386702413,386.4948070867574,243.8648942309808,429.8755152021014,3.648157269500702,414.56267157888334,633.3789897698297,420.2333231486805,32.53683908827552,97.76621591627152,712.7679838744067,156.4811971151781,384.4200494389234,471.07744289602175,179.31619246410258,363.00266691897525,329.40920655581306,282.739197329704,643.8767597419597
1054.6251362619078,227.77266292186894,490.740671305843,184.48125043259947,423.6074150480687,4.480247464941459,487.35040958438674,530.4897901397597,518.881285659613,48.46185585989369,208.31867923471935,515.004023516992,145.01429223464228,240.58285586967193,455.8056384917263,177.08117464603595,332.1105394385338,496.90717293687806,265.7635664497654,969.4833234367397
618.4572736150876,493.70126845450034,449.8871615194443,188.37250396540946,296.2040605163056,4.906175957381203,292.6656253271526,690.4616347198669,226.49898154672383,51.693453553822415,176.82602606197884,802.0413786916205,80.86609542698591,424.4438084739968,583.6424028526222,151.09530675727459,466.9673514292193,561.5620606960982,297.5136113639686,1000.5466324833374
651.510956045701,330.2164761666398,464.33171969235093,219.52214089161484,304.7187074512275,6.06141019521238,394.5984768262182,536.2958085462782,755.0487027683218,29.568377550407984,131.222052402025,557.536654161949,131.2320608228779,322.87471354111375,637.7007035735171,194.98590960770107,281.79177951092885,492.1662499273617,306.46509718549436,887.8180072455099
1033.0877876213535,351.83507205721475,198.25914825975264,178.05059700130025,411.16866458392263,5.929258457744895,357.29448197610037,557.46222475507,546.5968140496775,33.8217391743596,125.55956439058224,733.2528900284109,145.75214596804946,432.9876258823283,490.9149537334778,146.81529862777015,365.28449853019924,498.6304854451691,300.95570020459434,984.5181797837446
1085.567508403329,277.73795319416854,519.594269019825,270.91586227168995,447.0404108555902,4.067196461700292,421.9391488935432,393.64456600613175,554.9522861581671,28.47456966164355,174.58310384156115,639.4067271966863,139.64219645415307,393.8869400682036,549.0856132888088,124.80377241055271,396.3037702593105,511.87918048645616,179.9430998552699,979.3541819936639
1079.7439481614163,264.88577517117176,417.8669069207363,215.68001244673263,298.1642153935371,4.153602409101225,451.3086274026807,651.0368442195835,588.735247229338,41.027784782846034,120.35372968689101,637.5844630540616,162.86586184353996,486.1866151070611,549.688392631892,129.66717171747263,420.4017136384927,481.6616579256027,317.13132797726934,855.1369165383068
984.5435650729398,327.6849333385987,348.58018490016747,250.99907605014283,349.7347855288465,4.689685373684303,418.7304908294902,740.5688471625796,516.5247531484146,29.463127419782218,154.9299977786038,797.5103439135848,154.7535014821691,359.36108836043263,623.980676500529,190.4790462931034,383.4648354643252,497.9344729788727,295.1292310312204,863.6609956005784
1074.0991088595144,396.43461892750327,407.4074660677847,258.6752952903802,302.36921347788206,5.057153836671018,449.4784692410534,604.3962290844963,518.9025709873265,37.85746816196058,149.47169783025342,767.5726344622411,139.47228309476975,524.0122331907037,475.70965846542146,176.43796304130166,331.09699107655354,451.1243557612087,344.34712145884316,800.7368539940086
1140.552797380307,419.5003837631812,395.6451907352243,305.7497115034905,433.15001110556597,4.657177974431792,351.7950279163958,805.74031447408,343.430239249201,19.092053571304977,142.59432833519742,660.833871229076,163.45238260199395,349.8845509404591,470.6239156779847,147.94395255310917,390.7141339093085,500.78937553755827,267.9210969372596,1380.6338723740457
1286.9456846970024,378.54983293610655,408.4261660468041,152.12189234852445,382.66527500138153,3.5167499525601484,625.0964346804958,793.7992575268377,520.2544239128844,43.14599927247693,169.9845935119047,569.231148099053,127.05697199109892,350.7124385113299,539.8600478390377,164.2159448922852,396.7695589976396,441.2580498891226,324.91371603413234,770.1353063062525
1352.843959191812,399.1243123158384,408.2567642477557,198.34118553498635,386.22199324718883,4.11144765809975,364.1832046678102,630.4449328972153,508.11982231344814,39.569009234862335,178.42355692647317,645.3316609036123,131.930425229006,346.741200708053,508.72839111575064,136.04454215299296,458.74964643156545,435.04131253688973,295.28579918103014,707.0412404576861
670.3316286930714,447.2519373951864,453.2154691411938,220.51390062281675,526.4936245437104,3.5366631520511698,429.0737330058755,655.5615664552759,334.93263741867236,39.17876146336277,177.51422961276563,727.3089963501718,145.70703144050714,346.2070783913093,571.2465407869324,150.247384532543,395.3609711835601,375.2778339206467,274.94072333392074,794.6064147465697
901.1756712872937,457.47708111934685,342.7897507406856,270.74137902164716,392.6995081220879,2.8349264221253625,322.2564609914803,738.8967634812611,376.842432138198,38.84419182520481,147.98939282966012,711.7003525979417,151.77910509574582,373.67753084252195,597.8564443237412,162.23867014763513,423.49148381084024,473.10556384302583,275.5840168259142,1243.7918399677455
1273.3820443606317,446.34460085406545,484.5625266219424,245.67194324395643,434.85009147913274,5.820364034877562,528.8148797348151,561.0689554446577,622.6702840280993,41.453994378399045,162.80236258127601,708.6464204641604,119.59760591383262,437.6329743771497,493.2810967784077,134.36781488228596,406.060208925722,269.61803600931887,316.47859296086267,940.2408205089569
1126.4568666097448,429.3988671969292,528.1179897818931,286.76741405375225,409.01145178452003,5.607944925288683,440.4927724284387,441.98015773214127,580.4307163875933,35.23987876704125,174.55900108124027,663.3451842754133,143.02730000430284,372.33411829571673,584.9823644435859,173.05059896950436,366.8807234039338,642.9463191311006,328.69185210045913,1035.8241108641175
639.0393821119866,563.1732961884657,255.76751052969988,299.19269897726485,255.48875781255967,6.525326183870161,485.2093871536147,475.21089058184975,638.954749279897,39.91744385882622,128.50062902666258,525.956501784008,111.6622140212107,287.23901094817995,651.0075955953196,209.2870707491636,356.41579834275495,504.4698182384431,330.3038610252403,1249.9007251066148
1014.9182981018705,324.2841391565921,455.62272539620966,289.88202094239045,403.77359411909094,4.675927790298875,418.0785088599065,684.3552880466539,509.1118141464236,30.114261136833296,93.77405593641853,595.303893356761,140.05874953135736,215.89429873336925,455.972909729541,162.82202924981738,484.3387955130885,448.4012082696088,295.3702484018773,1190.5131694654808
1077.7335379487274,451.13074087688153,320.25848580850294,210.44062209001754,390.7915047942903,5.578033583056679,397.6113749925616,492.4153466947438,374.74489047754605,47.34030035897879,149.20426580794663,571.7691029231937,179.68314967001066,452.2465360560444,419.84375102979783,177.76993158097707,268.53856411310477,512.3449985458125,273.15148192514374,1092.238677100444
1063.8252256672085,345.8104211021566,462.1610608878068,277.58225950782514,236.10992277864057,4.742497593219269,365.22945187635435,609.830512382795,505.2455286938937,40.692300991511225,174.0297638055505,873.9924452048684,101.33075209061722,451.81312101158153,585.5101365775139,156.66536029834032,402.5077271172933,439.10508822120835,343.9952994803141,876.7335560254761
893.6310886483764,369.1465459882795,425.43164773932034,255.49440230282983,318.56051480812226,5.4852401097423575,451.8911785563666,575.8977593804428,563.7797072544801,36.77814908675947,180.44847148186813,594.1657900830578,152.80666949832997,452.4043048812607,510.68483441109436,119.47384559673898,334.9555661075348,476.8811444030003,283.18818141465124,901.1178371568319
854.6208270349027,287.69494732952353,386.89657698945007,232.92963881580198,460.83559799717625,4.208906919873257,471.35019686416655,670.1790341128192,339.8798265036125,31.979919829093244,152.43204228725511,720.8196070602852,161.6957106188919,405.0715753558438,541.3013536527822,199.77973149084656,312.5497087930472,457.3759596944383,270.139229906303,988.9844844164503
1051.2249216249745,437.96297542206025,459.47164954891343,205.66142660018596,378.1994047973043,4.9003343114169615,430.9751203343966,755.0840593072932,516.2105756056832,42.768942482447365,160.40646571261374,688.536075027458,131.44439255963223,371.6805801467234,501.7662610332499,172.47191432940224,387.74230835740195,600.4675906573586,285.85758269867165,1088.460435899554
1034.800882756699,367.7901590136668,333.2147138221442,177.9857088911052,460.13180820435906,4.106039525304112,375.8395531331185,485.2061424679748,406.1142783380397,44.895396312125314,203.67126485596995,868.046761007655,143.21782195558123,489.8029081421642,516.3949054535448,151.82443635732153,259.01987861784477,459.85176695633845,280.5907042477554,1007.932140421965
1001.1489460488768,412.0335687489118,360.007102545935,206.90508853133696,445.9900443537913,4.638825193514437,414.97317704583446,604.739314528986,503.4165346097417,31.823025262078055,185.7738661761699,514.182477225291,147.31216215593986,408.85359984765404,563.6373872595434,191.99483071580894,302.2543313177059,418.679897580673,253.81644992823917,787.3230155458028
1073.844109125142,333.75094378604865,505.8818964337603,150.77119558126049,309.97270434477446,5.288510055863919,324.843453152097,849.393537371666,366.1119321202735,31.808825047208654,141.163300977663,693.3633652323588,96.76489840499431,433.6487401556798,536.4829940904756,198.49430029795582,388.32329390872405,414.72291179852357,312.4158386886701,1073.7902042109476
1010.317661645913,442.0595959726545,404.74303667132386,213.18055609483804,322.63260919060906,5.508093606727061,332.25657066024695,680.5990112072873,482.2383685306524,36.76393228842891,122.25233123888725,577.0076839353383,112.93563080258083,308.00856265662424,354.57433124780766,153.0929567767407,359.914638591151,517.5346959015035,360.11452352467734,906.1469300781608
967.590648210316,336.38104643281173,447.34993792783797,212.68385356315986,303.3419170730546,5.680488329746927,407.37307390091945,666.5823829098239,634.9410925130423,32.274108413396036,155.51576125705492,452.3242830151986,135.541889006603,371.9638533264956,574.4380222367424,138.80607597139684,289.4309738097163,504.35792844887413,255.63922137331016,608.9651558773749
865.2560294871377,355.42938293182834,524.1553342636855,294.1264548853033,424.49595782416833,2.4285716572565565,323.23039927290273,616.4772101486702,531.9898554119408,43.95162865384367,179.80814179013385,793.3359063674893,172.96956167737477,433.3846060334195,588.8656117715618,175.7245483702165,370.0564376785071,379.1041905913038,314.9001987435486,1287.1683679992
933.3774194523616,374.70537522413485,421.96039792791146,219.33355120598043,452.8360356304195,4.149273459285789,380.23928111204077,494.8587167158662,389.65454470877273,37.093575792999665,168.82567709263984,555.0719882557983,148.2511340320284,428.39011832440065,419.0022650282827,125.44205888931833,256.6226059333468,588.8652318065601,244.38426670395785,1198.080548920398
1042.0275592478356,441.88924482737445,340.1088091071348,274.9614442511055,260.7941360736299,5.027854702974685,446.39369306687934,538.5038790207216,604.12398510766,42.44417718242863,148.4931696859444,587.0796421202659,93.48871095690038,541.5247675949211,527.8714436618228,166.6150398780456,333.92936668517586,467.09223481048105,335.02043156828677,1001.177121795945
929.400355344683,405.40771393703307,308.2825182535893,332.0332413022272,464.97681719723136,5.828316323038708,478.18754422832853,456.9990361248159,411.32580625613656,44.49324957571649,181.95823095222016,818.1193500150052,99.02216391807984,486.2617828516196,476.99189912606187,164.92134720505788,353.98744774936716,626.4088774894743,360.0044786130298,1007.2649842639264
857.2662831814561,367.646247925244,456.070448128284,252.42016585786195,431.4417352373934,5.415537887570013,385.0186180253842,688.789352809448,421.4113236166733,31.411754912128245,144.8624836410005,498.3907208622801,97.811181681472,432.9916582655907,502.99903456217413,117.83536949525339,354.2067716114372,454.31468701525006,224.66779207318245,1143.0799815120834
1131.0406712006352,362.9614450567048,372.2713889662146,215.90971467061857,341.14669913814043,3.480683323480333,471.8190133006299,873.1458410025853,515.0122914922433,44.566012674937255,183.66077574059943,818.8449664279315,136.39357657542004,572.5534470759862,662.8600963276917,132.33066377042417,375.95786371538975,503.31809706242075,280.7668605590827,1103.679659131603
827.29676775808,459.2109536945002,480.2526320454458,241.538275525058,368.7311072165452,5.438965033586921,410.634616018436,638.9106576640389,474.2721655646466,43.32431571400252,181.28724252076543,486.8796534451433,136.37287610777366,330.65601103883665,461.38175205564306,138.13977412020301,167.3002017592961,725.5243174380453,322.4225080207368,575.4456671825851
1217.1448075174512,421.1340027469224,459.43497020260406,228.5486239866828,411.61311113349456,4.542372992088652,522.8768299598139,692.0810246882713,572.7522976200803,41.67730416402888,127.84879460093146,428.70138806053296,138.51498569256955,372.20236525277176,509.30168824962635,180.85904967619408,213.34672624052405,441.175585588579,373.81958444646034,324.6080845213827
693.1629767903161,397.31224152642386,641.2416045418792,200.16424483927955,282.72420353096,4.558563412155126,313.0345180268983,730.3675803295896,540.2214661612135,19.437515928442348,137.8141264914651,756.062717962777,102.96433625956698,444.17821734238106,426.11025338238426,158.66178630905785,217.61387103553471,274.73360094805844,213.19012497040228,735.8181763618203
1027.571632643218,319.3824042783175,268.1136709184834,209.13925968923138,362.6391469063768,5.320588187533227,407.567678066505,633.0283933795266,520.3421003552344,39.12799807264685,161.8914219033784,419.96544479310853,112.0390448341069,378.6603546539838,428.165159899131,126.9104522892614,346.98251080689363,420.38816783949255,335.70117765307697,923.8116067824544
744.3897020564141,184.42408037795846,333.39729811802835,227.32525383646782,404.69582869292043,4.855854270400056,484.98834085061014,510.22244336941503,409.94688002708796,42.997934874014945,138.92586317252687,544.826368531071,164.5792007875734,424.95953998781704,526.23856065484,125.11282432883282,395.6772870108988,459.67545760645095,252.36367404527795,946.8278871545643
1076.186040940455,312.8803418459938,469.6812663342593,296.1019672041574,356.1802413121696,6.011183317513887,425.5079761228894,613.2367847776922,462.9970772322478,36.723761009348834,148.43227670965098,590.3184570550941,139.31851765859565,460.18865029286167,437.26957067550546,145.2651536404666,267.0261496194443,598.4455826402979,350.7373157429045,1210.2811477018004
1004.2724203324783,386.3259746130028,358.0573113412301,249.37650085677484,390.92352120596223,5.88588900630008,459.82712265664344,605.2936683702848,435.03556582131176,32.799681219152525,164.5202392373957,533.8810495220584,154.32693245518485,305.66188792192753,358.77894764392477,160.4388074956053,466.65458556347545,504.68503196567667,319.54569201708915,1184.8585066469823
1017.8647996149625,321.1996713343788,530.2774759508756,162.78864349225444,374.2454146760072,5.200065939794774,506.2424182769756,617.7665112688725,374.3792160945001,35.461711441417236,185.5647055046152,713.7348625434056,153.38824833735453,216.12640484241825,405.0398011115507,135.9889943798881,468.2115859336645,296.3570715166151,316.2568729543188,1206.9388828099848
1071.6761541212902,262.1030551459403,390.17647822016465,214.9622156198321,464.62437208697315,4.42536411583896,454.3022453034808,654.1047704897846,301.19530380077526,44.42590329891266,149.7987436183884,623.7421042973617,145.67935601345016,321.61547303565294,424.9024318797862,151.84793841488516,342.2703506301081,509.99770827253406,333.5519152899734,845.8122198516492
906.2144047994019,427.4186039681915,361.79896780536603,220.48859753250503,308.9643767462196,4.00153680785499,490.5783276585339,474.6198866503056,364.90764415323605,32.78035295957354,171.2792879895739,650.5128203679529,125.49781341801778,522.9125179420685,466.49198670689947,119.71725318431537,509.18470459986327,477.03027348129496,317.4561186815836,837.5361604007974
1229.7422015056186,368.5815073804247,379.9242741515928,260.5067211251512,321.626158210894,4.064281322094692,351.9501191774883,562.9289913487368,395.3269927782254,42.969932188411036,158.91683859308358,619.5217533062663,125.40800279180083,391.441494402507,622.9015524169544,164.95829175381868,338.0081364607877,485.3633109870023,271.21573031576156,1070.432550329746
1179.52982346821,296.45969394692787,517.8837101076807,205.56283596848198,437.9178300429064,6.299481441529142,391.86601267460145,498.30657072060546,482.6228501175884,43.092983559597,134.7954133216855,646.4785311124311,139.19164760299222,346.2211316894816,528.4421269333261,221.04620122502837,446.00626560905124,518.856998415972,288.30253783854533,603.8902503605718
778.7313299461538,448.94822146680525,447.0328510606969,196.09774371900707,380.14666269045875,5.7326354855445025,417.02970814523326,714.8256695887683,509.45376467412814,42.55497444638681,178.48808532920611,627.0297909762145,108.81987878702276,350.8094774275596,604.6811263263362,187.2107740322478,333.1601648413798,485.24829544342896,254.27985416369907,1123.0572760873633
980.764794917584,328.4809402564091,348.7120244214227,188.32101819837072,408.45112400861944,4.443734886053339,332.2131497444791,641.0620769350666,569.5811418780778,39.16319454904339,147.33559998529677,783.1567253116967,145.9572640773078,411.1356962536719,512.2804908085541,147.5475983622237,428.64150487070316,351.17653458252903,334.16273521531764,849.7492933156641
638.089677494798,401.8805214945871,405.0732451811075,297.0806692793066,308.8746056504714,2.8014588180259232,408.8384438186744,563.1006757807727,423.49949429035433,45.27835829529865,168.53996067458974,310.3608420659695,104.86841467584694,608.1779478447585,328.48776707071397,142.75753184041167,444.9739046496526,408.18616021431535,379.779813749869,913.8576606005281
686.0749418413313,347.72241748140146,281.1872325377041,281.6290663206337,323.97129088917643,5.71269845658903,538.9166033088238,650.465164156483,429.5458699520389,32.21474795263833,203.05787148085267,780.1643134234289,175.6477131977781,433.70945220665686,555.555723856,129.4914701007227,282.05717835481244,434.0753565426985,168.74935695502558,628.2655862795696
972.8441388080329,261.86861898634334,278.96609973055354,294.60455796513526,394.4523598066847,4.668317416960938,348.9460114932341,367.2305300685931,522.2907724888508,38.33339437929436,180.1219099191194,873.0053352204853,135.73435798269927,378.17103515723136,347.95400224878654,128.40646129322587,335.0447707544418,519.1496272143985,209.92636209615947,889.7829061499216
986.2507951625004,292.3339869233013,354.5696736993918,295.34043809709925,391.61689549685883,4.109811239188333,440.8766226008936,560.6751901131968,607.3728233156394,44.99392953269665,123.92725162753074,456.8890982028054,121.03084616649956,301.49890164628215,593.8591585383995,151.30586667253786,305.2603080667562,583.1379491432542,353.52886318451857,1006.1314639469789
1120.7918718962237,330.71002860519394,367.0987165517283,182.71153904947653,353.2900228867322,3.661420505095605,432.605548260552,632.7519775696557,487.7733221787746,28.39240839533214,104.2657883292548,824.0287354131684,177.50149015069223,445.09639483330443,580.5348824440407,117.11741090350732,326.3907834435097,505.57416896211816,367.573876020674,932.0804932503187
583.5769392584996,424.8409526821691,448.41195549346895,174.28960231915124,338.3379985452242,7.249150807811354,395.7396296739212,531.8649385609344,430.00860773608144,35.33938084782888,186.00191809539507,616.5186142937973,176.44612836081245,513.2349731577596,606.8070379765184,140.87629261557396,387.6893399649021,532.9011253909719,220.75409610946974,1158.367613407599
903.6078600456907,409.6979937670821,450.20528957718045,115.02109146443165,245.91979678886364,5.230507161438482,333.8201670318949,846.9333085460511,463.12632107139257,39.67653385485542,122.98640253023117,527.8771987366014,155.09469774117485,519.6442628827721,507.6727968344106,125.21186385235522,327.0486081670977,663.7161864111683,305.70840230942247,959.247153984514
1163.1518356774034,430.87026159186956,392.67796322779196,256.53895341054965,460.3170947909303,6.116259975609604,371.275185389869,605.4791537862989,429.7365014748046,25.926199638850306,188.0775829748329,606.0848779787149,139.34732209459148,424.1129317883931,431.4181788194968,167.81392846086982,214.55073184072802,359.2675986157567,381.2292470960751,1156.2301777600737
861.8750978467691,310.7525169491039,446.08159633091816,201.47151316275767,259.11950173667407,3.3693200867354136,415.0221076861232,452.3373163872018,368.27542642228195,42.81974778569859,107.58395827994252,778.3495875539185,148.41148365956468,375.6377441056982,606.9208915931061,185.7594816468761,375.6963499305479,571.5548622292565,242.98905837712255,778.0194272540638
1117.0577956023726,389.5168690064966,293.31554900261375,236.1444849800179,266.93130597692476,5.330760652693755,407.53887982293713,527.689249891627,444.0905183478381,32.641709490763176,174.42009023336402,624.4052334668941,129.1936238685011,363.2460357345372,625.4303314859106,136.34812564014817,402.60277575436965,390.83142974431274,276.26510541359806,827.5063842233774
1072.353427165145,399.5917160112972,349.94423875227824,200.13159186653004,387.72316145941795,6.0077688218395355,481.69510891415143,667.0935130875646,445.46460650898314,41.8580064408973,153.2976874968862,467.95902325785306,154.05560738596193,314.20980179844435,479.5492738972957,146.39308454835714,371.5422072235976,465.8113082527539,356.4250492685676,1030.0171688712367
885.4008802083313,243.45285525693814,374.0618881149355,186.73188630934845,328.7821494916635,4.926679985405924,387.2397281583538,550.3429722993795,450.83980326205364,37.6877883120755,185.1577715674641,804.0003756862222,171.64142522654492,463.6221038891235,358.0721770872324,118.17101479517889,395.6300739326371,547.6014441871091,294.6321507215485,1132.643284267962
906.3993741490223,321.2815634009225,394.8062750831292,223.40651095612066,475.88955607485553,5.099188502026732,425.5600615670734,571.5862523074213,495.5253285583868,33.642428934865826,163.84546639883942,589.6503885261377,126.93568616146695,446.74267532943827,419.11570331125046,160.58001100532417,392.66645347673096,481.1951372017033,266.8062998108256,851.9580462312383
977.1463559334134,179.30288135573323,504.17445290502604,254.69775802177773,351.362073654361,5.42249972929755,378.4661250132337,627.2484673568114,409.6722616317559,27.528905116711428,187.0136061413841,712.1801164639379,193.7827640387996,504.3533363543407,426.80206914100756,214.72852301403788,439.55425202299784,490.7009040857288,254.60877743096137,1069.8458107082245
935.4902057603207,353.53015520205656,304.334636062075,233.0711648618128,292.18679823204025,5.81994311589964,370.68300098930996,832.8716994591501,635.9269456221876,36.078328500731104,129.67700731682268,695.8999740417191,113.76270570924935,343.1138848785597,669.5793146360272,133.81986232395707,411.5258098370923,588.3612149450887,260.1555409688676,822.4519640433612
1047.2585237978178,361.36413753772655,493.0708566227836,188.10534633015135,378.6774983744747,4.039126895305642,389.53066971946123,551.940557044101,414.42030904401946,32.507057301239996,132.71585681960624,827.3528441701128,171.584848408273,391.18820521910476,641.0474452162284,134.69662916270352,349.71817492134227,642.9828905065709,279.1882526919761,1135.4900508557791
1045.9711979662404,391.4034910821384,375.8099490848198,215.4332456415559,393.2120274398406,5.070909693035976,352.7645325626494,514.2478295210009,516.7547137925529,32.686481321857826,141.33247877024004,498.37113708355423,145.83342089783326,441.1075673033089,324.79394410576447,169.8678487978581,246.49350480367644,432.114789063271,341.41778677543857,813.8697761536291
815.943513250774,541.9568911187276,506.15912936545,284.83402865134343,280.0906229821618,4.795657880025843,368.08604611954405,837.5775749896386,468.8147021717379,50.44998502057055,152.68874431171935,633.1706680095365,128.69881421110472,481.4460508985984,524.3024418040278,167.64096443295082,541.4275850056542,601.882214099009,300.0429218024457,1215.5328187960693
1014.4916824833862,282.1647270063636,482.305295856171,286.89728433841236,340.88558562416915,2.9238531854375474,390.2626560519379,526.8583606084416,379.9530837891365,32.36861599474825,153.17690393271428,879.8426546516321,153.30575856204612,461.8336656080228,623.040346098874,118.01627219994421,463.4071335875833,670.6336611529175,373.18833311267747,793.1070272375324
840.9641731673266,294.03500210566585,465.90635323711354,188.8127686435159,420.8043432471525,5.1064010330535465,367.7948755824541,816.6251016952951,568.1733920953037,36.81471817839766,171.78945626716708,563.0021770329889,152.83513813732134,425.17176817448126,516.58788425151,166.42923909403035,334.5452563102367,466.5695160630614,315.7942117781408,485.29927839273364
851.7122684799755,460.2235944390321,437.1256288133696,274.0403104760674,336.03213213669164,3.5426420998994317,364.7150244711507,742.6542201541746,453.86224485729485,35.127336582005526,186.46360966054115,680.2697694132863,161.21408310490955,426.63184559803426,487.4506687777384,192.14231777664625,449.0020640456229,461.4623881265633,385.98079018542177,955.8337025863883
1158.37390492535,334.3302872694057,459.27237788072375,200.50185956065934,399.0556364065143,4.988348499972847,409.31308894720246,530.1037171606912,515.0502444896342,29.222347941367225,128.07022015643,699.8680374046994,176.4650189754381,335.82553546383815,631.0094861198086,176.19133177826902,341.21794320054534,559.5608169398894,293.7344674494869,989.3412638951094
948.9772828026195,346.1091405181769,346.62746360547743,244.60763518115556,317.80503281999347,4.9368021404691165,382.9311947305701,579.4420634270273,521.3641269431299,27.381679801752323,156.52506893078004,834.1971705017384,196.70360353141274,354.47856406146695,676.4652509150437,129.10978757273745,407.09343163750555,510.6997691859741,274.88648559776965,993.0634016861007
957.2000912260111,345.392054103435,249.25032190537524,150.54523804615917,503.1070418650684,3.8793185924279685,425.03790359895527,454.51233387289017,451.58853454082384,34.81465333898126,162.03786982365392,712.544159310192,147.81609568968767,565.2819986428376,491.3195692245653,164.91071077600475,457.15678328058954,545.9541426248386,339.72074214032966,930.5325250460687
766.5734426729766,315.22967176288506,481.5999477601599,175.8552739106471,463.23181905408177,4.683293098558389,518.7135869151443,652.6243434281162,508.1388192101747,34.39958127824456,157.3129367724125,675.8258478674041,117.51797201977365,294.7241510138943,568.5140513852224,171.83178742295766,441.72534646583523,585.3078605806144,156.9050564806928,1202.9874259191122
736.2629498575916,403.123667088415,394.2532931770642,273.4141965924835,459.9079321305626,3.718672145335569,428.11913140194554,365.24307538194245,549.0903327120694,33.52628181634347,157.39238402988644,687.0923118187719,125.28802271231329,360.34007241013666,545.8786000619227,168.7217804230777,375.36911477272685,623.6884473434872,372.60327895647896,942.7309282701991
828.1062899671438,336.3042210925374,488.25472946671687,204.34070585267793,409.57012402870015,6.561286824944537,283.1505063053532,704.9188743564955,477.4895831917485,31.75976514446915,134.68658932404716,505.3221538469728,144.50819225179453,304.2761001424147,451.64515760196673,164.2782529235048,416.08972027271193,301.337974026735,238.28582712458032,663.5538316122852
1018.4716545433535,369.44049084690266,402.1356498448304,242.89101698929147,532.8951536675814,4.612766287395879,358.6816276181788,754.5928285429062,516.6433397707676,25.56083760418213,154.47798491878834,790.7384474288043,124.28788838242264,460.87820919335434,381.41920986357206,169.1688772175161,269.7820934850091,394.11231600233174,271.0963618904477,930.775930842742
1169.4143122392336,344.5908037739418,343.8800128570474,285.6249076248385,316.08517143896313,5.598294678505562,411.09373618387554,738.4405712725653,553.7370942490605,43.04385670621275,190.699619367756,637.9397028122581,157.28827809047968,375.87231076680087,447.5805121244327,123.53764710708482,349.405958763362,505.5623772067192,341.09295876390627,763.1193489813511
968.7152532309894,342.114580818519,248.76040611259035,190.41041078681695,310.1138731217212,5.951144115169754,491.9970594222719,849.9588070938802,437.0838168027887,34.402856611378965,205.58120083925908,601.4979763251912,141.49284824089082,464.0267006221644,556.4686582694311,124.6702651467904,284.82843219775975,456.1310139347357,366.6666461095999,975.9523462172663
809.6642804038644,326.1576749783889,527.4885830786676,256.98589556569715,312.9073712960786,6.942402183521962,444.24380836417146,624.7585451836774,345.80917134739343,36.3104105782298,180.1323232889083,629.4364730005467,152.74577327373242,429.21344075835424,354.34924530793546,137.66415682333067,378.4764498837258,401.92103800971654,268.1209907467039,769.2286022114874
908.6601565239113,364.14185703100526,487.56269397565137,231.1300595747973,387.2129271578517,4.979018833323481,450.80091836197994,535.9972166148743,578.0902385320372,32.0442324681411,184.2102792766471,658.7435726888403,105.5797693282286,287.04835624107943,504.8771723655411,142.25846347557678,309.9655140213207,321.1310036142444,302.5949934249332,966.4779126978983
959.3036816627205,307.23594879476855,407.29300043722515,190.9986569266977,368.33795806014314,4.98813877420971,402.4088890344652,689.0145333786609,280.5522576655378,29.371842554681916,160.50981027905507,525.0554657499702,157.62318806198536,422.847954973473,487.390690906699,122.57165126428731,278.6317587773693,448.3784030182942,410.435571044771,1095.132116896584
1011.3000866205064,302.3272477718907,406.4308735404732,249.48117583004003,372.10954034448713,6.339662814968961,345.4835525717739,611.7892094816533,561.5054127962991,45.07721499416901,186.72556402342423,711.3469409019837,135.94223866747177,426.09337413174757,687.117722800281,169.16399197137787,288.84020417927474,573.4485062089324,265.9277624900156,912.7163429787147
972.1807055386951,216.9544912416151,445.82527840003854,250.65971943044187,450.2145796697049,5.7041384874290495,435.5718697283214,443.7144341689119,295.1828935942965,26.5969316614869,117.16071527535294,705.3816189009191,163.82609283878082,421.9556002125315,509.1928422515499,183.84843738364103,405.7531264583181,489.45667607625387,334.65477710085696,1104.13638066785
1117.749773459268,312.4601021487541,582.8748427936895,166.59259227679203,406.45881891573055,4.923057079581108,474.3197285017853,564.9631103705685,464.7785779098878,41.72490232144259,161.8810940979102,606.1806000433448,120.8504790220075,455.40725984266066,418.8603510094267,136.72567871090808,417.4099806203187,444.72100645583316,314.00345195730335,849.9816167791159
1139.7863697241548,306.28534502590674,472.56316584602547,249.85452988995624,342.9462478807547,4.474811445694753,382.84918642432007,590.1369185089912,408.03614598769303,37.612805409296165,146.7561263384513,740.2049137963228,134.87464655873072,348.1466950613772,640.282697775234,146.51799405122443,426.56732069647273,407.92344168638846,299.7063274056643,913.3898005245085
1416.4950260502637,374.7333909821877,390.4925697991023,228.31582203169188,315.1496236643223,3.5846893990873028,474.8660366859244,461.1228414963156,501.0453890888324,37.71984524190645,90.54099361472439,817.7977343062913,172.18512054321542,512.6174370393176,527.2433767791565,114.57610280147256,288.5886493043235,458.31462376050587,205.3850646950462,686.9853279935909
818.5691187030268,206.20376259291902,400.3837326104947,145.51651163074774,381.79832440601166,5.086657008217617,331.8683880349422,771.5253270286702,561.6518350096111,26.8836324662347,122.12490738907915,702.1484561371759,145.6148180001014,532.4620621319824,547.1467126360137,172.45564803049135,445.4893028381005,466.3228396273419,402.3304110817804,929.8413961735824
896.7263096753768,372.21430305649574,419.8347185355681,224.77599303690366,373.23106836609816,4.500354698784709,445.60931378812984,838.4241079884837,437.040312796395,40.666964143141,108.4163798420775,649.8184661398035,138.2570347895139,492.0196341257295,566.3245843218244,105.14462213115917,421.3789078892107,430.6931386830649,260.0779479643068,1185.9059837916445
968.6025709239623,351.41060470898776,389.57514159421737,265.41168241679225,327.4015104139196,4.838185217051204,257.4330257161191,576.1705745359723,384.12444896748167,40.60553074955932,162.63937234572617,801.8076544035706,206.93354211897503,368.96739220616377,350.7211587794951,148.68498734154855,282.9373601257587,701.0546621128319,363.6789631266412,759.6741128939142
943.7721046074694,299.37991369575656,489.65581725412585,188.34939510370467,319.2627276744211,6.017517829013348,269.96244709187056,570.8066280701806,532.004167925943,34.02374389897545,141.43630043493278,784.0393303075109,108.08518143413254,349.5096364585788,518.5733750167831,156.54586448272218,325.21154202606596,322.4453452398745,192.55964681594918,830.4221643198636
872.4284007190347,315.87591935625693,445.8064526353695,234.71081511068064,347.6160191328726,3.979454814439059,419.77606766692116,678.9160310827557,642.0237478680663,26.96220118979906,107.48715708164525,591.7460022459004,152.09597754413522,336.0032114226511,524.5936839504225,132.39508960011517,374.27200005028385,464.04405958784287,261.11250743912495,970.8473588235619
1080.9213872010841,444.28157607615793,433.35453159672056,219.93920350301968,343.73915792142486,7.117227530476455,407.66820189966705,754.8372530875566,387.6640507508662,50.94035381874627,141.4584109740797,583.7622303696187,124.07951229521655,377.85330140986065,669.8021606423131,160.0640777956366,379.90736169766296,603.2488074281482,318.4489908513425,478.6976526362475
1356.0367183098226,329.93039764998855,495.7517631786573,234.8225022815501,444.5982179527507,4.5284047490653005,395.4736166898825,670.5174113059159,566.1553804009612,30.77788161281536,141.52441794354237,623.227986813736,168.80550630615818,415.9832573721889,391.5306686714162,165.80729987716487,337.02603479868435,524.8632921038652,291.81560910699864,864.8482166331552
611.451399579574,340.9261311117307,455.71769019144483,271.12984262045404,438.12726365349613,6.07793572489227,438.722317221635,778.5085885420276,505.0393494112153,46.144398414791276,161.66800272189647,732.3367269929438,134.13822096109038,428.95608569491475,667.5280560977976,140.38116574443146,377.49881761065507,351.7933518491932,274.31702194868154,957.0612894166462
840.1383219035189,342.6593717659995,554.8595771865744,240.32385058594713,359.4098964966564,6.465078178473241,469.6700644174702,485.6307712869688,585.5043594739843,38.07587331914451,175.71890293847247,802.8423369234615,143.72111046975556,438.904721032754,509.02834077771365,221.72649537132042,445.38386374088094,466.408417012375,311.65351453907476,742.3207544264233
1228.828401114581,338.6276392310506,341.831406397353,267.5414158523103,390.80687758168546,4.4988812738008495,532.9011518035452,707.0199487423824,559.8194450711502,50.32405521685086,143.27676352491713,514.9396027297123,136.7802721578988,299.3723460453398,714.536041790592,156.34019277009062,294.27076696869744,538.7109276678815,277.48113310275477,1016.2701787873142
983.7911796476076,360.4514296591719,427.43640578927216,247.0253422074012,306.11118811230176,4.6656171630662655,415.8557520039333,608.1466382769904,352.7614359132856,23.611617666072316,115.9847748972465,606.1041798539522,145.16935298622363,461.1439528122106,683.3560013670576,204.95392619735347,363.6866170522588,391.8129335251374,261.0175689236627,708.937002044881
1096.9239710264737,309.98749108450835,430.2556842624542,230.40291809594942,369.9562123377553,4.724746240051619,312.2843646059666,498.2912939421307,456.9954125162446,38.806951217938845,142.9007314683213,431.1499694534824,147.90192730561208,474.9806012390284,416.9216949484678,151.80042984447277,340.72826951705065,362.68394438554367,336.9267533948189,592.6714561497879
1069.7152731168123,245.08059645516408,321.6240689217337,270.9723555653361,282.4667290480456,4.712687501733845,365.60525276276746,691.247918538982,376.24098867131164,32.49914320973811,189.63715476775081,645.6004482996133,157.7777105509914,317.11117501281626,358.1568627138935,124.60708126401016,422.7381212111851,539.407542594646,183.38317534017233,871.7336295859799
941.2214515960569,298.2476468854744,348.27160700020477,172.4378880607338,332.027481874441,5.495393098205678,365.3470358375978,614.6455793074964,417.28915482159283,33.14692945984923,185.94814359026282,545.2323834796309,110.23206798998092,349.2224952041894,527.6944922119334,172.2908938949638,251.3589914193878,370.0035100794604,347.4895285117705,992.7478653355212
984.6773903479932,306.3511082357098,387.0541230024983,196.1565369426027,358.52247276192156,4.451863911112051,463.00671758903263,726.4453089971878,477.548817988421,41.05182712362134,155.4752453846306,605.723953417784,129.70022874579817,452.0124072422888,566.4819539573119,144.8008212200812,364.28329224935504,489.050401529179,218.75627302796636,885.6299252599881
996.2241950868854,403.92719497891767,372.5362285207947,212.88900834933307,353.701558730304,4.896236964036068,430.75736667267336,474.39288209558885,485.60597057109254,26.45548197668292,172.36652788815505,625.3654932796395,123.6501901733979,333.55280287405765,572.3263544200709,161.85397907367002,293.85191848742824,556.0671482765285,343.60833373754195,830.7874373964029
1288.7985521566336,445.39679021003315,544.4241805515528,213.22749416036683,254.81362521271382,5.319901312693526,504.8014780140901,652.5730133163967,343.91881630551063,37.24261134049556,128.815187512494,763.744523659817,126.8174838241004,480.5985793310124,651.0440319282823,140.58880745339297,387.0710559898113,460.82672436503316,304.3150889855803,1005.0258790979701
1188.7282979760746,446.3914500178553,514.5126554847975,243.8435672387562,403.51549776984297,4.102796010863662,349.1897774295257,628.0954656898709,308.1104882641704,32.81060017749379,154.76606035352683,683.9940278751118,136.52330826102602,194.45434797166743,409.1346073713325,182.595132648374,320.858562595047,503.60895029733666,308.0782642494351,826.5173283936598
816.008971515456,314.3106880984754,408.9222818699402,195.70454068505032,492.0552733348966,4.677580868827932,366.7299794676099,758.9482218350273,533.9378736439972,33.056589066713066,125.05870922460531,588.0163606611734,124.52807941712462,521.9630736357954,523.5709779335826,144.64632780293357,452.16325475840165,499.6538965844551,236.54229341300274,949.7189895475965
1196.1248067210822,276.6577714233391,376.5072239530544,221.24316419889857,387.2731770305837,4.474972792774742,436.7178138546686,512.0003317532388,475.2092849452721,36.82928676772714,187.25169555383792,704.955522865381,123.96012631366465,383.87389131723694,404.9943524932519,191.09573101585747,436.37085970644586,489.87137769382304,241.50409057006638,950.1057179784984
850.7129817938621,275.5059072015927,466.04504989950624,177.14452309972202,323.89658857389895,6.436005497256313,426.3149240934143,621.879464689194,564.8923953988245,27.20518109124687,147.85576371145066,546.2923014329583,152.197114801851,418.3804719389715,527.3113351727745,184.59106325353974,336.6361937430588,494.60027557578843,285.39561262668553,687.0424322294834
997.3880213233191,468.87958645358873,536.289324887518,235.51411583766094,375.79426584496144,5.634233475375067,454.520848339967,618.5453413748495,478.38636309200115,33.48544074709715,110.22139329417806,584.4374327705772,110.23165443978786,397.8524899975594,474.33207168187835,183.37358660752227,349.58049820485445,526.0408827424199,257.08589531424326,978.3363562675847
756.6503935244134,502.7958346185236,499.8365438769869,216.175930092481,312.87589442097556,6.048790607466179,474.5658397998688,603.5164469352746,456.4152121816278,36.65357554985793,166.22257622115424,622.3481295919596,125.60669381326666,558.6229872737722,440.13973609998834,191.93910657697907,348.36428680980293,438.3071983923089,275.3159056305073,1200.7968053510572
1078.4271546374287,454.71883746576685,382.462807772664,174.4223471050219,312.4894171045474,5.319224500044417,316.56954376372755,635.9020695982625,357.4127919557634,30.56426973899302,161.355285030108,647.0904271732131,133.20457155241067,467.2985889198986,454.37109342473656,202.7561036246776,372.0262504309979,468.15350654153383,346.2104928362033,850.3632394676251
1083.8141939571183,354.9937911716039,430.61140126544814,304.2534992047012,405.5512206083123,4.469586731776693,442.23250474152815,861.7819865772487,604.7426352486128,38.98893100424748,149.77671254516292,615.3277679092595,176.97016474660697,463.0652985963461,690.4149179899181,187.02501241156682,354.64445794437887,402.77426648298973,384.206781789802,847.4599163214988
948.3631005726223,459.9364388663479,362.5417280940766,168.28446194364122,374.89599311375247,6.989541367632852,367.0132711722017,722.1544368684755,433.8526286829318,37.9061822723448,152.29887249026817,635.9219035162348,172.09793915510892,452.4797271661363,381.5914689598155,165.04632750238758,406.4167039100758,447.69159682283845,329.0217889185124,833.8367018269788
946.796669885789,458.43796091618196,320.7181501292775,225.76804121950403,379.14864674706337,5.528955251560973,482.51462305349435,465.8583659459026,524.9201702998973,29.416903170601493,199.16332867896287,498.0715547812555,194.3399429687746,435.4883142524469,301.0890373879738,202.1636069248894,328.44303881332576,495.0238786237045,296.08941075295894,595.2811158068042
858.2082700574326,405.9435658766437,458.76304655608914,212.07638144393889,371.2671659901966,4.099163516190294,327.8620061057611,434.90059074016096,562.3207623020317,46.73013911335087,116.16207063116711,595.0789747872668,136.35777345617976,350.5915911109727,427.6121119953512,176.26905528665537,343.3474328455102,416.97052060222774,277.3891255082998,1092.6212300940683
942.93935689294,362.1665127830901,311.9260161972479,267.16897780457134,460.1552389452437,5.586135748664585,531.7601927683663,731.5336509682373,489.2385574934062,48.277610849438126,103.51585073820371,574.94804122999,132.65792418366038,411.6377551831776,625.922516721886,139.07102794972735,383.63038150958215,468.4293863972538,225.87953009752977,732.1402002942191
1128.7971725002972,348.5924703790523,275.68890806972695,217.65053537783692,329.16943068940566,4.621259664894804,479.18223127769625,624.8203338086597,594.291620876465,38.0170991908709,193.90428305411754,679.0121575890862,127.39818579120345,484.8808824979278,549.0919054775868,201.12752507264412,308.55885357943697,549.0645790961424,314.3299125590887,695.4504306642011
990.3600371491272,424.8873516252574,337.69840689178875,261.1063722213341,426.7209430304246,3.4603857991429834,312.14572095402673,652.6835324080035,339.4098115996428,37.620546084270785,124.66583688652521,940.3909874030476,140.32527411643775,460.34423893929215,681.9739785062,177.9000472390751,262.7088476256574,439.4227689080455,281.64820918028977,782.9262520275773
1200.640158044118,388.13326254226865,423.4828878803423,221.52158738828246,349.63072077442683,4.947994301880225,365.7129455859719,471.76173260360827,667.0168581489772,39.48140766331145,171.1250797551883,484.059963613478,106.72830464145211,387.24100572127475,666.4333418452829,173.18362084971517,306.02434664466693,450.11012416751026,321.5380253520062,1025.2496960017588
1094.7935230077474,337.81845847904805,534.0825023506727,214.55859985839047,420.66010246273595,4.68518165440714,356.2091097921581,702.9346963521854,686.6996597901006,36.84562352299775,184.48267888457875,434.9855501012918,137.86175387277902,424.3328727607788,507.42782004212677,146.45539132968963,332.78973459898367,390.70927974028933,374.26597352700145,704.8896273421126
1057.6132750255865,280.1426688388136,449.18601779108116,315.4252553794239,226.8191918339079,4.353496072119675,204.28984157274778,482.99406563748727,483.2914989820354,44.34301038098147,116.75530182962308,585.9468309005985,161.82951159190134,243.65085436365663,509.2959810993423,181.14051347286346,381.9162167022396,361.1612470487074,208.82853758943054,823.6923208898166
997.2750755443951,371.4196041985456,398.56663251825785,265.11599223936986,449.05991581331534,4.75724571087268,425.70468451745086,435.4697618674296,329.09089920848794,45.23176887770835,168.34782842533264,472.73498980190925,126.92799344766274,486.88660812107923,643.0909920372553,151.04488189173426,372.8827614032607,507.9703239428554,227.38737495605585,874.551472280949
878.4704748886139,327.1980318956107,439.4639077779923,252.88885740119562,381.4699715239411,5.60830716168024,395.7444139036658,587.4274664295184,452.7358025738177,34.51669976347203,141.62726717814365,632.0489369324124,145.011854454263,396.35236831058296,554.5549654217073,119.86537410991693,351.4905887162239,316.65912878269853,285.6855278791763,1159.0688489137644
812.3165234046177,387.2012244968869,302.1719941935288,241.94711409957037,215.84874239336267,3.6679189147802367,287.4557303265966,742.8890603176798,299.425969007528,34.05600783457633,109.85707800001197,845.6285682767387,137.60830160772252,349.5769038735244,556.63383016925,174.21071375235863,337.5751081145877,538.784346179454,356.99342685278907,980.6458947093154
1202.0696335531659,410.62064121438823,346.8826572591382,186.91340801956846,389.25853502136704,6.478333614998984,450.66772927793346,579.2987661483977,498.93941346836414,37.35823820638678,167.9493037017443,725.6872303811842,143.78631704815376,496.74161327646857,366.08865970724173,147.8346154885072,392.5061566471198,579.1615527010952,320.60740664929364,556.0476923159156
1109.4650563862435,417.12757925998665,355.21473638813507,184.58653619831688,346.23603350594897,4.823007349447216,498.1667202249717,719.3550446369878,573.5450061234417,27.57681326001191,161.62798086514272,355.2170218664416,112.34308135122411,278.25008967231406,597.3290303871029,217.12923323615837,410.21196988276523,340.7395647000234,247.62104846993606,937.8013552499243
985.8580141894331,320.87660822234767,366.50771930992926,302.68436943399524,336.6352202625174,4.866305219785222,449.7604630387678,479.23962022114875,457.46942573878835,39.62267579704378,150.7597048871082,603.8217246236742,102.38851375206065,292.3305616719279,508.25146595285315,230.5961892361385,379.74270037409923,626.3398006541285,266.4548617595971,838.8397368193775
1021.865159636053,278.1946186096615,451.16743282104756,282.29518095734244,293.5037303655593,5.156178750728598,357.66102185442236,589.8338686954509,512.6350375995386,37.959185459240494,108.17194163165664,870.2598648730064,169.2646439032431,446.3111791957453,443.4666166225714,125.05164539842185,276.12413791974257,498.7767653104984,291.45353703931744,1110.8556766124802
1228.160865772019,340.57110950114884,428.8037037622577,170.1967045202606,310.4334280393497,4.9656941129103505,323.02600510597,558.5106503652967,625.7908314004361,47.224199730802695,132.43997325321612,811.8141025623411,152.15412814214707,403.48794037590625,413.29451745694274,205.64767220594365,352.11328172561025,313.0640467149582,325.04722198457847,1054.962366179394
980.9775883065562,330.7062650108181,359.8489952733277,174.05679990727486,430.153809584889,4.465840404559652,384.7183068307267,571.2668031899678,328.4422455721797,29.61623088135204,114.65525150391775,778.7490905181387,118.45996345677818,394.20143838186715,567.9354686330994,172.4423897500926,337.3608971106286,518.8853111943412,237.06496841698092,839.2216649277038
1172.4868405880818,412.09500018582304,430.58801272919027,208.0571359372957,417.0504209174359,5.54803129824404,475.39524540105225,628.2605146308096,554.7869854045059,41.84699722454134,159.40341152337515,650.4631065136015,164.57854208229546,413.3917947608343,331.5800473721157,146.28430218753635,296.56702422920927,454.30274603216947,300.4461407414588,1008.3707225322906
1012.7666101042234,335.69017590167016,417.9257765955503,161.1892191104704,355.2070081532251,5.462108351351551,451.1777768545383,535.222824750567,526.4642459619934,34.629139187234124,93.5787319329871,591.9419248362185,109.25639783600128,430.0495987388361,500.2582583097261,159.69317921026067,351.4009825056347,297.3603921845119,241.76923345878254,1139.1365388872182
1097.194542533092,461.7004458652391,474.947986264037,264.39923876298224,363.88609598258375,4.502118202526378,466.2396407418657,610.9561934113709,473.32368908110203,35.89511898899755,175.2422557230592,568.0898821976338,92.00543960082038,378.2102193356999,493.80776033837105,175.73180164155764,509.22505286872865,523.5302457403254,270.68959211611826,1119.8399078125453
937.4174212401822,397.00488317360106,449.00180999948725,258.26240058029293,351.0384601560081,3.5009775548382978,353.113915551902,681.5926704432231,652.4281202108712,35.21036034896076,158.27680528569678,469.6998431749538,170.28142928389357,409.2153051663803,659.5805904406798,141.28669678621517,324.9605248935713,346.5566871167309,297.17905386871547,978.2341893228647
620.6568550310704,274.96668143127783,425.0234640203638,211.25955450448768,308.994247528265,3.300635134605016,400.2531464816882,682.923258619694,499.88733858328294,25.535929173715353,140.92784314969188,524.5523087772466,202.92902051845255,420.3304061032967,532.3428909509261,150.9594875369347,460.5243122107872,534.6855941860579,334.68632506925746,815.1715269194033
1057.0347114656297,404.112034595204,415.4021080148226,273.24416984658325,419.67551046832864,5.783315998256027,436.84470194798354,657.2890721735007,640.8795928798793,36.1549823154762,195.42718965423646,798.857848624831,139.41563415172763,457.9151893302837,537.167935318443,175.82732579477533,423.46166323044685,411.0338542281033,289.64802014795043,977.487477525278
759.8191863760801,267.37879896192385,387.85516575296083,236.0424250344172,343.7466274850051,5.486958455070498,316.4708145280978,462.80211269561096,475.05360040132854,30.793176019657487,193.177460504878,771.363461295708,157.00349543470136,546.6682724389888,597.8384665573401,166.8886026955715,366.4607533912221,414.5468022897702,222.28909938886696,960.5478041119684
942.4075449809475,350.6667265406008,397.6805441413453,180.60435409915613,481.36143069000195,4.421309379807347,464.37975922278923,410.4453779362277,395.7421409320303,36.28470743042508,123.86749696835152,648.9980570772177,129.80608170071915,409.04751916150843,522.2105830143087,164.41905840229373,322.3742390124164,413.8934561515083,290.51036706084847,1122.1255023992978
713.9229984795724,361.0094650672785,462.0717722620663,185.03695472020974,422.8756144460266,5.86388124212528,406.18044331152214,727.388143725633,351.5794256153215,44.91064307892137,167.78022105575292,669.0867402589149,94.74192848208018,393.0104229045688,499.580004100753,145.09582542751917,463.145760346919,395.05455790902704,263.36275533529454,818.9071818492114
907.4267660925462,374.0547859813105,497.8209647700773,270.4462759966568,344.7079792414809,4.088186776341487,391.6196592947859,600.1572348529943,568.2008985869984,34.82529683440109,161.24277900557516,670.7556888659395,129.74372128002327,424.149185074544,524.1968712947054,178.34718941317928,352.6169089663627,512.164756618773,298.897446845434,1034.4752503912289
762.054518413831,294.93563213207824,413.23071299935384,272.6292979559494,324.61476041578436,4.5299780448703615,405.14623453254626,432.54529182524436,514.3124331941938,32.18723378704409,160.8110690699141,815.3382571877967,154.76659707039215,502.6413880613216,400.4892617875465,147.5611544643298,386.0159691027896,405.1927899034071,319.99608854434916,871.0123982492269
666.3377681818465,356.1840209706492,376.50722985202776,279.766521986842,310.71500672092964,5.038228979345022,503.05499585397104,541.6092396862481,450.2519252876644,40.87261022192294,186.90426004292365,667.8548927248852,108.35869210957571,458.9406740204551,462.0592494443723,164.90064254975846,389.499172814879,397.78605878108607,214.2193946478822,1240.480600386134
1169.9581787754037,297.9236689029208,364.084935879453,314.3753784460309,324.2778295305243,5.011851288446281,446.6226081431268,642.3658050076325,411.5783480745198,32.40170148937384,196.1250012850443,767.1173658393136,97.96960275655877,360.575205312183,487.81520042643706,184.7999872158095,383.7224174921492,544.512642599366,321.3697620007351,1234.0261214650698
775.0744435929812,365.0500962946242,398.7393286681861,210.15874203355744,385.4114376839727,4.33350215457848,380.14324865418513,489.92109865007274,355.2203676663608,36.44020800086929,147.52653680463246,790.2435457020415,157.1718461358587,343.3610328568278,426.7191515025161,165.26860683129354,429.13236894143375,350.77401918288626,277.05465004978964,913.7334612511173
1082.7427089999526,395.00776449357465,601.2256784102453,176.24049036442895,372.5432473933014,5.580546265661878,426.6665304526742,341.04237476419854,623.1616438532753,36.29477973079766,136.08580799620117,723.5228616762101,120.02506674456495,395.69264914323594,637.9957812536783,198.30115614515069,461.5650060210434,681.0343041946554,338.20159897327676,896.4303959263715
823.8141252309215,417.57452383293554,410.7751836157799,216.33237845919464,383.080311221987,3.693415699703195,460.48699808904695,649.5154765708445,449.32439165998073,39.32898464747063,101.09179018879334,620.8083358150435,165.9733817216041,400.45008148380805,570.7667910189184,155.37172221940727,386.6508019679066,302.8938067193268,288.84209991432056,1029.2457074220388
952.346082967084,451.4174356100931,396.840182948651,199.64864071918038,392.4804000790458,4.855284123127134,416.1509005648632,625.6565579374302,479.4503015206858,42.213939172434344,158.1046586216858,624.9102810687888,200.6708332619512,432.1388861984311,496.11459999295477,130.36613517206814,297.5568453862627,500.74667513012315,333.76014816715536,1086.42175127732
1153.8963742614474,370.86670717073133,482.4871883211493,231.5848667215601,356.78204315724145,3.098306698635527,373.6616128954779,675.6739203916468,534.3524573337787,37.24490509295451,157.91263953732891,639.5388505832304,148.60645501174992,461.80504587608317,637.3906473249461,142.61100857299883,344.52780686154506,422.42380189805607,309.1406744440021,911.2644871843161
757.1049735826826,289.63181595479915,477.43375612881874,249.00333224494918,425.0693802127477,5.347927728383999,468.94300190670936,572.2420960966618,706.7284918482318,43.16799647575375,120.6955715721501,711.2451072088693,134.47470911929764,440.74770848659375,473.2754419746021,156.03744925037637,412.34276166966265,477.302209225139,301.71393254101366,957.8332806230144
1169.4410373713715,387.47359561358303,432.785388217852,233.48110486222853,385.9830750757983,5.158987702631881,425.269963539557,662.8307932636638,353.3355637706642,27.900911166296872,145.67655319606092,881.2343347422157,166.09553065676326,368.5927419358151,471.2152459023969,109.85609367769504,280.0872598507607,442.39523089274246,245.33348150489604,1046.5990366882993
1062.4638232786647,355.94442526636874,520.7587980352444,239.99848980683018,456.3678380014416,6.081190688588335,338.9291238627994,541.9621189176858,558.2413466144912,37.21561189947697,163.08586240987188,705.4874232053392,128.82178227215985,427.72847474357104,482.07021534545663,160.0312361174315,373.15633267233324,589.5302730494082,296.2768816611961,850.6960542673066
905.6967818285056,302.57616079246424,193.32455082476994,216.9789778228488,417.567412499704,4.709646228181088,439.2881094643239,674.9302937406062,409.7514946798851,36.43587118081668,146.660435057204,574.3628316833169,122.03145762771776,415.29487875927504,489.5284275124701,202.0984754986615,305.20446070316075,519.70831888118,342.20153175117656,809.6350696760373
1037.9268163606166,227.60525166588175,402.79950773778273,262.2315773309116,400.7073120147047,4.1273774599435455,434.25265474134983,605.8428798551535,405.46817527993034,44.99081328420352,143.01318691274292,916.1126749031229,99.19793644708807,260.2597294731986,481.4669692183223,174.79365181470018,366.80258173508247,632.5556909247599,381.3140189346587,1031.6271787372793
787.5502297170738,373.16737948436867,385.8273573299638,181.22744576742423,368.57147894054725,6.160966161238234,369.2357967786384,643.5786441153756,516.8471012078293,32.29183327509442,115.21240283128512,607.8210838162742,162.99895379245902,330.73701877291114,531.8544870606157,157.68909536181022,374.776337703792,377.0183188250412,324.8218761670997,1059.7255365378169
743.5387925844085,312.8613826513465,417.68967558466545,233.83917634685557,283.06199849978145,3.227207172020724,350.3565623516182,574.8079166184173,551.2193620339594,29.026741609703457,140.25306492655614,388.73429859076555,127.39006125995554,388.2565814721097,571.9741688155369,137.63430044258394,291.87953561988274,449.85434982469303,299.8063237318882,824.1595178331257
1183.0063211337986,458.6734975635144,348.65270115760995,189.85335168772707,347.44062657686254,5.2810343646445475,364.60335125802305,592.3117377367296,485.89154140737577,34.63274526581267,173.2216616824948,502.5358233996569,104.46934420478365,406.36066416094144,539.6898771536513,130.7184615878013,396.4202767322799,320.2765557349197,391.54442119766793,479.0674312507988
1041.4615177222859,317.6412179766656,513.8887732484266,299.2223339288134,429.6365866573155,4.346342069756938,387.28211008823206,684.3050060747248,416.15039312668534,37.41823501500713,151.27985763877678,907.5854027355515,126.67988832122829,443.22788994724203,507.36986886382084,138.63181992815132,284.3532953189593,481.1168547489751,317.4289976235441,552.3067840785538
889.2572948638215,261.13446944247266,333.2355474328784,190.2419179455085,452.03124106797867,7.0352348382647225,366.87687852535026,759.3790772617283,440.10268658430175,43.53309173662263,155.2670597632702,427.4492038353955,141.8185399820187,332.1413239633416,547.8004454344187,133.65307020058282,304.1241942131044,513.1625559725309,333.20676254648424,952.0404063940217
837.6923957040781,432.705289273925,463.20933052154624,123.30003943931892,286.442307787672,5.073755723134818,460.0399566862649,522.0785191442009,654.8258150931945,41.60530067362082,189.46562404638797,806.3850033922153,185.23000421454628,351.4753315314874,577.9166826146804,165.26429988958313,326.22924096184,587.6641540089578,262.662102170393,952.5417613482609
837.4685107202783,454.61084818043804,515.0833989751075,304.8987475828345,467.95921895880326,5.009597835630036,414.14195269266037,579.1920505417851,388.4101461243639,39.16001196012458,158.70547885466567,496.8325291557113,145.3417493324913,423.2069654360779,461.84839316297536,164.34127246419038,351.6898780053073,449.5287962902206,181.6235443453632,1053.78080752197
1067.638747295467,342.5970351715841,467.1698839583872,159.75942088249383,423.77887036307226,4.9411788438592446,366.9221636179336,647.1611124133701,335.1988654375052,29.690439947374056,196.13762581718686,548.2725862366357,150.36599316903113,335.333070783616,434.5127727055627,143.59878572307707,349.639777419378,409.6324492228906,315.73823150530427,600.609358302876
766.9787618109971,294.8212131991794,486.35799919835745,233.74212554706287,438.5017710049546,6.019279998155872,272.958493378068,540.7796121043602,585.061120667356,28.351315484930055,145.49591713440995,529.5680676463871,146.17414435388508,431.8549094829769,486.45097339474034,197.7254744600249,382.7973204310892,526.2471463977571,280.68323732128215,905.849680886105
696.8840383437912,457.8807669630169,368.21433362681955,182.45032755458914,295.10581145481024,4.10650416969437,380.35954427768553,640.3298414322499,487.6868165909869,49.52328559217579,144.2950309425477,896.7959910616048,169.40291817634852,551.7136046534827,489.7947721443399,220.12300097822072,371.60435051809,403.9714808398494,393.57777722693623,1051.041144260967
921.4373274405735,359.19475948073904,240.1722633543355,233.46932940887945,322.03671379848026,5.499739239639009,427.5067678595318,482.6806930831531,314.4844144370315,33.09321463803769,155.09959010386342,429.3189364725275,99.93806692703836,394.56698086539205,550.9613770089195,103.78578890238735,255.7270500690961,565.5984154528857,414.50417601631483,1080.179976203564
971.9683528863707,341.27772642759186,264.0390116504279,125.18724977102777,388.22911513873447,5.189657001977295,415.83705000367576,555.1774628326789,368.63801045081084,39.46939446487784,150.60962287447998,661.1606309610444,170.58158675688384,396.4333898080281,584.8579399065098,164.39984134505514,329.2186272158167,453.20858127560444,361.35988367860773,740.6661388644319
1085.6074713696903,523.8843711429971,320.4850850465982,228.66000178012175,447.02925334478897,5.309329058614713,462.31820028622155,544.4083887693256,557.3324036510946,45.381365154436224,184.06144815511828,466.86877244119717,149.8269125214866,397.81346708231536,585.0908983397546,149.40081850798168,261.82777818588,549.9383206721857,240.8060417284516,676.6237913415728
993.8839310234612,336.7268619854452,410.01087495701705,236.72558030042688,368.5526127227399,3.94719041220989,373.5249325041212,824.0212303531239,405.85806975060206,47.31926525584229,126.47025464445139,668.8259346711446,138.84380826555727,474.4645317991401,450.1486689930994,191.0816187996756,446.5807711310106,399.33935156764585,312.9779356526711,788.2141476083195
692.0349937747615,292.25490300783605,385.1236808870397,231.70323252023437,324.1688763095419,5.721709705725138,396.63299210511417,656.7873019565621,508.7173689738552,28.86326749866232,110.92844336900387,618.7876656398917,132.2438105360223,345.50648932973854,501.8060551507943,163.5973900696634,312.2923784007109,378.2987171716041,272.47180676996055,763.564763170642
883.493813145518,225.43332229516173,460.2196543569775,264.7374908804768,377.2425876245866,5.3207711125652715,338.11028414312597,625.7533136686008,428.09993817627327,31.774404564467304,111.91342915030609,588.8667740586909,154.72470181492784,315.4451700148402,470.5429739959038,168.17061539186318,403.1022490471762,594.3311650558186,283.2356961915922,915.2318748481287
1203.994822654906,399.574429052696,566.7358962386763,273.32071710683766,340.5810669345842,5.3777894283161,385.1539176621895,705.7092226154548,659.7867642827501,25.44645886346286,149.30982764289487,684.8675609031184,165.1536783095396,407.8114270315276,483.5807882107733,188.73577299584608,236.89970401278714,497.85084017787415,249.57396443987886,1085.46352218101
1158.950572378631,319.09394113714285,458.80765131493234,263.6610794284165,425.0246117158795,3.8516939814143565,269.88329062803325,891.2954085936451,457.0617795015719,27.934093760517484,175.689686042458,573.1384968758503,157.92681912117473,433.9660258237906,635.6681034970395,180.2828331550787,351.2763949355379,525.5605477809847,298.5592356095889,729.6589532097369
1187.2680668277183,526.8732661569795,535.8634395676004,199.85888946373564,390.9159753656255,5.368046967082781,336.34350078964394,545.5952863492647,523.7711534474137,34.69188078289831,126.07853273825884,589.5864476827153,167.78802799237724,394.2832736499545,346.74669760527775,71.63567133468122,327.73850355678917,635.8705609769615,327.6074155880071,995.4316157559934
1322.3925123739127,328.59702936185624,366.2124906042669,279.9972821051129,442.888132157515,5.0870089282981645,450.1237607329462,744.8123419905025,480.3884330683359,38.50511314080983,152.813958614645,768.7514337536516,90.27089255623878,289.2909473891514,579.5230175319155,229.27297212519727,319.7657932178379,391.5239814039429,253.94130602011302,914.0181566765754
813.7510822530019,351.9920626378895,546.1455655374396,205.90895560047394,385.35886925520543,4.094665578122353,549.992997295172,681.4685761143913,571.8662087898008,43.36660964481578,197.14705638484315,690.9580133753541,147.8806340173755,486.159539845208,447.58725209162424,134.2379297018413,330.9839676730833,636.0916047215034,236.22642249230398,752.0749284912517
820.6512039699297,456.4930578258803,471.5490051721478,228.96955522343566,369.9959513487693,4.371725940786032,414.9634550537078,724.3125032321118,493.95913643495567,44.927294115657084,227.00609421537806,703.1754116713864,118.98174640145304,446.2753936176671,629.2257373663704,217.61097208896788,351.7208351159344,378.4306636988666,236.89353566631476,896.068990229121
1049.3297701177694,326.71700456482023,413.4384240769994,224.68678378574515,381.4950709885894,5.704223536324249,458.1903739087562,653.9375380747938,420.72414122140265,43.19121995748651,119.86299909669019,694.1041869324148,113.80058002167556,306.6497592834917,556.0873037915372,165.17036232464207,313.624333486464,527.673927697404,235.6827690479673,724.9066781881905
1079.9192817015257,311.1498156896791,445.40413095648023,276.15833617444474,463.60316233400323,4.154048211454357,479.78406548033524,654.3632343045668,554.5833534537875,40.12164114686082,180.13973585577327,626.6388066395949,65.07461250337816,403.23387516569716,387.6099242162807,183.47110577621373,469.382202478718,474.74425552843707,316.10461290529474,689.4854368982848
856.2329492594852,397.4200291339782,401.9911282082962,225.94683048434828,420.64066168378474,5.302388701100741,410.6360904710585,437.84365349962394,446.11094858542435,33.5424537692039,97.42999191310378,682.9855306751081,136.87053610274202,486.4824162289812,335.3909505204992,167.22052870874995,313.0814160074166,588.9485494444991,305.90575080283577,594.0880656570082
835.636576943742,322.649776143474,473.2260576413628,199.40854390050413,321.1033027416129,5.048843005112162,362.57527618458477,618.0096315926592,384.111200960863,37.64500439031276,174.23440892391602,616.7878483938189,123.84787322985815,316.85076627489514,541.3350325674272,145.94419228617068,348.23222067013836,418.66572315475486,248.61138617317545,763.7551078134146
916.9472585292555,383.6361628270103,443.3474944002772,174.96512786433638,333.5537046348516,6.911030066156959,373.82205465123457,713.5824523828004,419.60680717331417,40.300284739047385,124.55680079046442,676.9682675207031,162.63228077194097,434.5501098671002,471.59388208797736,190.21227710002344,308.30012714260744,454.69471966352086,276.0473747864812,1188.3293025145642
916.7245012305339,258.80038037636905,367.1907076428353,338.6557679294261,464.30061787430907,6.666210609825502,465.604524390757,755.7777267312221,496.02646799808844,22.30832881285763,174.24029859176744,726.3280139429131,120.88524807950012,265.1040292139447,554.8787545774555,132.09024638931356,387.58791046292174,396.360896438242,342.77362222891213,918.9947718329637
984.083412740323,273.19649723152367,422.74116714927067,210.967260023555,432.9516116106184,4.089594417572901,415.5919359590879,458.00838027745476,396.55710600231,27.772317335592817,147.67805589362894,656.7968859105855,96.94779271629506,374.3611144902011,344.06453655919836,150.24486977576905,354.286603652765,561.0146197800418,199.50451763089285,842.4890457008919
1046.086008520002,493.17188823599054,462.37412606753537,281.3528947562247,431.20681613645525,4.284770200945412,411.65904868819854,587.8475594794459,437.14492875772396,48.624114606586474,122.44126132050569,624.8346243137638,110.38922380831534,450.6383434494619,694.5943851564089,144.6452481990504,329.2501754859856,445.5923677456515,188.21629825505937,862.6974853680698
962.4117174862669,305.6937847029353,305.5627839069063,237.28752268011357,369.32299196190667,4.782794521286233,342.1603890166997,683.1905075571867,463.09969445152484,25.94970794829463,141.45127067279466,696.0593898433619,137.9467743855754,481.28275965993225,209.5282390214996,146.7969229437934,490.962364447538,334.2079854790155,234.54936936367187,665.3093666395725
1045.489182484464,396.88666158004014,276.10413318918063,176.134132589804,367.994756552739,5.527921787238299,423.2344215008133,561.9566812265185,462.0070842961125,40.3033869537052,144.26891691876182,689.1684188940152,163.17903187247623,308.6655134893264,449.1432843789081,146.4512694257055,436.0019697148147,550.6489030407089,330.0288391745069,853.4719861140255
629.7638453294577,215.89425193034396,264.56763342875195,234.58396531223946,364.84720931395987,5.3294207075770315,346.4830543657559,841.0530430957618,625.448679037894,35.63351388757341,151.56760036072464,834.8646405999898,138.77588707482917,427.8369937557879,386.70894396478917,199.1689112418589,426.01979691773136,632.8820772691843,279.043366608065,1001.8182814714987
1280.5338452794344,249.11078094500664,413.21362982934727,204.48802627860707,283.39721841420373,5.55768121138626,450.38428892260396,831.5454878251159,573.2709891125774,34.564585973862634,158.11461882502016,697.7679087143171,137.2750792418799,453.6885954151807,548.8258814795267,169.79796495483427,233.78800693856658,510.9713281421789,357.9330395806212,1127.0896907341908
963.1278430342602,389.784688796893,482.52951769183215,278.698503543657,292.99308363245484,5.944450625749464,432.4674934950584,508.50446163861284,375.5434533633727,40.16360880020822,107.92242287816777,884.0705947297035,116.63531156685457,366.2432606164339,530.6778174670277,167.3953703985339,492.22342921742586,546.4342000533005,287.6839968201051,1078.37558964933
844.3795868482277,342.6801658677935,446.1634062989093,231.19059462711743,274.43131666374245,4.91875787711025,461.4853741261711,522.4200767652927,541.8043690766312,34.94827247975848,179.70862037740488,701.8606747537347,126.85378547383833,350.2318456331235,434.10509656741226,134.05387301749073,333.2812055306185,381.38522581309155,167.71186817550287,659.9289740857677
827.6117011920421,417.39596806007864,461.18544246081046,291.81941610403817,392.6138611713804,5.568176703974913,458.68402147496033,644.6347762485082,393.897172047569,40.22224930105233,107.27209251126126,629.4099591250394,177.42377139489838,455.06207469850057,469.60293471545117,187.3606414345111,354.9416343196165,419.0704747852346,369.6817257492504,1019.9342728110483
1167.1451811706484,425.19566865472257,377.98653430639024,242.77741967751032,304.76506309438497,5.58987502477265,466.7644202930612,586.6457955991459,617.5637876740215,30.624846985961977,101.46813481830594,669.103774748777,147.0577618374478,409.85628346235285,538.7257281829737,126.66132820792606,376.97949105964574,451.24958840166755,239.5072312309541,722.5946210045087
891.7249996276728,380.9575860621632,364.5020871981634,315.84567205312356,296.7462811832532,5.083836186299215,541.028677738552,634.9788876356245,331.66448795075684,43.83902844760007,147.4549203208265,501.50042170696065,119.21248502152639,559.7047109068881,461.1402255800078,198.5498491252292,261.37868514248544,626.2153890167779,438.34296955079407,1032.0192677311488
634.5440150354957,346.4403872644542,190.06449964988178,204.26160994162527,266.7918731129418,6.7284943938484885,280.6540619059274,957.5629365593995,425.8881669362515,36.061363418343575,143.33636847349814,611.168688610915,177.69861928997813,454.79314011530687,427.17963979960837,173.80767506377944,392.7190807940873,539.2920625006709,327.20244733262945,1064.8487869663008
1105.7114734593315,334.98728864561224,412.18263166297504,187.0070939549251,467.64940729078154,3.730227107437626,363.16041086960934,710.5415622464258,561.1504745855043,41.33435543174657,149.22035617197452,764.5548979110326,131.939544463019,382.1720974401508,535.1199795828666,147.55870601056364,340.49625181327616,491.8002655211676,197.7946289430057,1131.0942636079044
1139.666903482009,400.68734271777845,392.05479962111104,238.23560517991191,396.8105522736833,5.098892500461858,442.0863144348003,688.0737635423341,373.273160421211,35.374400961159054,159.20035201569956,784.5924380016103,158.50220974838365,454.6340276057239,450.817968962446,192.0867094979184,303.8003518033188,539.4306008788351,317.21325009644363,1077.0377636304909
966.508686757668,416.7256519601702,382.0136775711767,265.89662385180947,266.0944532964075,4.246393908089068,471.6029248358213,610.3651033211203,519.802943045446,44.406604605292664,140.02668437227328,654.251467277292,159.77599158533212,325.62046560765646,492.80810847513584,235.00163333888656,259.11027099384125,500.17743001086905,365.77946924618334,1036.26694308677
1199.7298476483186,363.94658619780677,486.7230043366196,167.37339649396353,345.0358237434942,4.58544669511289,280.80067936988047,523.3577979167003,436.7866109575486,38.04533714382304,176.55054107133972,655.3533028523292,151.43976082192563,275.23454337874705,621.7876397602907,134.2058582318895,329.6877864458279,377.57045577019886,283.84543045404894,679.7272108177297
1097.348548719308,375.11491440232044,450.2038023507265,292.36023345114234,434.39670304817065,6.164954214446556,400.31858492001487,435.42415246715416,527.3175520031921,53.50370135207163,102.43608088360978,526.6781209242649,118.95884925490464,373.95326754271053,555.8590086541004,115.03476114612968,298.15453845101536,339.6118001418122,355.2202292001533,1025.262873942679
961.7234209549938,494.7289486836592,401.84171537744226,233.5735259562354,262.50213400291125,3.904792525556852,439.4426470383806,573.9999276631081,675.9035109409458,32.40455605770285,169.12627105254018,571.9575702997672,168.4895803748692,395.63434509135124,372.97822307093145,168.03230372873253,318.985649253901,441.03610126099124,269.3050413419474,881.4917625456775
745.6253814796895,339.2305442018476,370.7964090248939,253.40057204126103,353.0483984369114,2.717428222173382,388.37686734248445,770.7952111455934,384.1595220112762,38.142719303431164,145.4619351848213,568.5117240772937,112.5115250342178,220.76212243496275,665.0857326257315,163.24406031627797,337.92880610068875,520.3550574311329,296.0033287022898,875.7051387144276
1056.6722595966344,319.8589263512112,430.30415435664236,206.82114430594325,365.4431670716499,5.325693823406977,319.4378318177559,608.7644743437768,550.4892054024392,31.45383839356721,189.35422740247958,576.1142770658923,124.58559689190012,501.7972585799596,566.0222347230474,140.62102036215714,288.4256457731873,570.9579681889691,258.53984605470515,916.3055527938086
860.3041528419345,375.2552025836758,490.7169744302446,210.27992672343703,309.57008474761966,5.114218099347043,363.15649563620343,721.6689835865766,469.1863623684158,43.333580717145146,142.3521217636892,666.4539745990485,146.81679049056413,401.82766049433616,533.6513220435395,167.29843668250032,433.26632531348275,415.76893574804615,307.32036583758793,1037.8522929819605
1074.8250847917418,398.525336180178,427.45112097714326,195.03076661070017,407.8927247494646,5.23215876447189,418.8492779357227,637.4033455689224,512.614773956303,28.18798752019967,127.96209025188138,602.2856981402275,122.14817564289133,345.62879119969404,395.3518836523791,154.44060068040613,367.6903395148845,437.30556617321736,303.03350376404813,1037.196032171661
940.7795089008056,427.10768527784234,337.00261115357307,158.79314581278288,347.1057051529602,2.32479046189696,426.21307583250757,579.0493315649205,399.61299136738,34.329758164668625,165.2631252727295,687.472227364266,120.54476580505033,372.9636435806707,576.4598898731651,173.61311225712112,333.6109664306816,429.0633366977313,355.3776446770734,598.6207957504866
1136.7613547306505,458.815775595501,229.83462895918524,215.12447362135174,276.8420465958561,5.421744309819743,366.34100309840653,578.5254733175245,575.3774667835382,34.242360885301615,147.5103939590431,691.2112869966641,147.4244785557452,533.1723271850391,558.7637257645393,159.56698974338468,516.6339436228827,542.2484586537138,285.97942007864265,673.4111808859668
802.8985920551952,340.81853961435957,428.5527429436818,241.04201184190333,283.3626332162804,6.422480700005301,384.98204400112775,529.7290027353627,702.6208035974224,37.21170953219886,166.34387284217723,662.0537206163775,143.96131302548102,309.7916943540175,513.719354157277,150.56812566170512,496.07190877365895,438.2452255914235,145.09300054849345,1039.775794510081
885.5253090477087,311.124332751987,431.30146389791236,230.97822418978947,455.54358635907937,6.2254373141089,410.87634143407854,555.7029838798321,424.4864099402874,34.79760603124775,123.20285247776994,735.3986035102301,172.7067304548413,459.0666156759247,544.5080138748633,190.84950269181087,410.0733511011604,264.43052046424555,388.5220327791643,1052.5052871798136
873.8585994670264,427.51596901294766,466.5400739130888,168.88199042003632,348.6801616601973,4.826738237630655,535.7521182356944,716.0479481131464,261.28657416182455,27.06060764815689,161.72367936009917,728.6553375993915,146.91053576964057,323.87716368391705,469.0933866227401,154.07748180357808,496.27915088002203,433.7036612244225,387.81093109774724,540.1337605097987
573.5949584105911,280.5771296000152,527.4283184146191,215.1921392143905,525.426120589762,7.219504335609198,364.8337258108349,610.5890765439196,404.9299027099481,32.17469323732547,157.07637623030783,753.6321390788615,138.43559729139338,368.84524390256,616.0868837879693,132.54033644818878,213.08540364136965,513.5673179416987,234.85415253306186,1478.5006119853479
870.2366877392601,393.2795740781698,311.28682700942517,223.87687593716703,381.9537787897527,4.694222655206633,418.00883340080446,498.2406701806907,371.2806865032128,38.66042534238028,151.6884305974861,463.60862688755776,112.7633580283047,536.3311728113941,648.2425267551705,163.7215890193502,380.55512809015323,647.3655746376257,309.2549271422062,1193.3786491952521
964.775998200919,352.9280191537304,348.9670001983719,254.60880102832226,362.2332247631036,4.635920372437544,424.3997759755229,433.4339888251228,430.81037881715116,42.76079383138543,133.59356180890154,763.0907191515033,139.89270722044716,432.1440669245866,647.1477238873999,182.64967291995993,422.7930361205821,462.14348683092237,422.5432202872038,947.493093697692
1065.7870452454306,409.4945994961697,506.3396799298058,262.62924964626967,281.78231335745295,5.511806886052835,362.1692372013604,480.5894088807473,443.25692437631324,49.42097836230162,135.1129472361688,581.1254371005508,144.0728659635098,340.9343566314968,332.9681341198067,191.18383688095264,368.55351360778354,492.7308526027067,233.71856730115562,1005.428236926196
828.4386416567726,299.53231704844575,419.5425881615749,251.61053398254683,304.2494033525001,3.8146265524458354,375.75357834037396,646.1370415414574,492.2112802346496,31.70095106808757,122.25283861186986,513.3134024834342,119.88010355596457,536.2670712145831,601.2790679052378,143.9936444760657,325.57362856459724,373.8052755788728,315.95461864424414,692.006938475934
1079.947384124448,491.13441628177804,453.95947687806995,245.91955138499523,496.3663541791166,7.427831777334646,426.1053158406133,670.7619713551402,611.2486207269706,36.76378179680908,167.45431125688785,569.6467121670134,106.91911097742167,408.81946931020906,480.3467774069249,216.89622514029242,283.25286392901836,428.92233369833536,299.9644803947436,990.6414712044317
870.8826259218024,369.8320311468595,384.21193556459605,251.18193920808923,345.02566369814264,4.761672960102054,216.7266350021898,701.9488678125297,644.7163564991719,35.16685210003595,137.74321926536786,538.785235597875,167.86778527910167,386.9720031840794,527.6628272471876,136.69796246151583,447.9328614073435,456.1799320001912,326.24186817567005,917.7811558725155
1000.2137540131663,394.0754562694408,294.0976585918353,209.34521240835898,273.60017595250224,5.806336281976188,472.5652118022498,498.50071772184833,476.18972952144185,16.00124546118064,158.0920035528862,728.8463705909135,139.91037268541626,333.5792399790257,455.5240431467744,124.06241357458956,464.9107284019278,361.7067604400602,399.36077281575115,874.8603038678586
991.0669692242586,369.1589708129061,366.5239758648777,239.5186971961994,301.7921585280622,5.424302650010972,428.7844074578995,746.1459468280691,504.80350303432976,37.25826749211634,159.87871578879177,830.9352024449382,150.742339560184,302.3342001492477,665.8243613808061,146.6257114755674,287.5846719670634,441.27535884358906,471.98177519914424,1016.7095912070746
1153.718758624991,426.375687830111,380.72431960270205,284.7401635347079,427.0388983308903,3.9720202925892663,540.6481377576532,665.1054006606296,429.21619259891446,33.401779665790215,155.57778790320276,637.6848628650112,139.6698176210486,382.57450667034755,577.1533927400899,149.12982598059693,403.6158827748704,441.28846005382684,372.65442888654525,870.6163488891616
1018.2523712960773,375.93640536457804,240.37288904328233,273.35305471013,354.751243796712,4.275662152746914,480.1255654600477,541.2020861363085,495.92459831873094,42.1601484354369,102.53705094109385,530.4747093144225,104.15463698432714,289.0848011768096,503.7221201357391,222.64404621820097,329.0515225502369,441.30634344068756,294.4689611544867,818.8212256372237
1159.714086847722,431.7638452359985,419.3809881098842,209.7171164067531,333.55921620959884,5.669165034707044,358.11883744407737,651.8791423490874,469.79962746103826,34.40034603355935,184.51447184538898,623.6717295350873,171.0847104831222,408.5263832234404,610.3401117937209,139.4903272632849,463.30094249907796,592.7036567205208,260.90919445613986,1085.6029383911323
1146.092046277596,436.48190161704065,458.69988481041327,192.39310130332686,427.06230399211194,7.091477544140211,474.87387022892176,788.1288500287804,486.34734148229916,39.54533102560053,165.35915985790473,533.3853391222701,140.784927702756,367.5461957834698,630.5476620834534,228.25276544731784,350.69103151363595,598.3621089211517,279.52939500775307,1065.8389965004826
911.885920232996,292.20567478268765,383.05975033490813,279.12691772991906,344.77743569382426,3.9730501541602035,399.8993707104093,568.6476449040704,539.1142613750804,41.0103113276623,180.27770372345043,659.0858053014184,134.3929618144404,392.3138890493299,504.0352923992215,160.06660762679402,450.8561614822512,577.7553036691388,315.5137830170405,859.2267700002469
1016.2303895014527,366.25657334604074,423.3096510277831,200.09238163128893,297.7840764025931,4.613096834518297,370.70414406535775,588.0436453862343,564.2660928698689,28.468790596978117,134.91494267842964,796.815126869836,103.81878565307352,366.4830639534326,466.51098787906,129.75232723658087,391.4846479356649,279.48369274033985,280.7358955159478,999.0257258737436
1069.6189399298,384.63534879026963,351.722252258802,303.9178989447307,434.40029219270286,5.260082258216685,488.007535233528,586.0764658370786,509.2605239108278,48.28210657716001,120.50551122093196,690.8786570323175,156.7419243650261,372.4818987096281,422.77053985291593,154.00611201848386,395.00603271494094,493.7503929956964,297.05247763229335,754.5328094898177
975.0905179411441,420.94461540981507,376.9150079579217,177.12825958913254,326.18531772751624,4.23459319178192,573.1130454369555,762.8717791770588,540.5752336006035,34.225658827322235,167.813673011045,662.3819117646913,162.7590974168335,332.5087427462095,530.4766443198733,175.1852638281314,401.6219067344516,577.0715277899433,227.86191071759532,784.2795525033774
1055.8950751997038,427.03223217913757,401.4868557762961,155.79400434131327,276.35651170789583,4.534454858143391,146.70337522821944,726.7382120555861,409.2165016393898,26.578337333697682,185.67959796052776,473.6723574243125,101.40924670545353,371.16912586699357,587.1512734272783,204.8509394951328,431.1831355729998,470.5145422458662,275.7892548555535,795.8407611335667
948.3722299911341,279.2536023725371,368.65397165169617,204.63994801383762,420.7222659546382,4.444399004253222,427.5368852890587,579.268483117645,445.9740589061633,39.51001838354989,134.87821895908036,624.5265411797752,170.21615659203405,381.49556981659816,526.1962605272756,163.6468398190446,377.76855853725897,458.1008885171025,287.07043052885746,895.3924330074541
1141.9745878960266,361.66582069625747,378.01366224469984,233.55715217960224,375.3919500252726,4.967145073151525,411.76314100457836,759.4592599323917,574.2575433034806,23.003483918650595,192.16274471122142,612.2584101506274,133.56648370429903,416.0512998711651,418.3980922554642,199.04592976665919,341.9558307844168,490.07435244558513,334.8779667537444,1056.5830700950607
952.8171955910195,361.1109217585357,506.6490007154729,162.11825879967665,354.68122541510667,5.000338853119425,339.5965580227871,574.6675826191811,518.3273929769938,43.155997545720695,142.2569058137022,649.8785413501444,143.65217507420672,388.19022941221925,542.6034723360784,185.52199305278307,301.774987529653,407.685549513718,351.7690331263254,998.884273801794
982.8095316918887,393.79270140982885,471.2653387690699,229.51414033386928,461.0161691490321,5.546900566772382,367.53014355235183,596.0039448436642,466.21419443150984,29.62264255024833,163.17689740943413,562.5143289207864,139.6177253278484,380.1866777103991,421.9922009713026,136.3949543344855,321.35249009075125,469.9277587956812,277.1868022099553,1032.7160000350032
1023.842031907997,471.6879402060306,304.71464947648985,298.9252947787533,390.255437403295,5.042454608139759,373.4362642991984,570.3885604246209,597.5569364546192,23.739488792608068,146.97705430278498,707.5682049484337,152.2510950298266,422.4013498928566,407.44493313950403,173.60070902375247,408.1147951851741,661.5552609085897,301.65345859298935,974.0180066325635
1154.0125721789134,349.3407994169919,419.7645724087804,259.5624895283995,515.2225239388896,3.936278795828702,437.953263043619,637.6633553760818,491.50047884013765,35.76917284988446,137.01427020218196,614.6536480578148,141.8509373206439,358.98772207731173,491.2101167506249,173.89417176746403,273.5002033735195,405.09712299918937,328.0825764020909,894.726751215852
1108.2766459952422,388.2568180654579,435.35600398559,290.8572918261823,489.3639476984837,4.75705209622478,372.37188120600877,737.7613430610286,396.7168732016033,36.82813776136312,131.2800590604693,414.9757288054159,113.09790065336509,356.83897635343516,554.6858603399799,167.3293008019184,214.17838332093248,467.2011074257042,221.35993937446761,997.8412463101463
1193.1714448751902,346.8530541994379,420.432723031387,259.3325683664095,448.53347112112243,3.9915542130406987,396.5988481410536,552.8021554079635,465.5994130674054,36.65294214334638,117.69980682814435,659.1926597231698,122.80063033148522,413.5146776820919,519.0435705433815,145.1251128719369,335.4599492508967,387.78065345140107,350.69028191140194,957.6590485502362
942.6123561541698,328.067844356819,452.31775073213026,203.67319633373896,380.138244376633,5.736550052060437,456.2472104394008,753.3071848334478,404.52988662809344,38.13523962585088,94.74070557996632,518.8103020268218,110.51236451095942,435.2075360774619,429.17510685442187,181.02768174288212,366.61458873526857,455.793425659065,318.68963821443697,635.8511224070073
871.7783377185433,337.5378384864552,288.7641368909052,240.61323746361018,329.96832584459224,5.03288663584844,442.06561085218874,534.6184849187375,551.0980032979519,24.1211870366784,195.94663281897164,602.1104342178616,101.57943935099456,244.77994906495144,542.700401261862,162.40618115387394,399.8717079922656,437.83885914993675,260.12028643713626,1210.9369872439406
1116.3607048317338,225.81547415908648,403.9817478183711,182.0951617226845,320.8377435576814,4.001304248714593,362.26027686490227,986.0681370799628,457.00036952140954,43.43911471636083,154.44045116990864,789.0492433319448,99.82259066462416,237.80526263651487,599.7924289148727,166.6597042093926,336.3691436369267,552.2162740391017,263.17898561714424,1135.726012840961
1224.8939201217381,430.27849459125207,456.16651196917576,251.9982410437875,281.1699425398846,5.006164972252177,467.14314205743773,671.3911238704503,386.5090605068995,15.164673912477745,137.30103313595745,578.6520538435939,122.00668325596693,277.18591283111925,413.45631255662,155.2448012744405,302.2151491830484,551.0978194844238,283.11391244411595,890.335366142731
1123.0650229200896,335.529893604424,354.63893021771526,199.47313908021633,333.78865850233086,5.224557589069462,428.1585862937459,681.1419164185797,582.8967530442783,35.34928129295595,106.67076922817347,618.3614636309853,157.85737632759293,451.6986108258275,516.4191782558368,201.36487259992464,375.4117879502589,506.5153579420449,329.0552259172706,895.9204609063519
1247.5118873194076,326.640518053062,352.6168462504535,215.81813114767618,224.11688622069366,5.17294302728201,501.49135583655925,868.0343436596747,638.846511203831,43.73254834912215,105.32242481668195,722.6104106051184,188.12442819785443,252.85513149803583,682.2943530207742,178.81291004897184,367.6231163542161,546.9256667325153,275.40898372780634,594.7343291247985
890.2196687036494,225.32482287783705,496.49551478940464,306.59527028463486,312.06012505365453,5.516177018953618,353.66243563246417,689.2118524500585,555.6971760122689,39.67959457986665,157.27788937290902,779.9033033146468,125.87699953835613,405.0471844645908,429.2000378325548,175.3915999729,381.7597097712581,610.9736068070613,304.10627078876837,1023.8426552974563
831.8288790178502,401.3781722794588,584.2740791187073,171.09455080112778,485.2939328854234,5.654152179000798,419.8043476992195,630.9915616549329,611.3195442963846,32.34227171578602,136.2366202397643,706.6633507351536,139.72428049075688,322.5234492930558,329.5818780407527,141.21090186592318,278.6733869136981,361.4772549789669,247.56686681034336,1107.2440357536007
957.8694344037807,467.28407481154153,275.84287537936484,261.655748719187,410.1024830916506,4.178437171886154,406.0430911691326,756.0127898167502,494.155338036203,45.04283459163224,196.42103560107756,503.1565075821574,129.11439687251874,331.84535721112496,503.26968783340715,164.82077548420236,382.2704529642999,418.83163286234617,246.0865533041685,916.8747629485769
1149.0892283075232,468.29450983789314,463.55579655783725,280.64701384898103,380.00352713100193,4.555737527185542,331.321352132002,498.44485564613683,401.99933892156474,24.138779983753935,150.10808728012245,731.96478624254,170.11126075565477,347.1180664957723,427.79877650330695,129.66826371697618,390.89847876844556,562.8594622111005,251.11382617106884,821.9219091370381
1075.5310062994026,452.0202102533581,337.8998683313725,238.17126456677943,315.69008701865977,5.9459324158159035,457.704693761513,672.4694556009875,557.1023363038729,37.40203322428492,193.00757268858075,641.1883542566344,166.0275060046918,451.3800741202606,467.47973215964123,145.81779439277173,305.1985701351925,536.1959662960725,304.1464246581314,380.8902963971308
812.5675877949691,330.900641339868,589.3701132416682,265.1342065891141,340.33630250482463,4.6385100417887095,361.71411279599783,685.1020012539715,519.1755204078438,38.49245670867346,177.49953504380812,488.59526446861196,111.645878113137,465.40584784745545,571.4931092048002,118.33980920607559,288.7427974431807,581.6385703499459,296.54260376228893,912.5362987102659
1216.9689785844805,378.69671236139015,251.9928801333183,266.45077332437626,214.09870735616914,5.006227536364072,443.51065421420384,376.45332867885963,398.54071269767996,37.369318284419634,222.46409822691498,483.1006839427641,137.3318211081722,360.70896967431395,421.3860009779854,181.50656664750005,289.41313774215274,477.5867260637356,367.03614689173355,986.7879773535612
907.9443802077853,349.9527376906105,449.3511020994484,236.14066073580096,375.1081833039654,5.643076874878924,435.9753565628117,509.0125049255608,502.53906940044567,39.46672837417827,150.93799021274214,597.4258089115083,138.52329496937435,432.72642282299023,662.2286999764353,110.11502002130692,392.34104033996744,368.5789152421153,374.4581450268371,823.57496099399
1148.8486606770375,396.0335000338304,451.47527796775216,242.4947694862847,438.2423395500635,6.589793660140338,455.34674905612997,815.560661620252,423.1545301206655,33.87501520224584,151.95154355982064,547.5270278598853,140.15959488119407,537.2790967314252,543.9480158628196,160.01868676719977,412.7995735488374,520.0904477582764,283.71270492978994,1021.085055917903
758.3859921803478,378.9133926044554,485.71836488308065,218.6228390596886,359.33957988437857,5.197481133292609,366.0158855911727,735.1081431732189,489.74573301783073,39.210510646862986,197.90494284039022,684.0898982854416,130.70293842521934,535.9807492457815,519.8077213240333,155.18754848216844,348.97305684080374,556.9828074199538,243.17877807433143,1010.4904625621235
976.8127205680591,377.15815601103867,367.22785557059063,273.83308468019356,351.07879458491675,4.928651116316085,439.23682013074443,594.9328231453961,473.12690216464676,40.43428621987189,168.6848243559866,636.8518869289105,178.9282399249936,385.47458809164704,471.6252248805879,162.49350391305063,498.940201394319,493.8001452093166,156.71737566583366,719.9472121142958
765.6577653983713,372.7582071914988,446.40440781647686,210.04541476080502,471.14884699739633,5.721101190038481,506.06306467273276,712.9210752137026,442.5863548299011,39.4610251916941,130.15878864929252,478.71687202746386,180.4994027362587,400.52257078270185,471.789693748799,170.32317641800265,306.1682463046204,447.79351897860977,344.2671077236463,984.1044522386812
970.8438035863178,329.419845529909,444.85721610449457,205.67453791504738,411.00816575626226,4.03812630773777,408.8097246389445,631.7244582438617,391.3292489245471,45.38283327126381,156.83989988214904,538.5274582938875,115.63074272046451,430.33395271058527,590.7162886042787,98.76607194630836,347.78622807353526,547.0635413058369,328.32771472562257,866.9896558223863
771.9684996538116,226.67496006991664,498.2252007442215,244.0404428028487,454.355557826184,5.3402820400217035,443.1664249184673,665.4609307733612,606.2826928454429,40.99612344271773,135.74954611599352,867.8786796766911,148.4829086458291,280.6418838709374,489.55522634576386,158.35421655535333,465.76612405653935,469.7486478226667,221.58337532424343,1033.7518501513666
850.4383331644741,347.4127060528113,511.67304225671654,200.53111510315574,355.3874072488405,4.308015024523661,337.77878574054466,728.4061688717946,453.8689629665363,35.49552993916272,143.35938095492259,576.5318151645823,166.39282809044812,369.51087811152684,531.2526673248279,144.70473009057645,343.56301815565286,524.5078235254584,250.45574290878687,1010.7106054484526
1028.1079146225552,421.7996639189757,436.6035419463826,166.40526227821553,496.2981978094009,5.17004806567409,320.52726219423477,521.1837230692886,477.08188799673474,43.18939477927395,180.7140825533119,776.8742368431713,135.08426160376703,391.7255162665509,430.2594794908402,131.4788025125077,328.02950776289094,381.61189455784444,355.1419676660405,1182.4822967395944
841.0357115874375,398.90161962395433,605.6868915269297,279.76218388018174,536.5981595342314,4.708932982799968,392.1302467602562,449.64387060308746,550.226132997427,33.62434470389122,163.29661988085337,853.420120895044,112.1922316897573,399.683920831331,703.5618608594564,191.53019074537931,315.36554401568685,527.8228090173264,301.05402596555285,1060.6777066627371
846.8242838399849,333.60447499475157,280.9944234420716,155.97241957277996,391.6423860958437,4.214640140101435,375.51012370337867,465.7449761120001,603.3218189437802,36.73046010768183,119.03431242083725,627.4952816568,125.95585160668335,500.6118656516686,464.94578193596084,211.59953090137202,392.9623245817082,572.3637651411166,271.9680557257042,1436.1719730893124
875.3013685873897,326.7135958249186,505.74099067808424,167.70859426798526,407.85053282404004,5.681658814831263,390.5249156991746,575.2995688045173,391.3417264711402,40.41776876509054,134.03551418784235,835.0008717766534,112.5221843632313,417.7980640241964,591.7310973767815,154.99158925490502,353.9515019600902,473.42689035502593,226.41529715905193,907.862562622385
999.3368072993327,381.05919655823004,432.8605307589755,236.85613410720242,478.78896939858987,5.411328474142274,430.8867463762427,471.323749804833,632.7550005683332,35.213433333887416,134.2193045491704,591.9380978125282,164.33731184353172,508.1756344143879,578.0104754084493,182.3733857033642,378.71946219226066,493.1590428067551,325.53606427548306,705.8261911425323
1156.9512004482501,434.9423392328157,457.3830782639176,243.00751323616586,455.34278687065864,4.694718923913671,416.2453751433674,594.0889724967911,502.7658447706798,50.4533865318779,144.18482253423468,565.2842873706156,99.79587130177296,357.1692397361931,463.75604515335493,129.1388607071638,334.0587229063475,392.1665979199894,234.19761222242377,1030.0862844730843
1080.1921723572802,465.5732594205488,523.7017628578178,210.48251463930183,271.76316395314564,4.63535721863803,415.60601108204264,605.6460740160197,436.43438844613013,28.09056771600909,122.28792166574107,640.0847866114194,146.3397303623267,490.2304047991953,460.72708380088926,188.70458980289652,322.9716803422775,407.0771952550728,328.0635614093187,768.6712827819625
1034.1520650697323,582.646806261176,507.8190504004264,290.60041662026924,437.4180668985868,4.239606564263153,236.80873581818776,724.3177583264375,505.5085673454856,41.31727851402319,128.20727683681554,884.0613855710179,165.4387915873776,415.2285478655542,527.1192844969879,151.98221882517922,382.28477993249015,563.8224729513487,308.14933185280483,944.6563571612717
977.0837681087736,289.11746469769844,383.5264374257681,218.5087283271113,392.69112271135015,4.323805743999718,477.95463138509865,542.9142448551839,494.28595593653233,38.10568143627585,174.95059091392574,549.9684066487291,142.44936380654832,260.2234184038148,529.9652273869383,169.73190086907078,412.23065824643214,498.1378588538958,335.95924341956425,1363.40360573644
965.1499342023908,385.9184724635536,552.6036568352336,235.53035736163918,400.11907866310855,5.281264232369868,264.64439943560467,726.2991908924429,528.4925094271288,40.424685796371605,118.98392222710207,581.1466386700633,134.36503578595094,388.86910307815896,454.3249943650853,194.27567752345703,292.75399381512705,377.9415229363997,293.98415794984965,854.240972107884
1026.101706045305,394.19383794272466,424.4819708602348,149.52623414223265,348.3257770290379,6.58728639050117,391.68334716028636,781.8120373406477,488.0885497251244,31.914155060981685,192.85328264057952,764.8921422177256,144.99890757269338,222.3320472670589,431.7849854114137,179.2026684996586,446.1788821510157,390.36620352725976,276.1412198403394,1035.895893622212
975.0812357663181,366.68342934161944,442.01607809308916,250.91870981644232,548.5113838278673,2.925883412813587,455.5851588635122,630.7667935311522,446.7744441873277,30.278165201146052,101.97289203339741,614.0512314622483,105.42376289188212,448.8192396907292,496.00245749314263,141.97522265583893,332.4098205597898,465.0230721955354,243.14599423461158,933.205744794429
992.3074608901335,363.23853526659565,363.4372736242643,147.66989167982535,428.1981891517537,3.805009707702208,481.14830794472607,480.716920153258,396.57690251612655,40.39427433429986,141.0343233184117,674.2419643863018,147.3030209452187,368.8555492098751,452.84114229645496,179.74940482234587,277.266728617258,547.5692831784056,279.36560183052813,1041.1627899246757
1322.6656737351902,271.49765741697473,492.2879682536674,265.2823264437785,461.48859231114795,5.507264981715497,436.6196400473025,786.0331173195824,520.3558555008552,27.213149277982417,178.54429310297087,553.158084328196,123.74643899017731,459.53264491969685,486.3693298938334,175.31470922474242,387.532427932004,625.5490696202639,231.78144228049882,606.7865721373746
1269.3726346190465,422.84389169428516,421.5360440870932,215.47756056248048,406.73601329285407,5.203513710483449,331.5671908984514,647.8431060314643,516.6419895106345,39.510096227671816,151.28489518614444,537.7616298677941,114.12720704305042,407.78491693705763,368.6649365491747,184.72002335573313,329.9835748529366,444.34553201483754,316.2872618867706,872.3799046295886
558.2086612802791,334.6105293518679,424.7707575230411,223.06640066604842,539.1087124251601,4.721007520267757,421.6674965169257,442.5628002414725,464.10921054945493,27.409619898107984,160.6095395165815,569.1603111956672,103.4441992791231,404.2033716111022,570.2387766154131,139.11997550521227,294.77298020898746,595.6978229610659,396.70301140017943,867.0925511908247
650.4009068588275,413.7070597946365,360.9329280975928,233.98132518929776,346.02689603747774,6.886608069069403,360.86185620241554,481.7311722937326,486.67489933190683,29.107667186872277,185.66800335525497,615.9537373878579,146.50103999363688,460.1096087410123,564.3590556196754,155.42529971441257,335.20640233301805,470.8966646741973,298.7609019782871,940.5028711161394
744.5349729903364,359.0231850076357,428.2013404320533,252.91224882284382,332.356008819695,5.152989515430396,278.9068976595107,647.8594595635697,377.4085325787659,29.15166233691407,72.8688933188827,526.1257147353342,174.52617961304693,399.459382105282,571.1642071151614,157.36378540027246,352.77729257001545,474.99305653931765,420.3061562816591,820.747780084882
1067.3217570789895,244.49752560341025,494.6904707474861,160.45458884872363,273.03337550446145,5.8843098274033565,352.4200831184231,691.7046340043756,603.5405134990867,23.57709826044416,141.88969528472907,702.6813075512682,156.01094208771917,343.2505919800505,495.958901782629,220.77028809910672,300.45390713028,354.9181137222644,307.6655129431143,866.2648635010331
1275.941289843289,502.2703640051068,488.241171942192,168.38734274580295,444.3228759577148,5.640156230680444,398.0593844719478,633.7182880491052,551.5587494455349,33.43319249617999,154.59069295908597,669.5507345957644,179.8320459422414,447.1416270459127,487.05057644223643,146.00119824076185,308.7462416701942,427.4643640866741,345.1212760454277,678.2557791140316
1219.8043155748894,190.90693935145956,426.76304191932604,202.16281484083322,428.87373426706694,4.404770516279948,285.3918324300165,548.7010315467252,462.02039269767306,30.05088542618449,116.334002108309,679.7178483570115,116.29797695587658,350.0458385358611,554.3735104272686,252.8547214193299,291.6330810862966,621.6413277984989,246.4484775395087,861.5736813558563
975.9469833514786,293.3955764467219,442.1058683276123,207.57070926529283,489.3937494809436,4.019305041197775,572.526003707108,630.5315831906747,556.5649411366701,33.56202009569879,102.98407621279468,546.777622249673,143.3564923139814,350.7084967213895,629.2156577795907,157.76845741529831,300.0477234631164,433.7674023717632,353.15029271944934,954.4958720180653
908.8529990647738,382.8623338806514,522.1391035889786,259.2509712286269,432.7416694165327,5.899880849634191,402.4868222731961,692.6074949058468,507.3136907275756,33.95440738269606,145.85023425103822,760.0082845004156,145.78674233263686,472.9024743615443,623.7444347842805,208.53050277504275,362.31343664675387,376.89532635246616,192.4781313730849,922.1986187726277
732.589932415629,501.4586913393913,426.942772195122,326.0678175976864,327.7719776002797,6.64194250414219,514.327812881979,588.2381350401652,499.8680100831701,36.049567304666134,124.5854218331441,603.6068331094293,159.38119249723263,482.13976196300604,600.6377034227255,170.83024720940904,319.6823089351455,370.4322251933411,307.9650422531557,1089.28523868462
932.3758612577287,378.4292579434405,405.7724306921424,280.3372965003587,313.00669664632755,5.000520244708325,319.80010714442193,776.080910648194,479.27939580910055,33.556841870487595,155.94588921495978,744.8317665376916,167.61705691882725,443.52635791096094,607.6688211522921,133.4077342814287,300.99807058934994,382.07907325660267,277.0268357294043,1047.947559869117
1262.4314995187053,434.263821818961,391.84195934504186,160.8347895510488,390.7157392885713,8.123370097281365,413.01958067556484,537.2814472141137,381.0607624920158,46.250039284391725,178.80437463584923,467.21939816534115,137.28672769081422,455.98020989734283,569.0308230097163,140.27042363353712,408.6918637646518,456.86871614828607,288.62175659782383,830.5802354772807
677.0479768369397,415.2746222281345,648.4665428722604,216.35160926640765,335.58673931006274,6.395043748832709,343.60641721768644,513.9224592203796,405.8828621673779,41.645952934699054,155.05216353282225,722.4063058515821,164.4148241380448,570.8706863422933,502.6102373852959,138.28294540059758,394.4551621318828,469.86074898669506,322.455226491755,1097.3893417606223
931.5019751318102,377.9493333734952,418.75318724416337,213.18227712933125,375.8100091608826,3.900204557800759,416.32427235188527,695.2410407510782,444.52709711133576,38.52870660303895,162.0359807773039,718.399637039475,164.027787488415,430.19523739498817,650.8328666447736,184.16512823576565,396.17067009588993,404.37254919376636,175.78856319747553,694.168996141082
916.9337650880722,273.01449459285584,412.79853277625625,182.79656034102578,453.64048994958836,3.909164225323843,363.07205171896544,723.9750718179064,545.3504194806162,30.35151985615427,143.31577176352974,610.760085924274,170.95580334895183,459.28543534993,677.5459440841236,136.19222756718963,430.09050821669047,477.91237522320716,272.47191124972505,886.513887479725
910.8131383542492,285.42118202343016,468.14957823666424,227.84349431044487,350.881319492101,4.319778898158818,405.4303454997835,491.44221350806276,491.0085386184292,44.18074246945859,127.99651415917661,595.7120937249575,159.4857439659298,349.05480847240773,621.4241040888759,203.1838577867395,300.2894703796869,390.42904450228986,227.32582353361485,895.8156195181314
1127.7813362896693,411.61501214017426,388.5900090010107,250.06337532154808,351.67508949365805,5.855678328769836,323.1456668942362,611.0471678307921,502.61559499684535,48.66801820554855,159.05589284773782,309.64610386550476,108.96003580788792,483.53792521460866,531.6863476898764,164.68364476356467,398.71893138978464,684.2648126592345,357.0291248570763,785.9357880341684
832.6657125497458,384.7458377279611,424.94941455824943,230.0945875727817,344.8601817743682,4.275344557612997,480.24514643123064,590.6077166565336,484.23178273757117,39.69587994692415,158.2006675143509,615.5793779833018,157.07173037137403,444.51332485538524,477.1634984697695,121.79770016264092,426.6252336882169,453.34423739921607,289.8899364474778,1008.3109269437381
526.19894553271,277.12752199530206,447.36752680594105,185.36048338492475,415.22030526667294,7.325602555037279,424.775664743563,494.02253195699683,396.3403250618809,39.7563888669582,125.17178585698983,679.3143492337852,168.03681988106032,474.7015662290555,608.002805588107,170.32464950594778,292.0641945101117,593.4571356720501,300.8356219228668,997.5424541437033
1129.1926380032205,370.46001073460116,471.84431528692926,282.81088128883545,383.4932301890971,5.915567588073033,298.96073984968587,596.0471594914286,585.071678918233,40.368914793955476,173.81982851781098,614.5154086860073,95.31364992832016,397.24580413551354,377.7897943329309,139.04994308524894,409.8133618337558,440.63550869699407,220.25123949834682,1125.160996420475
717.8604785484841,391.2517041111038,458.34756986565617,236.97655240985742,383.1620783978298,3.57061171130332,439.90420336702243,846.6502891544625,415.087840646948,30.07233868337276,156.57252419546285,568.6355942394918,71.49827426850557,493.18208297027843,533.2121295085142,172.56915248273094,282.5837704025104,695.6500203858607,164.89104813640336,1263.6345208853859
832.68289824129,348.5464731049503,437.1725797347183,200.67059415018738,449.61948745155553,4.4883464974315315,382.4116566181123,766.1302236103696,555.6119097058306,34.999281872241944,171.52182287396369,812.790951962167,180.2293592832557,620.7026285454297,435.2529496489292,176.19390248702814,363.252196796908,444.6424374692185,269.6637039459891,1164.1373152726985
861.1987928583075,425.3347919878917,522.567585896407,192.6721060470638,284.53678346614134,4.5652245954221735,297.72011014665986,811.6364666987463,421.1559067333375,31.635498417038402,149.6087292194036,557.691069256712,125.61499638582731,398.0846996769247,548.9530124020713,132.32979025478247,426.1792333717289,444.13061912956067,285.6638945813475,873.198251227712
1189.1943289881374,306.65732872868807,435.88166114434114,284.97583118595514,486.3781164494279,2.1208816244374793,541.089908384093,571.5387741492674,548.5746406626147,38.697601749353225,144.03788221052994,716.6555108521878,103.87924783513591,365.37056524649614,528.8875645359849,153.38690209989298,442.7252573194015,533.4535392319074,268.3953687000113,720.3299051832448
1201.6266099108948,403.7012525583669,296.4027143113072,304.9651066855449,334.5735665882082,3.8185376125362627,492.1907014599416,590.5904655556296,402.5836644565172,46.96744670158863,146.1258247878674,649.7001676234778,128.5376973989868,370.85536475071245,506.4764283928714,174.4578974168588,414.98694361570574,528.9913745174821,293.29249674115505,1008.8456097040345
998.4252128676329,346.37241997901646,348.25791024828584,238.5064729798441,485.96928374820527,4.587031345870857,390.68202203750866,726.0904256281553,572.0748075319945,27.389229403953934,131.54164664512993,749.7393122474492,161.63865783280283,463.53312624100255,459.00734559214703,149.6083072564089,214.68553608588195,417.91449390348015,363.18947797589726,1093.7231012303184
755.6417663276928,282.8870347287237,517.6200124694834,184.4363341621385,442.9757049584175,4.914848889972862,430.26834926757294,652.6256733417019,400.37021325852743,39.653086747051155,168.51025096250356,566.8443069605286,138.5626788634604,242.74279126914888,406.80956126086517,111.77665928763994,466.111563874241,518.5740217820097,407.94002588462934,1267.7594078655163
1079.2343616295163,473.09982994983386,382.1229372440807,208.15647361031557,503.65727907204024,4.141859346335174,444.4783003860564,494.58415519910216,435.6131109812035,37.91130401169253,149.18148598212744,793.2762621626958,183.87191947831406,324.8213379905859,440.4614335656609,123.55240565632958,411.7759530720706,459.8877795311672,171.95327760450112,1043.7939931524274
1224.1744327337392,315.7062699089409,438.14722469348317,207.26172039717187,357.2111036851859,5.168519670028404,375.3395726124343,695.7858649463604,564.8965877221267,33.167635040877684,140.85394219062965,630.5503506956236,154.0729607514907,331.94005522551333,639.3832180711461,175.916040371048,425.65164166660657,494.8998316527729,395.90404035965537,989.7428405463165
826.7549848818219,418.62571896106743,393.5877728079878,181.5917330281748,287.06463752732174,4.306111957996315,411.7443412139364,822.131893740026,438.2720332259812,39.3606508383549,144.08871929327282,482.91282408445363,135.68642882537054,338.2009759147571,582.6222262803257,139.1825953102476,426.98087923374874,615.9370055556417,353.51321752643975,907.5136207942809
865.1550109816804,401.69410142996503,456.4831994826865,305.36270382118994,390.1598116151566,6.327841528082619,410.672730005392,523.4779301962913,572.7150882624044,41.937454946522806,159.66816015722748,578.4143516603882,209.61106511857585,346.1155525867326,563.3720870926975,147.27202127013902,469.94095343049236,493.41828507952516,344.0378435672076,809.663197349201
876.1454355290375,357.1481485435069,386.5247418382242,293.74210438253635,342.4491375359842,4.965397560334188,374.16407275140944,491.12475903963116,492.0971634410583,26.25914811746636,202.25131944661993,797.5163828093316,152.97373816438554,316.7131463502749,490.9790141685289,98.31245889412233,325.0714298663628,455.65872037207436,312.6951314651292,741.0563095321846
1029.924629956253,334.28110092379865,476.84785383849874,255.1059482760443,394.52003640893315,4.307675922970382,389.1761968048845,722.437654236943,501.20114865678073,40.145659709452765,125.40468085192556,734.6855783746267,133.0118417641737,373.3649085826616,729.2068779440385,200.14947177391767,429.12543780985254,517.5168634666359,277.73464462510117,1175.3646635098419
911.9656463337919,296.0904663271481,427.4795970588405,215.6472661200059,492.5841880230902,5.946140208540036,360.70155217651615,737.1255161645936,478.65857217633373,32.06935928848375,160.49542163840187,776.7677918339512,137.45094298043955,391.05901350615994,447.6687029851313,147.4317842613119,362.17239821744784,505.11235929977863,308.8639919532601,993.9679837872043
821.3544928944378,556.6280659962636,421.4450261740909,165.7632097477877,395.92788722930095,5.1967289670697,377.31143111096014,356.29591582356045,588.8633193934011,16.085513176502122,184.61727405053392,756.0754504262331,195.0534111883474,439.6532631609846,468.7440073549234,176.2974672294057,331.7948560899867,457.91988308515755,360.36614039641483,667.2529326070016
833.1752016399594,357.2406589645623,343.3533997817798,241.33431757961424,298.1542427432527,4.928754907241944,326.0113112488493,737.9777487102501,598.1731969198361,26.15742567759559,177.96165308574155,509.4147212763396,124.71448879454721,392.18449420302045,596.972863400978,169.63924278942986,304.30528820443175,542.3370169761072,273.389805528838,998.7899318496909
1049.5550039120671,386.1885397305395,309.5327543206988,231.77119084610894,452.63838867634183,4.304164832624487,456.884701221311,689.5739328483515,350.18735642832553,34.16152692023997,171.1333386540752,662.4246173631784,120.16520995376179,421.0990852093226,509.6193918936187,157.93495940017334,403.58835513119635,539.7996107582993,322.9125853997998,897.1089512057591
1004.7062044686597,349.0965738382418,367.1304043203852,274.45181364418096,361.92040268648225,3.6089942558037182,413.7837730751843,511.58456855719805,389.99959744714505,47.83948365884127,203.95107487581652,726.7500553996316,172.00781910949678,431.2933522226985,529.9651927494134,192.21651752880547,429.1932475289668,497.8500559942302,223.65351535532926,667.9485964083278
1093.7683465305522,392.71727349392427,393.82972748037673,236.12082130170026,307.06125762137776,4.083613468463808,404.6585752351907,297.2213517661395,499.33909223717916,54.480355356843205,138.1412679663306,613.7458678493005,151.30581410805934,333.025129488584,447.2356249033982,109.44798684682809,424.8914278290204,557.7291478668915,233.4716071186536,854.736229406034
1326.0462876604556,272.34776097907843,493.9050237575509,193.12948191399872,351.5057542891003,4.535338705345381,497.778841555614,601.9649415495852,442.8991082256498,35.891803465808074,127.26949903225128,717.0677249920301,136.03914074645735,489.85135943897313,592.4727427686421,167.42855837524326,293.1497190270876,455.1636940025534,310.992157884416,1018.5026455772863
731.200070597193,329.7079045221159,405.4399561800662,195.39304441369288,442.06385901907475,3.6507030149164548,328.0436824102608,654.5404668976105,416.0469451922434,41.63775380215009,141.20094307998858,598.0016466912199,137.9700499948793,365.7622409415039,465.5597879404746,106.63625094708613,384.3319450074699,396.12186101587787,262.5559253098887,785.2793279733144
825.6966350241792,348.202980170164,397.8139538982389,246.84473422400194,257.2333735440932,6.417893233962078,327.5161582054135,578.63158899437,422.18334385749546,30.964703156786786,204.2212142146684,527.4304506384731,115.89567139673379,405.20674677237065,474.21946903060854,165.62650154381288,318.8620340875488,486.24706715973485,336.2068879675282,1052.1226124917987
1011.254041505531,301.0160384699295,397.5214569252736,253.81328739079498,476.03786805249456,5.14130565758402,267.28930822684447,565.433836955202,568.6381409474329,40.31489875187078,120.72009087951487,665.4945462404742,124.98659882673013,311.0111153917539,384.3719239512768,175.83437049431328,385.56199536592493,572.6829700984485,342.522769242773,1049.54735074934
1039.9684234381916,332.97893311236305,334.85868835973906,280.6170231108998,346.8852618352063,5.893371572162504,415.7600508554008,607.2890344115435,269.42546404476093,39.619367217198494,145.26517198425583,704.5624632722133,130.12341797743667,366.4672776418296,398.2390741379225,177.94101908067967,342.12639965464416,561.6155052437663,335.24685989948534,935.0305581322785
1176.5511837995668,383.9309647967556,371.84575250240835,205.35867623145802,442.29302563599197,4.912384030797358,431.31113846061794,644.3879875635749,589.4046830227792,31.578432121185717,113.35267823602217,678.8035625548267,164.31211357412428,365.7430883470138,405.2939392737187,200.9679201866731,359.7135152030408,495.2024934879324,256.375860752053,860.4580716461628
1060.7613359949964,373.94742353321,403.0211090367929,258.6152123998209,478.6542156697589,5.875081436444455,409.19469394255583,619.8411100454889,585.5076502743505,34.404702895688416,139.51352393134908,668.1704753624645,169.9778651157562,362.1002174322242,478.24943632182055,187.1471437426356,298.427763446498,424.1372580964095,280.59194191109964,749.3006257402324
1075.1356192074313,447.71660390258,426.14662561937905,256.33616979648644,421.4390560811651,3.5023612527430616,444.1367321153113,655.8023658422642,465.7001161603405,31.462176610719734,137.62296255920344,779.2251977341296,168.16595862141034,359.90942200316715,402.5661274869939,160.94682443429593,199.72088004207802,465.439807359145,304.6095456927476,735.7551954710086
1065.0319490009517,489.6573365252021,448.20403919875343,129.33677083331415,360.6791055984613,5.8952659953285185,260.1663385095686,585.9922045078705,439.8404253441543,36.90998739024548,177.52367040130395,630.6107433215439,129.56074504586115,481.52200394681,541.7282582647342,207.92455422596925,332.6474793314543,451.70879365951674,259.50083347448896,874.8885438199999
1023.7185778940419,380.2195699991727,462.2993350716062,275.3330951215189,387.55044000636724,4.788767826818925,331.9752028822158,671.4545538114176,367.37943099202687,33.803348506871956,116.11871232544314,698.2473402444725,176.03504737542198,515.1161155997728,567.5647072850802,155.93682213652124,400.8497167166819,507.27322327784236,338.14604892001245,1034.355803860012
1088.8863128785754,405.69016313361635,479.4980673813832,172.13425870543276,256.38703747632536,5.576164948654588,458.77031467204915,430.6166809917175,243.28152678029554,41.32398104348857,171.75324936835784,654.9671249129048,128.75677929720587,564.1833628623027,596.3850896195468,194.9601789196421,437.7579852285382,356.82679819236625,229.78650966319267,902.0641233131214
828.7341181060355,430.613344801861,376.9900280593225,174.2500207709602,412.11620611245434,3.9663674879684825,422.80410997092105,582.8327376569669,517.0560573760358,37.69314215702035,120.17620200147732,577.4737678821998,126.61373090706857,492.2261135357516,493.8708283892455,156.17459444677968,432.15494276567165,417.86619763523424,186.6686955888248,1056.1808273885374
1120.2321758638172,286.54263516579545,313.4515768732373,284.4992512708453,356.7555671909903,5.624945043267595,498.1642538787792,659.5725938615735,395.3417323880069,25.19786872874794,126.79405871651682,752.6965358322839,114.82602551385673,447.8711789797364,475.0975482567494,128.24923126382674,362.9960809643866,524.9291970225647,303.2856111083338,1006.5962823652776
1124.9945035459864,261.86849516574733,466.53305586393736,258.8775979335914,307.2144729872505,4.021397306740086,420.75911617897117,686.2565832279125,507.0230579862109,49.9262180481405,131.04091590990555,753.6423962863174,171.81631166569485,356.0986268823405,453.7045128967915,154.50998004112998,266.71532846318405,531.5017939600078,286.067661664673,902.5534470894776
715.2259133948402,347.6062795399041,453.30063497555045,256.8997904897698,276.11939257941293,5.47642460568147,434.55918208175694,480.3040134080726,466.17536762521013,36.25645344429649,153.48171315316026,546.3343077439371,133.20151552558258,351.4453221236866,512.9800819122747,223.68140783933853,336.02483278186094,340.30946444006577,256.33261531902104,1013.7802559168591
984.3258287396883,350.57979242691357,425.5292954649651,310.43631520371076,462.2683006570848,4.12535706503389,288.9150564082673,516.4069422714213,584.6965444897944,32.85116869959712,162.15964756221638,646.7906880354417,154.81712262613422,458.951529759928,537.6476213003048,156.23861998314237,293.22119600853796,367.1927616102289,241.71725383508465,547.4268069099978
1070.129647771815,364.65383525439717,336.59569993142225,155.0717103604385,354.4325689975825,5.995207640029753,396.02332840507006,687.6436238375323,503.4023645178225,30.782145690837016,140.62177502166412,408.1154739394584,122.92320417178122,492.46670803585147,365.8035952060043,198.592700803394,490.5112294572077,378.46973586717303,388.0180092151604,892.4266746033677
999.3551264338349,517.9610761834246,464.6157697043211,215.93869428658465,321.6399066133596,6.881398599680898,331.43739756560217,670.3125720352308,541.4196770736288,44.078588531314715,190.21755521627088,650.7966639928967,129.8787895936424,358.7252810083917,492.52715329960967,138.7383289910072,278.1088447483969,395.50173529006594,285.54150758420695,618.5668898710701
825.8678483819488,452.86269730643704,312.2651444727281,173.7371752179718,503.8434126456948,4.8173063330548205,374.2461874438604,767.8815828030356,584.337180318923,55.45867723191452,132.16920216266274,744.778818551418,126.98095041392956,351.61083902725346,462.51150695382034,176.63740504563978,461.2056048418225,421.48279076335876,335.12053472511593,668.1577145604884
878.4205960640021,332.4137711548545,395.8751537096389,126.20570023363781,509.6494867185577,4.964965211105935,420.91382598172794,554.5092528232348,544.8674241174776,37.798757358048675,89.28254491902621,658.4294655251052,126.6886295207806,376.13921769637545,578.1094070931413,179.29288281973558,205.24998598207137,562.755687236774,277.60113599999454,770.062058512547
905.095116401639,485.1846723839033,389.51897767124404,183.4742199037974,313.9291065181444,5.437181495832511,451.23179477824016,692.152203993343,433.7888080652992,33.787019033074586,101.15177785174257,683.978889280535,150.78939317867025,417.97881965244403,486.62643043293804,158.6759879629704,370.53356642332204,671.1711347597491,275.17778819607554,749.6050709317159
1200.393127851962,464.4776885989342,324.3050432655924,154.8587517492545,297.15917759642764,7.163429603337755,317.697652066706,616.2310784143011,451.17257946749186,31.901185854517482,144.94727222923007,622.6160610249716,180.8096507196254,530.9848703965226,442.81372040028873,96.14935080338824,273.4708073672236,409.3684948484673,273.31744854025084,1403.3165978271684
744.5987124594094,440.50149877843836,406.8579497593603,238.1150480440435,187.69038431948735,5.967853282124186,489.60746003909503,839.6606942809652,454.40280351657225,36.49573003698341,158.50179476986943,635.1630222571437,156.86906784986365,375.45655666912626,422.4420073511229,206.8209082310391,339.9757504325059,578.3961689939051,252.75499606457137,822.4977402306783
982.4718083051101,393.5465097859154,405.60207444382974,233.80697892145176,351.2659790968726,5.260173718626134,457.1380186714101,654.2599819914586,639.6589557747376,36.055509918453794,136.5235385312549,547.3840389024091,136.78660655713006,401.3980358909099,507.7760626731125,189.21738303232758,323.71664381982293,425.0716040602345,387.1257399576939,1210.4918080177697
834.6037428161357,341.13469415366086,596.5188838581262,290.2138178705611,402.56206885440776,5.412764265599158,363.63684298423595,492.0480168052693,394.79308007091333,24.26831516453781,118.59034952626602,674.5146485436894,115.09683443867615,456.8959218444022,533.9357396173023,136.99975168386047,286.10840010055085,482.12794399591235,322.0838509763944,1045.7591147442108
958.9462627036373,285.93532389038916,447.57135121129915,264.01293272097604,417.1659240262907,6.639254885222252,496.70213419653027,474.3771137486671,433.4031394762583,37.77236384422225,101.79022033757741,728.2912964863003,149.47098306117155,456.52490306958293,445.3713113205385,167.1251411969782,285.5138808971302,543.0525578971503,217.39209880032976,901.7154779000973
1207.9016943647748,361.930893137845,419.2399833742537,305.27497684459814,389.04533552378473,4.2661660629957625,388.2602142303659,745.7986283880605,547.3127205827808,33.62119738365766,99.50679847535872,712.4846599171956,118.54224978595752,184.0641205424695,690.9493574833753,181.72893507434074,377.4986943732556,628.9779456199182,302.2448333792131,842.8152492953247
1086.558959352754,404.49059877682083,462.2727607647618,199.46412426574847,355.44081491137683,3.9685654885193697,340.95599970428896,568.1494224951512,414.017050391944,51.552529794358165,187.3402216733868,725.7384581478926,166.9384382708966,548.6620839997556,421.9152967954549,168.3455278094333,320.51226665549535,348.32789906822944,379.53754743322634,778.5664040066175
1083.7755074012493,355.3999591174435,494.7806181663137,328.8428710944467,330.5273198456861,3.8023373576926858,369.8378325329611,893.5114926513195,415.71995644703696,32.44559869517496,179.3676103480693,777.7365007079044,123.45079563985537,286.2535148808181,454.3220679894056,188.27060040330622,271.652111607468,481.45261703339446,354.99266606667646,827.684594034501
781.1628324243673,310.9407890146981,525.792243457015,192.83316269420965,402.0423495423398,6.372183165452162,282.7291767881502,636.2880845723415,353.05818531468816,40.648977663004565,156.18784175812002,427.2524484431025,144.78562911521172,326.70079828729416,440.32234808720983,114.63723536116788,346.5062832578844,440.7444720081012,309.41155637980467,988.5042063889299
832.0351299639078,319.9338957735228,293.8763420077261,283.75039908896713,436.4568843153433,3.839037000508908,361.2251743559576,759.6792909198731,454.14844353094463,37.90032486827513,177.21193156230675,657.7624157310379,145.2676357549205,351.23171609748357,543.9924398525143,176.79459777460465,329.37858826608607,551.5565164072191,190.6236742325964,790.5991665185425
1004.876256865368,318.3797711662029,508.4322106038889,228.99523091460088,449.6898097726758,5.903034675145163,454.40807488543555,656.1662682360155,537.0850549737464,34.323974456343315,151.77771037774238,754.2385061141155,157.22553381207553,306.5094409434329,474.9992624098092,165.13321195973543,353.4056578095187,425.63841982111387,294.285420907779,965.9304511734274
746.2436124012822,276.9091161439808,318.7942076036151,258.21328678602265,356.9423562755273,4.678565369007161,531.5101963386041,629.5461128612263,393.59533027467984,30.26825292422188,124.84630133254845,497.26243460477315,172.0660892691329,426.0789600458213,594.5953674269651,160.64940480971808,372.40420185860546,433.09693177547257,305.8646060018705,668.0579095336418
1150.8178907882182,342.1007557579379,437.01658800639774,212.19396205585213,409.2287958133159,4.427918239341806,380.2836221883307,561.0408480173755,634.8743771168323,40.69486507046029,114.50223985141085,559.5372695040512,154.927923007296,429.7730951622066,567.6881239355662,171.16761632719653,344.70821022301664,425.8359513455045,308.7472247499725,896.7924110992155
779.8540618317991,477.377257131522,507.1959083064802,293.85128256723783,457.70580340035866,4.367086785523723,358.93565818228825,558.3243754798041,621.7861335249515,37.793707517509844,142.43207301469545,554.0238660335791,144.98763500594734,342.8461499041149,336.12054670091356,177.76205748753597,184.12272959516562,375.247935374868,330.75785446291496,940.3650074566899
684.4550860732732,327.77541758017696,379.72142492952497,181.49257456826146,404.017185547116,4.781786445908603,281.39337464644643,606.7637632828656,490.03723421651455,37.238691597548325,156.92194802113292,745.3455302317911,154.52977405559668,507.6729104822755,524.7535142793536,125.05843837657395,318.10529847080676,493.1302855488209,251.81247974604855,1091.7629267035588
793.4367193267699,307.41187213289305,537.7664775054584,236.26598558819896,273.7077825311303,4.227191758706878,471.76852677844823,657.0306754095864,372.6077586516058,43.05950402445684,138.27248272102392,471.55631877756093,113.0468474718073,628.6911074933614,347.9269453468241,193.8306157056367,307.3778093675362,417.7130836953726,218.41113808312963,904.264301245715
888.84087674361,326.4429781059341,348.24259457899933,286.4731953164041,458.22633945537643,4.366825136908436,497.00829369765574,612.9997326128442,590.8044286705151,35.38758265064732,161.41388163378627,616.6696338240946,131.7469505634812,302.12066568782194,546.8870061937431,143.85847115237777,372.90579476254857,516.6461822560103,317.5095226609075,985.1554015514926
943.9672234730293,257.2626388453653,294.2285028614799,218.92330127987165,406.04851658366505,4.327240206724069,370.23175351605033,520.4126712012605,467.70066540700867,35.29745773682939,167.96700425609993,659.4918148460458,192.75297365543884,423.88820365662104,488.9808725024067,169.92594386131935,420.0611162619989,538.1402161670176,263.8167910353424,880.6763745164338
1239.498249521496,491.1133646075906,507.8790118612788,288.21134016714973,330.2556185830294,3.9689918201332697,340.37429844801557,520.9912631584076,401.11571292903767,26.885858248118062,153.41965377127224,709.5407764825727,184.88886617999452,386.7357735707626,629.2737890022935,185.5735899282388,305.15417445464504,573.5413346613855,335.3981127379534,772.6526062137368
1069.2303299919017,378.237890872267,331.07582735983584,240.98107363523704,267.8993648922836,3.860181162901857,443.86274898826366,786.8877790181035,573.8073100452511,31.38941920238075,159.8798346511031,442.40488317517486,131.82708759040298,476.5642243957001,404.35368154116816,208.175437078588,304.9403274329007,521.8827379539972,333.7890377141941,785.6681365430098
904.6623585803364,366.5603418021123,427.4387821878982,298.69806731241795,426.7262734667165,4.598442709233122,503.13815728594204,535.970670039467,511.4586020857535,28.018589052908425,105.26676372505463,556.839359877662,171.77476235426985,495.6632746790957,594.9855985167535,218.31565794270838,268.7208282978679,398.41030396057374,323.19435338999887,996.6911335870291
912.7352385642005,281.3300312233749,369.4089645823237,136.80467157763496,419.3078240006867,6.295969441758847,493.4410342811,794.4116722095778,538.4503179784735,30.07343871268262,167.04234761234042,672.0433363254102,176.76823832633,445.3619357914277,551.6247642306109,231.47558977671673,308.32620386290967,552.6394710267771,334.88728587274807,803.3762253226141
931.8343849909165,468.7381995260653,470.4118338282516,239.54291811428797,315.6383312157464,4.777335786959238,413.5815460626948,554.1997828517582,518.2924352772028,36.15924775624982,187.80957135196252,593.4896570211351,141.62941653484887,452.0510194092251,413.02714352549685,127.41111091969114,335.7690224231212,469.25424766097177,144.28504244544027,679.7834789930995
891.0596380652389,455.36141190867,425.2533638337554,252.4473774488581,382.41334174678485,5.826225009847095,353.98180195881275,672.0252174646996,517.0726798885783,35.49915999405819,200.31140619752938,724.3046491885316,139.65985061624815,452.14164783175295,410.4192808158839,190.09505782079776,409.40885364156406,688.4039282075058,271.59741577885865,1099.6818764341742
946.1898815379454,409.6108245032747,541.3706576246171,225.17760504149356,373.58756275690615,4.670633562353894,399.00638104311594,605.7797816592673,498.83625058442124,26.454052356170273,132.36287414005088,593.1564272920099,166.7495621408451,418.9205064173294,599.1118480017699,131.33834652297176,372.5721941976464,491.4242038810798,253.8875670049726,1017.772846373415
784.3579396177403,418.73853578650926,406.5270370390699,280.2465629716299,270.6373488469666,4.831860158444413,503.2834579455723,630.422887912224,478.91484570132434,44.799064349876886,179.79016429709148,677.1851571209875,113.66945929439201,492.6619639870812,536.5827550825828,143.09554557533409,326.40655785738534,593.8260226057414,282.3286993446449,849.2856408407205
827.7063446748863,307.19205171268027,338.073136560883,249.06816170161704,399.4936311654604,5.4572579559530725,358.5665211928145,562.3139974961887,543.038590323522,32.01298432739597,149.17435038907843,405.48910444113756,111.55984803250712,603.3141085508881,561.2616552244297,124.46669393357604,342.26684557746853,475.12187607106944,327.91116088521676,828.8997352231507
969.0998142979822,430.19265002263205,511.1079541911632,309.6376749736331,358.2243253358216,4.354491948173081,386.09543851430806,511.0532558016282,435.99983159187406,31.31112985530403,136.80069189950694,684.7518001284296,158.0822831678184,364.6364572638446,591.5869159877597,187.98370924572123,235.52414979826352,569.7325733844598,292.1139688519367,713.0755438292297
1137.2495521197548,415.87097183337863,406.9597809750789,233.59449322282617,449.8660329624436,5.203185279303369,450.8239811934095,770.2402880000271,530.2513547803187,34.35559968656972,117.47365743701705,518.1735515830275,126.1822630663164,379.36183347134306,608.633369006279,146.38016869646668,419.9412740536441,522.2807555052597,331.83510997937003,697.060320155285
662.5437692336973,261.6462972369044,319.1281708379996,254.10537293341264,378.4903650308565,4.273416018120081,440.58532124180687,884.4225714866575,548.6162175452622,38.95845881558869,141.93806429251862,607.1006164211033,172.44286492343576,280.4763570227967,403.4240816011806,146.00456239575692,463.3710154665946,428.88823905181016,411.4380332285771,755.94858025541
973.7336041823659,352.33112829638566,543.0590796462549,253.7878158735475,388.69094041691693,3.964857452744374,317.4499174313421,493.58305452038474,487.1974023469848,46.84677327555679,171.69937912766926,469.0754790929713,147.90969678341898,413.3861663187805,410.07841250638745,217.83657090140682,381.86561796817927,519.9924382318587,287.81463265212614,867.7198153628495
1230.1368007803148,285.2691637236016,476.1592944562932,269.36787893188006,265.0531112655025,5.3903672379254575,570.5132431188421,262.0568716792745,378.5961773402111,48.696012422395555,79.81993500070226,658.3163335633683,134.8945916110054,349.5445545581932,700.5856495423089,178.0242071043988,421.2490114412496,553.8663642275511,234.99874462994634,859.7935804014712
1261.2966166033473,394.7014136065218,516.8377500328457,186.57270750246403,407.16749683698015,4.429261734735966,462.8215307075262,335.98735132883616,456.20250947750685,33.75818152269048,164.71306095347262,593.509154353924,90.55530380552045,344.00299160028095,603.2865490039471,177.66031226238124,291.7373526815595,486.91019032153645,262.23898441867505,1051.484164765253
1033.5202503247597,281.3372342484728,532.9444197716452,240.28942469878427,399.3911558357845,5.577935220359294,454.42625297519135,440.19356872286124,558.2798990203094,31.03155038505015,178.16264812456856,377.89719611002334,160.28506892566088,366.33984407516976,489.16435834032325,137.58546741756493,336.05252579833353,485.50629466672166,327.6211114137607,981.8656964778626
1207.7020305112392,387.3310502598195,435.8877176444428,239.98140756470198,418.16553267955055,4.803674335917796,502.5476536953042,742.2753431414309,456.365183462901,26.773672828398325,158.54734544598313,555.5415459357145,127.48024953292912,412.72719547580033,606.7914059003571,186.3967273963645,395.66954464068647,522.2696849346461,260.7109868179707,852.3297014331869
699.3802298747514,302.6967506858151,486.3928345731937,231.796535863236,393.6066078015728,5.858868237325447,305.9455069352143,527.5689848007295,475.927002713485,33.6281454383609,144.0019714897815,707.5980085793387,122.54923330696519,394.96599073281743,463.3398993721262,194.57163669033872,369.64250887450504,696.7439976288849,439.141372426218,1077.2777147331456
952.2066792967919,536.4088097690142,378.2285990764398,285.75613000066085,357.6018042741306,3.364260687835632,360.35864617606927,856.2406944881412,447.5741294008185,29.964005954767433,119.43469878284051,590.9577234894668,165.91612601744797,340.9622458298629,686.3097141648838,113.65866571226118,403.68386743309526,341.9783903820835,302.7551984662878,678.7877723855011
1099.7993471543741,365.46704516471306,473.95358137834967,205.01564494478788,382.3158572965897,5.783342990728702,451.44343502036884,739.5867798415154,470.7830375026839,25.78417637935658,148.87921683827494,751.7197659939873,140.28331371492663,291.54761701358285,504.884711848799,180.9320746942854,316.48526737424567,482.6054087059435,350.61117333371584,959.2010137970251
801.4549828245788,288.17396019264856,370.9025567462322,286.5294164649158,309.1974144797939,4.023800406445865,302.80966610832087,611.1908380240516,379.03574307604833,35.905267290607895,71.88152881907324,484.54924797663944,175.95976513071508,429.99133758195114,473.2341412635941,149.830427329336,329.359798990876,508.9692211523982,374.4105969318774,1068.029680109943
977.5931317388779,454.76109836196764,521.2680804895455,194.3192850588132,438.135336653922,5.190568221986986,412.72277864002376,587.2601212921129,560.1512641177499,49.02613933307029,147.05263244294397,652.3001745821648,150.41025223426598,348.33262073005307,600.8021448165733,153.9979695294363,347.85738196559396,474.1063879221698,320.6073370087783,1189.6601494445042
798.0443258646831,305.88762898067125,417.9807016809446,272.26842084371174,397.36587087496065,5.923569032739868,359.88048257636206,765.6951971891623,515.9191095314575,30.371337105401583,138.33054487073844,452.21324275839356,135.04937781377225,564.5568432164165,453.9861634555801,166.08889449436424,317.0205861616902,471.5569122491774,320.60058268490934,843.0360351479869
789.0208773394054,397.1465040533334,372.14415568380605,241.09011544704902,438.37059496947484,6.126399555146043,423.765798943157,484.9884077386047,458.6984530055201,39.82456787209982,152.48002438937218,538.963958742293,141.2143815576951,415.4368555111686,616.4979286172427,169.67838744972167,246.47695147671672,643.9563430682238,228.21740203004362,1030.4442829985474
1098.963532695297,320.0710905282159,423.5552311885651,196.32889245893662,431.13896531994453,4.4688745762348825,376.77505935466434,582.3469338302555,423.7242995077048,42.419549084340595,126.2049389667653,516.5421732699695,111.41558086921918,289.78700792882694,472.1891898984431,220.51035640126798,358.20551097295225,323.1186893621192,260.5458475782881,1305.0156987438163
849.8496840264415,303.8544791940332,453.4063472698863,284.69943035542803,305.878696048969,6.539083704330923,285.7832467135175,502.62477760356154,526.4504117916362,35.21362204074465,81.00612445697729,528.7053585532897,158.86678471756952,406.54266863663094,362.0683612107428,218.36038924227734,416.7005680776416,475.8665577693635,282.24252003927256,971.3247454635941
963.4631954450292,358.9650407380237,483.1375326450668,174.00233911201045,335.3362696025328,4.365158490269992,441.27833842930215,566.6536325721293,626.4177327383668,38.46774773721127,168.78132917696132,639.4441587950978,136.9559230623168,407.4346045501621,437.134018730168,138.81313390834532,300.98408532757685,489.1917112576009,268.51470842484787,1044.1581940062308
872.1471760352367,385.4815541046995,472.0874622425276,311.1010405577396,235.07988799482843,4.6987559371835985,485.5053283072287,573.5077361547025,375.5043848147614,51.57315007607976,160.26517992760944,416.89171950690775,112.69691110808213,355.8334578689529,449.5323532570896,164.8814276887439,387.44400008093623,407.853164473785,352.24986455009133,1119.890080193305
1015.9820801314344,416.1247236609383,361.50788677631385,282.03035988208336,362.6403885546593,6.376855824620698,479.5065551101469,611.708153442169,509.00988441920913,37.774887724817674,169.85547074524845,484.9251502782246,152.92611470371227,452.3499924779559,523.5655506867793,209.61321034019196,360.82761196578303,531.246437412096,369.54501255709584,682.5843651560772
1109.3019235308884,404.59371463584836,414.9416422348021,284.11711426981446,262.1584141971346,5.219982092722809,430.901371425003,803.9987074753963,625.2877499278717,37.60559518549628,108.42968502572202,657.9363766404349,117.89955556133083,381.0447738007386,542.8320347534152,210.3668118362379,454.45073872153586,457.6966920423023,280.08717756519366,1165.0691025319557
953.0154144297204,300.49744930596114,360.77858414952203,259.870969590193,443.3049138664074,4.6088063469125995,380.3301056124472,666.5305190047585,469.60592905376797,43.59705759006886,172.8757703325562,538.1827019843184,172.79050743523595,502.8453589374509,555.1270900799487,132.19719236491133,414.77593179140257,409.21968277967767,272.6061270369865,918.5748502692046
983.3785265907725,373.55993157166665,427.2124412672665,208.91043287138123,394.50809057275944,5.353258127593673,439.1623944475891,411.63746083773475,546.1212317385933,42.494045073114506,171.55863878803913,898.9568835201233,89.8177363522529,360.4254590518821,467.6632451916638,101.46630379070689,406.79443949314896,547.2586673333009,251.1033743419957,792.3802132066276
1081.5863095136792,375.459041487514,214.45740355384217,268.92935564274023,437.4757241303285,4.978778245035379,334.7629210619732,554.8265185099059,489.9422678061889,42.67668102918013,153.70353243929267,670.6396424982506,148.40043860887712,346.9333377253206,613.7004503338346,183.893294141754,477.7270339670183,459.9479949759181,263.3975307717219,1080.7315375099865
1009.0072235301077,401.0683308711183,324.86069218348365,219.79292863213635,453.78666909083336,4.371330135315187,518.1847135186429,525.9927883886202,371.83236250456105,33.9136288673166,130.22878067984277,476.8112921377285,139.28622991372063,406.8019912605934,404.7154778492255,173.08474460371417,223.30499583490783,506.34087243007497,259.7815953460964,1026.0063917099515
981.6114741505183,317.3616513706764,402.16585176389344,280.6944558220169,310.0207549068779,4.415325861518239,316.8940051564313,657.4626475445197,463.11490131314474,47.34068100620094,143.61990310713995,835.4458896671694,130.9185748371574,341.4667001433302,461.4675928977453,181.60383738156156,320.73607053717285,446.8357909497568,280.4259444935337,960.2890245123666
907.0216179030699,375.58228045903667,470.2487943766011,200.4913512977586,347.05312631307874,4.866784754432172,293.05792762427683,620.1232792863309,516.2580859013037,37.86608843920197,120.12957154802045,554.6964449493448,133.37749356741227,305.85308650080447,492.9960866633027,141.78263578315799,405.57036822877524,371.0122862766448,316.58773981277227,818.0459148858832
868.7998203701711,352.5524041696977,365.0034805362757,282.882162345008,500.13240384870386,3.7349055974614975,301.22968216869026,804.7133822559582,683.0678402904529,48.083384564775976,154.11639737475568,1037.8416578650124,147.1522290560929,443.9567740018423,484.14293415871475,117.08302080842945,256.7972424751705,491.95025765941335,211.62771348257877,800.0580913334985
857.3023682662339,282.35860175404946,280.51300874710046,198.53785436356873,364.7040164813651,4.729830660896609,524.6336473340324,675.3167320656356,419.7469001773795,33.60708486461641,167.12679034096652,693.3849437072996,111.39668914438442,346.7677372394947,669.1419329102287,208.38368167652484,390.9075175932908,498.79452376279426,277.1673923627529,650.3344270324478
922.3337877301327,341.9394528427251,392.66643247429494,222.10881926722155,440.5123696895816,4.078337266623022,396.7378043962903,627.8071810547729,575.9723990556843,31.479471764257195,178.8071808209923,680.648585881701,176.41380625932743,268.57270800211097,607.8508844805328,180.80667163442655,325.0418170870941,464.26486823132865,282.3371462735344,1045.1834846206257
972.0006274362814,316.49917968879504,414.04523890140985,244.36577620741394,440.63564168439405,5.468213426433035,347.0226557207149,431.4495745014451,446.25991129340855,27.52135927470347,157.39159329122316,625.7062015420485,113.15717977911876,300.62704188938744,440.9488920538022,205.4353154864999,359.0131454505655,312.6221388303883,347.5900499881521,557.5280131962454
784.9585934734264,411.1663587246053,414.188396885635,165.12872208966414,369.20955580498656,7.2407229301448695,346.91604461229434,676.6026634911896,583.2920247498704,59.35237851222489,140.27668891264068,639.1470277549042,135.5388136316187,450.39940339220794,562.9108536579964,158.8263876909185,362.9675648780637,433.817792187621,350.6381992376145,1050.7915999227655
672.6127628655144,364.5696658378632,358.03973449705893,283.38560060110484,435.91391776504696,5.634708784112969,537.6084731661263,675.9869526022934,447.6061462555173,39.101505664936205,142.28675445682197,808.5130568480224,130.05275623629458,301.12177241802567,576.1896260167498,145.6372854990622,314.49309967407703,513.542435828424,343.9356727375088,994.4062475500874
867.9140486343165,316.9364437574978,508.6495453190069,215.892282623093,503.42405329872196,4.308216600965344,433.21034390179955,645.2101891967534,564.221453845749,49.14806546541578,162.48463504331946,721.3955884838332,123.98295089227764,460.75072489269087,574.2046024971078,231.96747896550772,260.9857211237473,442.0834174587069,411.58352971603875,914.9446633987505
839.3551601225354,313.7914258922258,441.1074921391965,248.33270825990903,381.32667431338785,4.738028451484159,518.5850810897241,538.4841944982843,503.7279653117365,42.15912851835111,154.83869761414905,694.3342622573449,132.7945495680419,397.78042431397625,534.8864019028817,175.668281435311,415.8172937075162,404.14055827679624,205.00098815840158,867.3021872102047
1026.6967095241,341.64978898353104,407.24493648593847,232.33491264331676,342.85454482228903,3.707110642414926,339.1797109246287,698.64316779277,499.40321481120486,39.00641603166878,157.77826019168455,726.3669985045109,132.43761644493665,404.3626735611627,554.4731472072083,156.3234798747551,346.043931758168,581.8194410378441,347.7393066018835,1094.2581556050382
1106.754933037811,314.29353088835836,447.14946818470366,239.02285515399385,408.4566295971069,5.314205796522041,409.2653114667227,664.5378449228303,662.1945871189614,52.82785406379132,109.73313249302042,702.9829808170213,176.74638364728898,305.9877601181511,578.637720351953,157.89452528373008,273.77162227576747,408.451523578418,218.27337309098465,1038.1267012053736
871.5706484250388,331.97634699961856,463.9474981111097,158.59558500211523,373.29087127845395,5.14941934480172,362.71280453728957,517.1817365534279,597.9485038321469,29.094179915098675,117.66316395941223,501.0606356714584,178.72408228844867,476.0575811692622,437.17070349261263,181.24733111584277,327.015649340585,584.531741785367,324.26773020405045,978.408336854192
1233.4767797266493,318.7180011243351,200.1100620663809,183.87125698330937,253.3601855147676,5.032579210631292,392.9760833621108,755.4875419435418,423.1708589327145,41.11640018687925,176.60288016997168,495.0849440701918,111.3360047597645,378.4404781301407,301.52307245123234,155.8373480254926,375.2068320758026,495.00419435012543,290.48577765335665,1136.548835612652
898.8480175522396,459.8398113907494,355.2111450392811,133.42692426135028,202.42882539620717,6.216414363374904,415.8694141693587,694.5850913568335,555.6122510113692,45.196961119118235,159.47876596655303,468.0400964212684,94.80883595869771,294.80755764180475,409.49942078614527,149.81732954206598,310.52992455932036,613.8744719012456,380.1869834688259,797.7409200632874
785.399394491018,397.28000810721585,465.6796022935621,236.65832531959225,392.4621655205474,4.766031808122552,355.4248241371943,749.3648398021222,638.8367852624153,34.64170047122565,138.43357184925483,655.4528286840896,141.94853049750134,308.8812772510012,565.6737980577761,172.66751072587314,442.1304091283058,586.2876114443362,172.31991270409762,990.2660548092792
1224.9150151044892,418.12420616346895,523.8552992637465,295.0954206705144,443.09351490022283,4.383294103464632,366.6560250540728,540.6375304061327,437.89969129613274,30.092178562850037,135.95901905670618,720.566447957097,118.56403618659809,408.4672121872929,490.72002649360064,117.17687497252786,375.4816730137949,441.44625315371013,193.90230162768182,1100.4316037317233
944.7272910299077,353.1023469094318,410.15305649958833,215.62530752344898,339.63550306487815,5.185756905802316,400.0288721962027,587.0132864385457,488.09519950700826,32.66337326162605,142.53969018175002,589.5995139503235,144.6905373908247,260.6285671215875,627.4564165050066,171.0214627511445,436.92146044555136,295.6827061147952,259.99289895684706,919.9872136637626
1017.8373543187232,347.89998248783724,444.5954722842361,239.88949185077664,438.88178227337903,5.729463305687899,500.8616696880546,498.29075533330115,423.86136991208923,40.25646111130649,143.95279874536715,523.8794361201244,112.45720425573933,343.32656764989764,388.38989163495046,86.21854680323256,236.93038144666076,448.2259681373656,268.4735238247498,782.6023598493343
701.3272269107636,405.33282158321873,513.8677148924628,183.75177463258882,332.9258883559596,5.001098760985432,471.2585412960975,737.5126632740198,481.3269888216352,33.81175557592438,159.1639325186312,740.4210547501988,158.32333733463273,452.0625807757046,613.5415380207376,171.2870234981536,205.59867260256172,427.479618132941,255.9433983887202,969.528219344676
769.0801721317173,273.4501471313002,327.2143198040053,244.5004175700816,508.37349123130383,4.601408768928985,350.52133104272383,643.7624260491984,312.9570203847509,28.444034941438595,88.67999357949239,854.1130942538839,180.63902798967524,464.4771228025337,387.4839270986517,157.2874066240586,215.6494712893951,484.44181149038747,354.211209466673,781.2750033027112
748.866982026059,327.1236142823772,298.48482165614803,243.718352329544,255.68794707811708,3.5989788097518547,374.96089273460495,755.312378666151,401.00950817525626,36.783479249750016,151.7951758945721,542.0368721553735,124.29024952824943,317.4676780701122,445.63533732054174,117.87053662627284,290.6038141341505,304.25849333449963,207.59849722211777,744.5030994255148
1096.9463772714944,357.66260657012623,416.20974915618825,182.42125994306488,384.7569672914364,6.248522592203885,546.9006291134915,650.279575991404,512.201384507176,31.801434828073628,192.48038223303604,696.3845382827751,143.2051033302577,335.1473416225326,553.6655133741853,189.15253176994054,343.0092649359373,453.4838905741398,273.05430862252257,847.0719882034315
779.1988729874415,234.2499661182297,386.35451555624644,204.72927429280486,396.4128651363326,4.870714661197481,332.4801286185209,493.64654168594484,422.9015110796027,40.56238744114886,119.38721086576754,699.2982053289425,143.0330435460956,369.63093930409326,455.1233176358187,205.76155278573998,352.08745756001605,482.6827417866878,224.3739765777384,977.0686665485078
777.8715011927287,397.64086894283366,474.4247026394804,242.23565601532275,500.0711883237017,5.838651534609359,300.9607568963609,450.21260974797707,490.7239925158975,34.52525612205845,211.5538951840146,461.2331825060335,135.83448027903296,512.7989866508194,515.222860844577,164.3850398220621,242.5072715568906,477.75215121532847,238.38344308764363,803.6200127593897
881.87221612959,222.7245169802491,414.9401489338194,259.27227121251144,482.9882565068358,5.656743361486784,307.58858148229666,766.8301218228014,577.1739417278192,31.39577938211563,121.43882353278744,376.4830259204114,131.72489365509097,359.55690404823923,519.4078590962447,169.3815618875347,310.6177276901232,516.9154567246189,217.39246208575457,851.4816159459073
865.9614043612808,271.4538280899045,333.6510785402716,146.26485528573477,359.9922562849481,7.127395159169247,284.32204581840807,654.6940211047526,573.4252575137563,44.18363122864977,158.18511437096504,578.7640568073188,152.32582931111236,417.10997587339733,532.0072206365519,128.1438512651431,335.8658981634071,503.4020275340882,213.29581527711986,1171.8474174318649
944.4014404267541,270.22903475452546,424.3633491572966,204.84042602184758,346.2966480761128,5.088268584071286,413.44644593340826,651.5414505557922,397.4656735478235,41.62969418903696,122.07813144321622,470.2848725213979,128.21810292757112,568.4003272424959,478.4281607020421,206.4274118154404,423.40276315691256,441.760245489025,369.87123462837144,832.3711208847691
914.1528763890166,483.40328156898494,476.84779410913495,151.14203834556787,527.7777032859227,3.7009802813618267,463.45431884463557,622.6021717504709,566.1515113970477,22.44922467973015,151.7214542360491,479.3854665073602,155.7045382845518,359.87393557728643,541.3369992986809,159.59227372058626,358.50815913355785,458.5175097108662,348.33311211467424,725.7145631654319
993.13042286472,438.242807823718,482.3958101301098,189.28173738913523,397.9148434417643,4.738559639347696,451.9502358228078,880.1395004125578,554.0900816040651,44.64885389887649,71.32393448787741,582.6252505265729,129.39843303527977,556.4120763925989,523.1696979817501,191.41631064937312,399.91432727096674,605.4864540664955,298.36085711215947,1136.0854824519815
852.2379730662622,467.6981658579854,323.50263021260906,286.7227970156508,370.78156955746624,4.621128928120266,436.01423497585483,493.3709119916529,471.80282488781205,44.07975840244737,183.66504377567142,763.3533053530068,130.6724159654726,379.99538557398375,455.5461505393244,209.9336163822147,449.2840294880529,374.7236294090188,295.3346839470269,1020.2814390516766
882.9654500546278,457.8920202309373,474.21582561843286,241.47380828149514,444.9698840043503,5.0852372859528305,418.4747363574256,627.6522049130713,583.0634160683378,23.285257264664295,136.35902549627036,686.0507027739224,185.96011396483047,409.5604991737318,664.4244310935419,104.84374779275379,335.44655964644653,462.75859386644134,183.62818713638364,855.0949647630858
995.2525957345598,490.5837040731832,405.33008625294013,234.05952115238193,552.3897683226243,5.26397227725215,437.47574029064384,420.63495940026314,447.5228327439277,40.83402665996945,188.01299562668575,563.7994093463876,137.45883035642564,392.12705863182657,400.7911773197138,180.08223900091645,324.0083769040092,466.13071156328334,326.0784457369783,748.1616151248977
1004.5322926248257,324.10684083282445,296.5760356009775,200.19247422383785,359.299744121221,5.103887296983235,338.3155947530265,558.3939931475727,304.5352324568851,31.59786581086049,148.58891815157716,677.5789073235366,127.27841267994361,509.789241153435,499.6286647179537,109.6367238361447,340.23364781199473,573.0822267579471,255.6470998433939,988.4438503182763
986.3999312089505,230.6202874590502,448.508767334007,247.43238582052763,327.2026447739723,5.141120595733836,415.7434474494758,727.2583569265539,501.4200703219644,30.84192807571844,96.84428845593331,805.0511017882691,133.32052022462847,286.29612076345063,320.257534502281,147.21884417314484,345.1733037562821,547.7591902433261,287.8352766811805,1036.1533808888662
1232.7422727988394,441.1090254783709,384.2303579858642,208.64297019753755,392.08141364767295,3.866499509232825,437.3495500508529,704.9112504478253,479.28333252124827,37.653221417240005,137.51044177997773,740.6569376306855,161.45780013179336,284.8401301973536,575.9185787377196,175.47443184325854,377.11560172942086,382.0982660850356,347.0779782322214,818.5069771115056
835.3527579334464,386.34737896829455,354.83268938794123,221.43686443077823,279.341266935064,6.282941358610416,444.56669894042255,693.6260425414619,612.803646842588,32.082264416369206,141.85240455241058,640.693181170742,139.85539508660628,472.4354158876799,563.5111622477982,119.18668916281752,272.94659423571136,497.1220496309029,312.9640185670369,942.2338860425243
717.2942996534259,347.2870212802713,339.9937863163262,194.1336251802516,415.6700096648219,5.900976786695283,379.76176110531236,739.1083999586402,532.9804377238214,36.12272105321862,131.89459702365426,601.8302421655882,138.27360834667346,305.49181645024163,747.96657957844,191.3216683672894,437.1982885856687,249.75107845546233,234.90820032547916,1036.7733157083367
1165.4032481191082,275.5812390711977,420.807186400981,203.06553249793427,324.30370347694,5.24662488829362,406.50774210385214,626.8104240890029,491.3153451322709,29.41711528519298,143.31193216614142,647.7831751836809,159.95331965861288,422.32190579770185,485.2206243708149,135.2787428180544,327.7781907650131,479.82774784286846,346.72571974276264,533.0592077151662
1148.5563920792981,355.62907212555945,304.8678889789519,192.03388604050062,484.3232131425023,5.954133522516292,299.69012750328125,658.2965544282703,460.15682956572846,44.52682580187929,146.58415189292361,668.5399347135912,122.39077633426388,386.415255146575,500.967653375036,181.2627850293995,430.9460636209249,473.0019294143759,293.1954725403329,961.6966693969355
928.9990959784338,286.05083115252734,369.0891833642008,229.6230049759762,395.4205059708309,3.069575457820919,364.7707649368457,468.5010081845188,349.0585777986979,39.14481573849115,137.39288520724205,752.525325060898,160.73485131685118,459.2444118597051,580.3505691764015,126.54286843859046,417.5176124763233,478.42302696282536,239.41273651897404,908.8715946532697
1067.6396629628666,403.65215219124724,360.5063424953716,204.40866347412134,407.8314320521361,5.993767173561433,434.8036103662239,685.9006595139288,578.5830280423371,30.064502160782233,179.2903210247536,629.8579195169021,165.42913527633405,306.70817807988703,637.842261706563,135.5158960188516,260.49987612954004,542.9823509279511,306.97124726856424,953.5429961054646
1097.5227212893687,360.27708203589106,559.4050686622943,294.87720665495397,368.37938607942544,4.956899036193477,376.2426087877174,483.82182329322757,356.39974545743166,44.53533014338971,174.47391971239242,717.7454170528907,131.61223498330426,359.7476460747135,469.6934121047603,212.18882688637382,428.11371885919493,320.08121804553923,264.9630095761662,872.2033048597634
893.6804071204238,435.6339651659082,492.1945044898179,288.8582168296226,412.70566994715,4.560498112227835,384.9133385175909,838.9922480530615,649.9226213272012,35.30968916878394,160.82860603002828,569.9279306119587,115.67582603304659,498.63511227101975,404.6228147130919,193.11854293040344,241.48531043361865,387.67926557642045,323.668253030091,1022.5578375800933
1302.5335081039743,243.1381429145772,447.046061144484,312.7358927665082,324.42888395721866,5.822417969616616,469.3326721293423,570.7709322886875,380.91470937916426,56.125553761549696,148.11434249126756,636.6921907071616,161.32180521399727,266.1504427348027,526.336066417537,108.83919574634041,400.0361192786967,471.61615830164294,288.8801712672206,1165.0363106956095
809.9236458248313,494.1638836258745,437.2379468976133,184.31157657964783,306.0728238181998,6.448110432508999,359.5867153931991,614.9174839547711,472.5122241305641,38.97477994304281,184.67725349606025,789.3160834434746,126.00340289903833,456.13343058319606,419.0663631407769,185.94054051173424,323.7430707181131,513.3510097982693,247.70449722466324,831.3811952191681
1097.0521133822917,441.07873036638017,407.1076029611483,270.96379908973006,355.87341600602997,4.604514940211157,279.1187685484878,597.6287938210555,351.96084217321385,40.58781359626951,137.51296301129688,478.3133847738379,169.02338702983036,406.90132102268274,526.9599373791746,219.59096592734306,413.42685356282306,443.23607956489093,210.07889358187538,718.5655949290992
1110.065889588162,292.11250153773955,400.3480802625587,288.4468789562838,420.69544492306466,5.455035140093625,456.6653740200169,805.0654505604044,306.70936001891073,38.99720175941576,171.40338426158996,635.3259706253725,130.91854513926745,423.6874967555011,592.7889236657003,107.51020607787979,330.55506298850287,282.84344393694727,278.1597270551148,720.1850937175286
755.4858241495025,464.04338739045534,526.9742205366018,252.38607945278824,383.5815135197167,6.718430810981199,352.4271262265376,571.8965507551637,627.5085117337261,21.234135683344853,157.00234041265918,720.0917746862316,148.72698878010186,433.4991955331435,543.8246279219312,158.20999203284396,389.63315955187215,481.5921446010235,234.41954732763563,1077.941425428244
615.4232999951275,402.2889273370084,396.68634229735454,237.3262310385249,371.46226559045124,4.5599402613480615,482.6353588535416,671.3748996161494,597.9398184187507,32.14212941483825,153.51399856281552,529.407359245973,133.9861646983413,336.49359356454454,438.8295012745356,161.66676735490466,270.67734143971995,514.825663839515,292.51844147141077,1027.58870283448
806.1384324682512,298.09010206015057,450.8733762318551,226.1611028310927,367.0601009647599,4.548723367337687,509.2325434509473,764.0358091829545,442.21970028398533,41.23547970720717,138.07263013338732,571.9311462447422,178.53237691678174,395.4114021846857,528.300573137591,135.17342218947346,514.7284753550463,343.35966008559797,330.07139100513007,1283.955014639509
1040.1659335919833,398.68048933504514,514.0586717620884,225.98968899348714,314.6641612062438,3.7216661771837334,336.69901550982104,614.2807037152476,519.1063261724897,32.72432597722271,86.35641426210508,680.092815600771,136.98185252933928,355.5964762109625,577.5120963224676,155.45374387204112,447.70891725217496,434.9765198830082,238.8589395084069,987.143148011203
986.4773693016563,447.5020104265231,424.9982527513195,271.30729028793513,444.28205556632616,4.104184397987025,442.3834552440186,657.5719838632289,440.9648034171324,46.6275359157388,101.55685614354223,739.5381755542448,149.85221560423338,342.30154313326597,568.4097757076576,164.3593472394254,433.39818656794466,486.1775678669328,353.6774099216485,896.801595333177
759.6815115448599,266.0374133297592,500.35390632867745,210.59992044681186,335.97189645565464,4.833378502318557,457.3841210252441,486.05915474887956,496.6690626966014,31.93118345634992,159.43276863291183,590.315317770633,157.16351892124612,404.6208663433369,646.1036388490339,197.39389079346677,458.3098092235999,374.6867971722425,436.59789355132114,937.2089670220134
995.2097869088198,497.65725464461514,511.58016151664503,171.44775923164653,437.65034202525493,4.265847555069625,452.7510764500616,921.0091910645183,506.7140843468947,39.722181705232174,177.18403132378305,631.596354453667,128.483062559786,394.55290579671976,612.8874999983593,134.68445034478452,436.68497070300975,476.5784402925936,168.0493941275372,1202.8611289121582
1284.9264019779107,569.1489001625011,390.3756221571324,238.4194629705638,405.27410129433457,5.49529078198221,388.0971725069138,668.803517079753,472.58222237122226,40.24545363209724,136.22366935889212,768.6964251579615,149.33825704566,276.3650983330683,523.6901057606026,130.52123585820354,360.753851880588,411.2570914676236,265.7750787912202,1125.713184237308
1155.3438663468146,385.4884261457729,426.0193572607875,241.57090676622514,358.4715193236653,4.128987183804228,372.83165470402645,351.71333232362423,496.177509290115,41.74056134464384,145.9860503695629,720.8973675677992,145.04321736578004,425.0525773482194,636.2431992027009,185.64819653845925,389.28129223070533,633.3705610064495,260.8568978535537,659.6097470758232
907.3600798806523,434.7174206602726,485.9949647154193,154.28139347158697,418.8647845983148,5.900717391646009,374.78295669533867,417.74543114022384,293.1000980248067,36.47626529846145,154.07857668145684,426.42121097206063,113.2450344486942,401.6928518693286,502.76050009808057,214.00927024103896,366.0817425111444,634.3928140357821,232.8021366578627,925.638549693628
792.7202812320785,405.6873899963736,377.857077458282,212.26678487413048,367.9528879165541,4.186280943519424,432.9569695238828,607.8213424637323,384.72132343083206,50.0319220968873,147.5665995267334,709.0511784734397,129.4958498850221,499.96217703581533,608.5190553272245,215.11378796776796,353.31461093036114,545.1510767605319,261.19507058200736,529.0757534842749
1031.6309481794524,438.479930678351,451.01737452248966,269.982397544345,418.41261243926516,4.923728094042853,358.21585518718956,522.2174384632984,418.89064130703804,41.745487678126636,136.2430922930328,645.2414683772896,154.10767659227196,480.84972240299675,594.3150745723771,196.55721853122287,398.9481864623741,409.3645736822636,247.9460386858245,1073.1437257683556
1106.0269771839528,508.04621488719863,354.1822848419133,228.7821922649719,380.7845506366931,4.388276540643956,517.0151215764741,698.2119108842578,514.0187487022395,36.04229801977522,165.88755374919887,635.0902845950734,94.18802346800302,406.8872080178875,415.194886379747,165.28740282123314,435.99437073396825,462.736379135319,289.70439152376764,715.4475651877863
947.6331360081928,319.81653801634565,487.78550878226645,212.86511703745086,390.85320406199105,3.427896387493681,464.1275972163902,724.8447955909054,618.1753464670612,27.78914531200772,135.9767284173181,654.8297766963622,152.85459678462882,414.2638469211778,534.1632513680987,207.69115387531394,270.33606326750794,479.40583689095786,316.3004607726658,866.3979726329364
977.7952001644308,378.6124794180839,366.1392643638506,245.92134601222114,381.32556589816613,3.2958110849683075,432.69038721145023,774.2573046599233,610.0511135088027,25.508046599045123,169.2677892625189,437.1317127178568,121.18455813121048,339.7395028146254,718.8345437593701,173.8433058459673,416.2507020719113,570.098925475831,264.1961755653215,944.0350933623791
963.1500337264058,316.59148472044546,383.67642891541584,198.43901950104487,334.4242456842351,4.115293615361585,423.41680634841543,505.2922022289716,493.01201233406925,46.08412144345324,177.56163429743853,730.260990189294,142.27932832982154,460.20701289172655,564.153645078478,170.26606368063392,370.94286407935556,456.230425514672,302.99097755156333,953.0549335028713
860.8062797394973,403.5439788788325,417.98435310962196,246.22641732887078,445.5861487460739,6.461068614434353,360.77293661488136,557.4716807760558,580.7797886812061,35.124699941150816,147.00015380989052,414.4084187806428,146.58360576329284,329.92793453339766,613.4435213581835,120.36696194907918,435.93722152630426,549.5617282623623,319.2460196721778,754.4923793693245
960.8267819678186,370.9577231461643,242.80718531391258,265.0966997349088,350.4757428908466,4.628270469974395,386.91709907387394,624.0264383909449,290.84316912471695,37.091128819393695,183.06449724621996,624.5714183374687,121.69294541702217,321.003353627108,321.41516031269424,172.75322616150672,324.3277996074319,457.6571795130419,343.4225964538552,955.754834534076
978.4523788469767,306.14951532818753,373.57420297352996,258.09749916568927,387.9057361802854,4.263857101646117,418.82691879726656,571.292705724369,426.2560475210497,33.7055478408268,195.7709401789233,521.3176829910137,132.8421428994224,472.94879241948473,582.3122891594197,162.2037912662629,377.9049592919185,356.91439468434857,288.2313313000459,636.5038019593921
842.7562270285106,442.5110601109503,466.6930370528131,215.99851286036005,427.55401439921354,4.440392587109139,379.81173776436987,639.0247160382813,522.5077278272971,38.19877415699653,152.65791099749603,674.7077601539906,147.96233811352639,463.1933553770705,550.6808262325645,158.16495593131188,384.19164962010507,490.13210519840635,303.0500266000173,1102.0875895300169
792.0991197039737,424.8409218244717,680.8018103852094,258.40912052142403,333.48364724379536,3.7649271303059724,426.92185485636855,656.5014565058201,465.56500090988595,37.67405576494919,116.33551905703244,700.3968314573289,170.21554075326216,440.7329756400627,549.6405261019149,200.97110613704197,227.8214613664614,494.8834163226495,270.4338771718225,1067.5709638083795
1032.8246650867422,198.68380018001264,359.49863195219325,295.3242110391236,412.023978783317,5.263437659019097,466.5825710517983,760.9936304872753,410.67099483001016,40.438039099109,139.94390156072416,680.1797590124063,115.83049998926526,456.51922822526285,423.7690734622536,153.05344280394283,255.5624455453259,469.319378631928,304.5579609386086,673.8991812063526
865.087551931062,336.66879038634414,377.2726203593436,281.30977574613956,413.97946664182217,5.396922511809728,355.0413742284177,729.2356841610799,442.9010152374358,33.13055126381665,161.4176613757839,361.97116695108804,136.4064078594097,472.35809769171414,545.620631982237,152.7455776339285,280.6085765839508,541.8609066272774,360.24867743315184,980.1502606311423
830.0333178673759,371.80550918314015,500.6329676239623,184.85108727600118,371.2186976968084,4.758091472797595,551.5557469728336,839.4197872273463,535.3034540948767,38.62016584665837,176.1802133554731,650.915529073295,155.89929179321626,348.28895271592677,522.2379190961547,158.60704185289526,412.9101532965104,515.3847244544523,254.35879257329015,843.3479817338015
1077.1155103695314,339.99995614181,517.910882886945,275.95098705571786,444.4613082774544,5.09424275995765,348.96200658514476,472.7026829393218,493.2453998709673,37.98866204106246,152.39389192196685,612.7382803414566,88.85455252245382,388.4716136988275,439.4919228990823,169.17164341185753,256.1999219559383,483.7353268615146,386.52737147737963,937.425925238685
816.3835564387074,306.85218223549055,399.82723582870256,234.52097806634143,333.1725234889417,4.523984002225319,524.6659719817176,564.5746196221838,392.4531853083763,38.671782392661136,173.220640399789,655.3034938016866,136.93021332761396,316.8117349179094,597.4188483546594,163.30633849425237,324.1573829955078,565.0222797457162,187.28985273512774,966.169201063728
1059.3225036498661,368.1356974720339,365.29301651314495,177.6064747487982,350.70524704114763,4.629666626285523,400.5485077033119,780.7349943848467,442.3720446052333,41.06022707358345,120.17602058611145,608.4375554842095,126.59484608632184,458.8195413480108,578.7891306646802,163.77986847701828,305.76517928731556,499.4178935361096,297.9595185600183,697.2531204689816
955.359869585506,418.82177572194,284.57743275224027,239.54806701399255,279.039239262852,4.749988404611592,439.5544050603242,482.15964700603917,553.4110842779976,47.071464583064845,206.188491379118,779.6477336318646,113.58276175149427,364.8523995562625,498.43307978791483,178.91900687158795,307.11619792030024,408.9091604995713,294.5988007205081,862.4401693299017
979.1185801128667,507.20141381946075,403.0646011084608,145.35793588731246,365.9393003140902,2.797597761799894,373.42003137548414,807.9123199735889,510.18774460054414,40.150492819573635,122.1245789460413,540.1934040686828,116.81251668311478,488.40034224678675,516.5539177335621,156.7624034636126,428.6004357982056,581.7260141612202,257.33747410993726,1037.7034573875344
877.8123142554094,350.9091861042501,426.48201912256934,260.74271024390015,341.2713768083027,5.403257065484097,446.3954641428958,598.75621873153,507.80257737959505,33.11014682298815,178.2953159082672,597.7150023663194,132.00944739141497,396.82666783591526,584.6063009916802,169.51487036505313,334.72053135164873,352.28050602161,259.93537769542297,1217.646146468358
785.0775512762509,349.2046472562124,396.5444617626992,221.50137013998295,409.74609893214506,5.2795572806163555,246.92467721830172,381.4180164251511,360.9053943909542,26.262827240051983,158.23187809950488,447.32766017140955,152.65517550546252,411.17738050714223,375.5453279502957,128.35004481931216,371.2992634627826,451.6276053396534,242.3988007255657,740.1490479178411
773.9326764918163,436.09553551927513,326.16705896793115,238.9813708302628,270.5147138116429,6.6223618510366125,372.92477059160325,715.2260025605714,538.2170458967672,29.32075144927697,151.0219266028069,729.0393345365916,119.9009803205343,455.7837152739475,521.5339929479444,161.12600264743497,474.0069231707142,516.2687230495009,257.82325635957505,715.0960109962367
837.7069007751392,268.21850560485007,435.85361605425413,286.63319468894883,311.0954914899718,4.7484966237190545,383.9289771812651,724.6333724546945,633.4901259624194,33.98702192224254,88.73586743277477,730.616683081148,161.25465468309224,328.85899699434657,505.6231463520693,203.21323872467983,281.5712657416933,394.922394721769,294.7992592026516,990.3736159558626
916.9532250296675,366.2987941882876,290.4920614622423,270.36455779564733,385.4912682218861,3.392945044683654,389.92593203412156,702.0345382309673,508.568977336672,35.00653620192662,152.2781621399651,644.9676679092,149.65803609843292,399.5806700122561,557.830787737714,129.99533451694558,346.5030087891766,477.2587438996939,303.2607779229376,972.9956742810783
1128.391046688424,470.6485763790317,201.55710842724443,229.08778890690397,411.41275389856025,4.936457648001049,555.7093347566897,741.7652642683244,577.0072167827127,41.64296385144553,125.00828667757776,569.7669885022098,137.90000681425798,425.5629302754407,604.6953011963243,172.89293624695722,408.2969528208132,541.4633512969997,404.1482944902468,1072.6731988242232
1081.3761088387073,371.1926888407128,454.4151205905209,256.88354066578796,353.0894195931183,5.79478056963044,400.9699695933659,527.4158217699447,498.36418561849536,30.81857270663672,153.233886886557,683.7194908877408,152.02864120870728,474.6734198109375,546.4261117371159,181.90424762627373,371.660721049448,622.3629913134973,253.171452093251,876.6111046074996
972.0200376489953,387.2352309201504,430.8135157908037,230.1205644700076,307.2542530109005,4.137923882284287,452.7539339306209,567.4642192588125,504.57253074229425,32.81083989747601,160.98099044349956,729.9088928318358,120.90326568311885,432.0302906059138,468.17478107883403,133.59403589039667,349.12923104648075,491.62555770372376,268.6172460977416,802.2114088320548
1105.9351839005994,360.1344387747695,390.60382626969255,170.55297070423927,444.9425486661544,5.00424465778385,360.78596583838055,658.0758783575282,565.6302951882539,35.72464532109518,162.86104838946986,616.2499314464271,124.23743710713842,367.7062795856365,590.3461123917139,159.73452601727251,404.9383857522048,560.4671779026276,244.18147382716938,1156.6910613965758
1067.4746426907207,424.29562622423396,264.5528800274569,180.59541144655074,371.74145238299576,6.588872695077631,274.1116258302611,367.59472718968857,574.0275250201646,43.1078323863032,150.630906167743,544.9442902453018,145.04102823298894,400.2839958488694,543.0090849285976,125.05103931030877,376.5264200453023,503.9101261958862,285.7224436077185,1032.3770984013465
762.3049790463363,307.8740131341741,395.57497730411853,177.8371950312694,431.15576797112294,5.479501749037661,409.75991028102925,564.5837928986799,383.50495762587275,38.24529372184451,162.4767287994396,588.7648343131419,130.36322765732092,401.2407292588089,515.3881791761302,201.3053102101552,428.96381015316865,388.2713226625694,282.81799543271933,900.4474145558261
1124.7606612595666,398.6262132887042,489.66525952150846,184.12523770894717,527.9482164395206,5.4994267297269355,333.2477263945042,589.8367343170302,259.42803151868793,37.84791762476908,223.88698174442695,639.5684861572289,144.3406612724363,429.47763043713286,509.85347196080573,142.76743168600328,351.8102025757959,517.1609040119988,268.3592749921561,767.6393524437653
1066.27370753449,268.11017201346766,598.500511902607,223.71968028122606,388.1521766230092,4.966341226222925,438.9289340591282,563.0989349070328,434.93357265144147,50.70868271656008,154.59652692046828,539.030201938082,138.56532627596619,478.7162526311847,447.2697632181368,172.93843306801458,349.44562754216594,471.29299169320336,207.53325495622482,814.1157256741117
694.6039814277324,432.57808053269,339.19822359553723,156.68998417740258,464.00573731358867,5.143172870799678,244.87783634832513,797.9773619427754,440.28847700473347,29.339642601984128,181.51202275076153,406.5486261320184,166.88309396898114,382.4125651048812,443.516785266302,128.23437845314572,233.27195891805923,411.17869926306577,265.7419139202573,771.3439915844634
886.379078676899,293.8863391212769,345.0917999936164,254.8382837943048,456.7806508892378,5.476508152121232,450.5795141495653,550.3611506031277,519.7613753467459,26.301139895626584,135.81184320222533,692.2780234550547,139.58218962071862,253.35080790216645,409.2195047706356,168.99097085596145,349.0443716673492,592.034752015677,307.06133388551297,903.3172336006223
1045.5526509815916,331.5934369565746,472.08911437559664,233.5783198744851,442.12467707500133,5.974080855893648,296.66325398715577,535.1290712579244,401.5173365496005,34.41386549124208,139.29280219798562,625.689184683721,108.75501706287685,358.77754686317115,455.7874699947419,135.1466384527833,467.459781614145,453.9262311099018,293.06467541496846,729.0051495592982
868.8490762833974,267.9431282585589,391.39168829805413,208.31448365221658,432.3635107797933,4.701976837303863,218.21436356739974,398.7519316537807,482.4377945177049,36.656633612150976,167.89438595013866,669.6097802804693,164.65131636798898,342.5698293117556,491.07404286106356,209.24055910621078,329.76080084388235,431.76199397297694,253.74482851863223,1020.6231924937597
1053.1748799408776,412.41307232511645,421.27728288526515,185.09685471955243,432.9180042630744,5.840480992558654,404.15670876386463,731.0709061317765,583.0819952368165,39.330448892064645,153.2461551027927,576.4733254989974,165.13784942209844,361.61316171851934,601.7007058904155,201.02555639048916,271.6263064138255,530.916522513108,319.2697797789269,1200.4219331147106
760.5565567446628,300.5836963141935,579.1395496858984,183.90157906502725,258.8367533288108,5.586674085551601,321.47662917526185,706.4731244019265,453.5652575902373,22.779573907354447,138.34772368466878,682.6033909824957,150.6530103661546,419.4494598096513,393.2640094312404,211.00259327439701,466.88221114686326,582.9997172199432,218.1354647689647,924.1259935587434
800.2250586743924,434.71379693903464,436.32913446751616,205.62658861325534,327.31765478168904,6.289868924293102,340.80484539177496,569.7458165041612,434.0698328495556,39.78747240217725,93.7060164014456,486.2227505695786,102.10487090499163,493.2388678834294,296.4884400406587,114.20107102866612,361.72806366321004,423.9525703731217,233.8229900060645,1085.7809474003577
978.4727323728087,410.91217534837097,578.8359621818245,226.25496954522478,384.93284836818026,4.916584229135811,346.82899041557744,542.9728640346918,600.7861969531666,44.56653044057646,174.15690290879832,721.6909139119704,173.56476218745237,343.2994064406077,433.6509162608565,157.3274392615059,299.3300731986891,622.6704059844802,157.50387954675804,847.9492860341371
818.4539641570293,298.14350462643677,340.59941481795113,196.2176842695823,352.65334440640265,4.087095045354604,361.3333371830953,632.0744666244478,394.99207731103485,39.068870320732245,155.91977721764033,662.9181230985911,162.20971204690431,383.23574241581565,528.3159302478421,158.56263156148074,335.23389856453343,493.1133335704826,304.50366483996584,1095.0060237368416
860.1411259677183,333.81195043319525,457.1540000608113,277.74403500271484,356.5003608538137,5.377782206316391,433.5847086401093,878.3665988085078,584.4483538137625,40.364066335112625,187.62575218561716,594.6328988913125,114.06447041388834,381.47511479192354,681.3583691256738,179.85955831806436,399.8086629651123,534.5670458663246,312.2755054590696,954.5360328185285
897.1000347265056,410.26476364146134,678.4852350578801,224.28523177630993,390.90672379711464,4.924736443634348,375.3984331104615,669.7696355840471,499.40258553782246,36.68160623656686,94.52892977111338,697.9411865220516,142.18699122706332,348.3242779532984,573.1804540742223,178.4011867018241,317.4115902476175,392.57751955389733,293.736731860497,862.1239014529261
1084.776012720756,434.6998922809337,332.66130559882623,247.1446088263738,457.13410933904026,5.115782072152344,397.68867918692126,653.0510506213551,538.5667534055558,37.066383648418594,129.7647396365819,690.7990179532364,121.60300663698973,434.40206839558857,563.2185317700392,229.3178444006075,298.165031750925,559.1820591713126,382.1413660699974,769.4261626795336
703.3188929633516,420.4508913530624,452.7359250519208,248.92641090717171,352.54169978492433,6.178892526489044,299.8538055283966,715.9717497191958,616.1259443234442,33.487370151432344,194.9535648311264,590.7708351280213,172.0799034751403,481.241294018713,301.82287371021425,139.2563821296144,365.8145358666156,380.1229638093069,312.1898010225001,951.2997985756414
547.4510745642663,510.151769920147,438.5212720618509,242.31436261471518,480.8153275356088,6.620790517038731,405.65032167822915,435.13733761936487,509.5344750004299,37.33198169862445,193.58059592847445,332.59336959005856,116.75103424961497,255.87513179590118,489.9583394477174,139.7497331347172,323.8754232805371,660.810919217935,313.9963237722828,861.1029574827759
1195.5459248950763,266.64912746407697,327.33983837951257,198.6367312912395,286.086520706891,5.585256307231657,529.5896058947045,573.8077623454839,404.6954503884315,41.00390966731982,114.74457071248847,608.9128936761113,170.47817084411005,500.0405700857599,779.5869702019572,240.72797319368482,350.63174750934724,408.3103543315,318.54464865454827,753.2700433028435
1210.8150540039655,377.0514190911202,534.640212340092,241.02340584103064,421.82457523045923,5.310474936125969,519.5305804061303,675.7801863272841,452.6398751325705,41.214034619810086,161.07641350848644,698.1733761709992,115.46730186473135,346.16696614851026,580.9494899830373,165.63997276333885,331.33251023568926,521.9975934986696,315.9426692715328,775.008652800044
1115.2822333729705,317.63241548740046,413.84357580449824,203.8075673794884,397.85735289628855,6.034023983504613,302.0068870462657,364.8929626736772,496.38252450468076,39.32811522202714,126.64058392665765,720.3385072331753,130.85026376752674,499.2325728603835,484.4807991101049,174.67574152797573,404.3861801566263,611.5451330013403,290.9955813260659,943.8015931696463
918.2292834630248,290.85896177365646,439.7977555446272,217.99004974566492,407.6460229119079,4.891534114465538,385.1567240913516,773.2478783624745,321.41328645265014,56.31730092259642,124.10917511400055,527.734355767231,129.03627486444884,460.46835435035024,484.18605185212897,156.05529452160698,379.4453800235805,559.1732801669444,287.0095158754061,937.0938613036175
972.5955706909687,305.4994899045307,396.600106536785,242.80995316968546,509.0314357815611,4.232558810817654,403.96822882416075,369.11366562523693,523.6030487819119,28.51132404752842,139.5945550846032,769.5868527494653,153.44411685208502,526.2753629685069,562.5201274225294,153.5024723030507,386.9491767988479,459.83938866267147,280.1092441443284,1049.831867520706
885.4387188345838,416.6081543961499,469.99183423329123,237.05942467431973,445.30903041235314,5.657741463843238,323.80095738849616,802.7250479008956,434.7146119152219,37.96270577378465,171.65559343118673,511.0084309078175,119.28132159028584,392.9975115042955,435.0210294040995,91.29446214089563,293.02092602098884,436.51967984087656,365.1648449261244,723.0181649508148
553.9932627825249,471.98877040599757,296.34437977287905,255.76938998110802,416.40639351574526,5.3407573485247335,437.05859539829885,590.7188252067795,354.11832157902603,24.767777128846724,119.56051021810545,674.1258949927451,139.28329449036175,400.61639327771996,505.9562913542382,176.8810895733187,386.3180914569931,437.7959465655806,318.2168198354653,1140.9977337033679
972.6874825850463,326.7197534306729,200.02668772786532,253.45047768261617,305.3864917203669,5.294466400526557,275.3365335868144,706.9565231152978,418.19978997809875,30.178781742054387,74.40024095252909,734.9014363214555,188.17483577638433,311.85457569831414,558.3687852547388,155.71196480782748,405.1393373050893,482.9955492523363,301.7604386616282,679.8082140877095
1074.470866590651,329.27823195046767,488.8659913252939,190.9602409668755,317.6903685897152,5.251620857933896,283.23535365629573,534.5886793633516,414.2013948758611,35.41411992536833,151.67198392630846,681.5928456404001,136.54559068817306,383.6033081925385,529.3473750240237,154.41388410736366,366.52437789604534,547.6506039402935,319.2007893659136,880.2441911981492
1052.1712187598803,363.6108964110199,313.6664641590723,237.55048795288468,365.6253546375325,5.0886137395276805,538.5827479025244,524.4977114603769,415.5061026429715,33.52877906024958,171.26689416750148,600.6083505804631,103.33888487587578,448.7380682331319,606.787605338932,133.3461157109243,257.8926053215916,590.3397232009012,407.8745277407723,1065.9630374151604
925.5872872320922,249.29009297730352,406.5412979528852,250.26447364286486,469.7960029573542,4.841808495468581,417.764842489131,424.2886460699758,454.1616323408036,44.057415633928876,176.42537480586594,490.48076862217107,112.63094027518926,416.8645069728906,444.5873528583322,168.30811971860837,385.2345403504919,535.7299449672103,299.88111350597325,1110.4207648125148
1432.0883334938276,284.76258249612397,393.37322606852223,228.5125433630559,392.58337548513197,4.022796837164501,402.7156145440498,628.0189789263866,422.67100397843745,47.85483686050194,106.73020169977286,565.3115676169218,98.5239698957675,343.6709811009079,489.93550668047135,139.44505745015834,487.74859027080936,484.5722986565764,346.5955259204364,905.8726409763078
1078.9993034517818,422.99419247218873,428.5366028401344,227.7901223331294,590.4972105182819,4.986759331422029,445.4816698381165,862.4670249513727,601.1822929563306,45.396830933162164,204.3596126255788,402.5268201281923,145.8918394291945,373.0312913728718,566.7854101053019,170.64552826342535,195.56307742554486,462.6462448242279,260.53624592204574,925.1763941756035
1171.3783227627978,350.53157858829445,247.67781242852732,245.6699921672343,285.36509497451954,4.679741105474134,436.6953751691072,652.11670135694,407.24722009149707,26.03007613443673,164.13567057823846,742.6496373438392,108.7045050662744,368.5799398115039,346.2146205444943,152.2284301193861,196.5236174984765,593.2821309114333,296.260219647921,1362.6180327917318
763.4255314316642,322.0778658191982,447.98144787469585,224.86851774444872,318.3060467706297,4.1875735887848595,356.1685019501548,557.7242734579117,510.10620962728257,32.21970797787683,156.94459136245962,609.4016401153391,120.48908643808174,328.5211888063115,458.0322324061477,168.35681917727692,396.0960147121976,495.1805257801695,347.2987430567348,1374.3574123697892
1284.2674371815656,376.6406490329379,473.4295245719044,242.11422702835486,363.5909752506515,5.32993879564633,346.2642444507721,680.4100303949474,452.7343046718051,35.80632880025662,194.57334713483158,733.8263431651811,129.58856620373666,393.01709781706757,288.9115386471693,174.13530282457862,362.5381234869721,775.4164026754988,313.3927766403928,970.304131827023
1296.3358408711288,336.7438278845876,358.3663051490955,198.33487518711422,319.9343287356766,5.393356831866432,363.3554891498144,565.7241615419721,402.23271774325724,39.78791320626764,182.98558277314748,582.189476400599,170.31054638412928,398.1387168108268,668.9235965637163,144.67514819879173,394.8491374943661,521.6731992865472,332.0777890156984,611.5759173600757
933.8347402125689,390.29375694482,526.6346382696722,241.6884551691982,483.46118057151506,4.499666826253051,428.3999615751417,563.1431692316771,342.3417605116816,36.625355290084556,138.24579736268092,607.7706075364126,178.79742288351676,365.33714058502323,510.348879958911,124.35809473111759,496.6443856234938,294.8148113982433,371.93477492168,900.7246682979114
1078.9817621318698,451.55986090076624,453.99325793010894,214.70139873555502,431.7153545416284,5.340566659754632,400.90291479781433,745.7037622608907,532.082136256257,34.99897920186091,112.36576149300959,696.5672050783762,170.76348659689555,332.48846808998445,472.4069983367201,175.3100411782715,311.1735962637884,591.132466964389,317.9434929189468,820.5433694653028
1079.7447452296046,373.0324716818212,483.8170758407098,210.2226636756484,223.10791035268608,6.762533177886151,385.1416538917478,893.0175255242159,458.9636368077719,34.376727409263935,147.57559889746514,697.9545238109843,125.32640514115975,287.2964833528616,641.7856095518005,180.65749839200532,306.09688196343484,474.26051205745694,329.435155426356,1117.5437170638434
638.386341299494,464.55401431283025,275.52643968087375,260.1959143756168,521.6220278584327,5.093838746057379,527.5041494975976,691.2586041431375,507.50768882151806,33.26128337098686,147.63641412591184,776.318777968238,111.71312637978477,430.52038698315465,591.074763241484,212.4482861889772,376.9489719518958,662.5533369915427,341.1796437634526,974.9828263726137
852.3659752942231,486.7785065598355,407.16978699982127,223.0289224538401,353.7900341291521,5.25681235977665,298.45580850299154,721.143246095161,467.12265990762205,43.02508213370787,117.66113180824632,506.8546882081157,163.86609654240323,361.5966432577735,522.4483703029764,140.89259099725103,247.2798791887586,536.865526288173,296.3750437765802,694.685281476602
1142.7375206188553,352.64714845194715,545.1982344643562,173.7808583330824,452.7837614462636,6.2284013391106505,362.21077562306846,509.35015030007673,408.54043470493536,42.634181055805314,146.30488792413402,584.5093403790262,160.34482302779216,523.7810357677968,512.9355885932434,150.56281779907798,382.6057454363398,601.7912174430537,244.56063605083693,910.6067144572528
906.918164021885,418.9809362257919,495.3504960239743,231.851350381748,339.2754114963037,5.588233449073776,446.1414629968794,806.5758642576811,492.266440101068,36.40255392739398,137.70724728847355,682.8831573672219,146.16927399477794,451.4076075522123,541.1768106169941,154.88211268435813,317.3380701130902,489.2194908415701,198.78608777818104,999.2709667788187
853.5675310584477,427.9655986991613,500.6822530010168,222.5358159552529,382.625755007714,3.4967811999524674,416.5450671332406,571.6151558576091,416.20989413781814,34.89760247506928,144.01492124860465,755.3871410499384,121.66502160898723,417.4375844369017,511.97568782037723,128.64756364909633,343.36263227085635,476.4371496192565,224.3463249871349,959.4054381187275
719.7289783042447,355.440125806434,407.73205527404406,229.23933361392173,383.3399681126305,4.307761484765928,388.5677563176612,733.4706221817904,419.3064239294638,47.41943107778351,163.48978670549292,750.7394941448056,139.56546616664502,350.6357223613802,460.56438619729244,153.73801581001504,366.52737218289695,516.3767497916111,296.4813459009136,671.6722074455154
1211.5850318934952,396.04486039394243,258.9314146224503,257.8942266852829,388.3639131711219,4.692827970184717,330.75138169042486,600.2787422348084,467.9723260560466,44.30072300910945,160.6720858733181,583.5574116325508,142.44381010311906,447.1613847129453,464.9310909799358,159.4044487013214,365.4895710061438,659.6463828622847,245.7608549783733,751.3391853690866
1113.4692628470732,322.47762810457414,438.2686488269501,204.1850233887028,312.72519899793565,4.9064414134853775,283.7085166022353,640.4698416242461,431.8448661840928,35.048848181025356,163.07949463778223,776.216061621773,114.44578016283532,285.16632037572447,494.4326488342728,154.5335939756799,387.92134434748033,436.93905761497314,308.971627589629,1050.6353522029983
783.167338500396,407.74583000385013,365.87404183737175,187.7462434850768,438.1951915352811,3.974692140322439,441.8994093295235,630.0765214887347,644.1603899301523,36.653552875001445,134.52736103078888,878.3214848059215,165.74257362418976,368.95949416019494,609.4275114018909,166.04096062661569,381.48615050075347,603.4020520702994,290.2471100363138,1012.0160985792875
1029.776607576457,352.54581548311575,463.27317352489024,260.5007368986031,444.9417372671975,4.1067212229064864,400.2875110481404,661.4055240410448,658.2123644951434,31.283168549177198,163.52709593492438,586.8097691709035,139.17005072410012,428.04647753855704,578.0769656490203,156.15388205601627,394.07222385359046,404.0772897854963,348.2366397268013,1279.3695517874344
907.291585982984,364.2963616533686,478.7757156000684,230.2866200914965,352.2709685440133,4.8287516602650715,536.0123351021923,507.6551068206451,422.88236636778925,32.42636257933596,135.59690037696282,568.5894610059095,93.88212749511753,378.286728495435,514.5939224121612,198.6455609204515,441.55753848736424,387.74783091355084,248.559605371021,736.3740138181855
852.1989864789052,377.22048576520615,372.07101102125426,129.3137225710126,381.3056272302252,5.079939976906391,526.9464049315015,851.0208762548683,417.7742641856259,34.56078174421373,153.38607591629454,572.0373034048589,184.3471211775743,392.45520257036185,411.9685545589248,184.68924295891665,392.9270519369186,703.5579320052523,292.60741545637154,915.6137110076795
987.9429066563284,290.3516625005323,432.3350516887906,230.27191924165416,420.5005530980652,5.756755113186925,445.6329167241244,662.5599176521002,481.109188155827,25.094944125989862,116.19713689506557,498.9197531861041,133.47737834183206,298.6343111206898,711.0416811493016,154.94946697372671,373.7851264164735,422.3495118315629,190.4676282158061,842.1773504713004
1001.6265229331636,275.75001838092123,454.0835603079024,217.840628780507,310.6323122468182,2.5681057004376644,484.7281549349635,749.9769303987403,497.9295325417166,38.91689971503142,181.1407128823667,780.5758842046838,179.01393756095598,552.8252428862469,564.1549651199707,183.31668892476048,294.9105871972054,455.152392013617,315.83146650298994,819.9209983718536
1016.5870921393608,363.5672927421729,495.43963269287815,283.859642255659,409.8939488634998,4.310322144551758,326.66771903700374,674.6451048990231,561.1003605919876,27.280447606421447,116.39877188865343,678.5286966654032,143.08735405822048,378.905085615399,491.3449994125433,157.97228055832682,494.45071862928273,463.47720503155557,351.91074046806466,751.9019477112328
629.2726056672452,479.3763910103112,401.97069077136496,256.96641226287375,329.8000916390132,3.9515114514203145,453.7457066249264,502.3391613918058,295.16198195600407,45.13741766535656,148.6137693833607,662.913257809096,137.28239576087876,323.060139398188,451.5953139243607,153.21980997092987,330.52830382132083,542.0772462171408,285.24375054927594,786.2574672983324
802.7670611043945,272.03157948832927,377.6869469239872,205.07290986455214,367.1210115466834,4.836597682893378,342.5414243201774,769.92478882209,496.76162360951975,44.27173430958912,133.49208157823878,439.6459823993355,103.88639185865287,406.7472848383821,527.6442172667075,114.53167418616891,350.94952564312143,524.6064176868449,329.67063198107496,1365.4523579928864
934.3999086296271,241.11417068502254,414.66710501582907,263.1783886201148,308.8283327265113,4.635575274983261,461.76326576,623.1550064387658,580.5286762560618,25.329518646908447,126.91360767565138,661.0566101124675,113.74919249142533,480.47810901508205,683.1751258116744,134.3874767592408,380.9263341896316,403.6304123392725,271.66957926921475,851.4498705017813
1024.8790778760897,431.3347648407586,436.3546546038045,246.48856792286264,364.3529013135739,4.962875257433499,390.8295708373242,594.1717732827883,572.1002147835572,39.594984330071966,137.40207011883706,597.9617434388539,123.82404673772587,475.1126200377918,514.1220497136825,92.62590849216946,328.44309430701713,332.20910656911815,241.600875921,1039.1815380093024
828.7586189042595,381.6440097991392,321.9049039938743,276.8300012924475,409.11002243130076,6.113579745528485,396.87102508161144,750.6484224428675,487.33266612871324,41.884402837527624,148.3516877836894,918.1420428106294,87.23224692532742,427.1415934570275,475.6161299117748,183.17881555684534,465.122422028761,471.03717604614,242.9489491450181,815.2810028355481
914.5767595214852,458.47689168576795,301.5501873437793,217.32228254654436,391.98604728824137,5.217635545674093,299.35032832809554,726.4622920015873,483.2149870727426,31.996029398043746,209.69545896065347,585.4034843007956,188.02027848318718,620.7483264092608,427.90773812855736,129.1883103011868,313.8315145267829,473.21271502592697,289.15108931684085,1126.4758041061868
1182.9040870581025,305.6491166717175,440.41342574401244,179.71252053422117,471.38998746196637,4.34154912477512,369.8460861535694,411.7918308754088,459.14646792549655,40.52287173572486,176.02165533787988,510.0399391141789,167.67855368060054,503.65491205952696,593.3513897095512,157.20068166032817,354.5771966398145,501.84126849288185,254.05566838257528,1159.731003653029
1250.1597552118333,386.63474830607703,404.12546851592145,174.41863226591136,390.3536114851083,5.8622046920253865,411.4051665007951,829.1586589824367,557.2496482980102,42.49635592139688,150.0986767680148,707.9757677346229,164.26422416029797,330.12952847086615,445.9995917354407,174.49890574951397,415.2211271190415,397.6822587874692,196.94287327138596,811.4288102911844
1153.4824948170838,271.23385463835353,439.138669881541,225.24633161960938,414.54861277652003,5.915649338921992,391.2100688921907,434.9545977576714,549.942016211546,20.20767781565783,131.43121678961225,710.0263409739326,135.36117973503477,436.04214368815184,444.98502617245896,135.87609311311542,523.3817371089426,332.86042705674254,314.4346199901545,934.7714328316233
975.0478239196577,371.25390418982823,363.71054902480637,248.55956012619438,365.16479618625146,4.7593393909509984,260.0529155147428,667.4025997047565,406.8291263897409,23.896458181875595,109.40676361411136,549.9473778895631,129.86147817757876,441.21423979845036,563.5202307331156,159.1507019927378,375.880809457281,471.86608153287875,260.72080644435067,702.1515653494203
955.5923060366242,353.6702739300762,374.6240094654268,204.0393162354597,424.2655497781927,4.3353563495132565,425.13717684626573,649.5160445377891,463.3910506004553,45.07766807807601,142.22209041344863,594.2401297043463,184.12685512358692,397.1081888653068,637.4858881286148,160.46746540582686,236.24114439635773,453.69085099371887,383.4905100528874,924.1665503842377
1091.579335041277,498.066697019174,435.24857976418826,235.21889224172347,432.3232755265978,5.22184123004282,399.47109049400325,690.4301310231424,433.1398047473517,43.78334759117393,184.05872610993737,860.563023299951,176.350273642742,420.20853280469663,595.0604119411482,158.64137943742463,334.0445248359558,464.8330408627958,314.0328997339136,763.0691510921615
1056.9400498679038,327.1250281596178,419.29366611904055,234.297251282604,514.4877528030835,4.565822062543125,330.1400295180949,731.3379419034029,542.4879711681757,42.466224944600455,214.13732112638172,702.3515064792731,143.40253948195226,434.8073438021005,488.03651617156044,184.34129382284033,290.3766194388315,499.38380875049353,341.62588475550336,912.0597107380179
1007.6772490460806,338.1371112398087,392.83532930769957,171.39560705602995,527.5810961496059,5.331624543789561,458.08432501633126,798.7950528726309,525.6949472241454,27.063060338634628,112.03848596535414,644.4179928756829,127.22163350257668,362.81201023940025,556.6197345146321,176.23220523216335,363.1660132051727,519.2708044471249,329.8764052306466,1019.3190008610659
1013.8067826242783,309.01227241573866,492.29942739356125,264.0884228198342,376.1563664672569,5.776189784896204,514.0512808089504,612.8246902840331,513.5807796827692,42.04924739002446,127.06563436403209,617.4372970932528,133.06241676699997,357.6452328810583,587.1295944208226,171.93969749660488,394.97922200087646,548.6043960838858,279.22137803064044,787.0571042033271
812.2821228602118,246.35491611913773,420.4881680667349,249.3488346005438,391.2422283068753,4.552789253617823,392.9471475280581,719.3596526883352,475.3513781441615,37.63189310233358,164.62057217610567,605.0329186914782,143.0676380414772,408.85177062271225,600.7876158246506,157.13013891833972,314.90082421828026,289.8846454753908,351.50773092001646,1024.3376346901985
791.1384593499744,309.34919776094904,339.9802838965995,268.7175649107708,374.91834062062514,4.231850374402704,459.5928631156046,471.5948403483925,497.79133322362014,30.478364250759746,170.54014024382897,637.6439681670473,188.62286243655086,392.1977279585662,582.840887268328,151.82060120504278,240.37038002327222,585.2883753947746,334.0195754699302,964.3443430932161
537.8396779103871,313.5190316699096,362.2281925788521,234.221974502155,293.723007221769,4.900185208504756,297.6587462515282,590.8410886667689,368.1170156693599,36.977010161485396,111.74311407234273,847.4752156537259,163.5387755397859,517.8806442970953,427.2688517715686,171.24947218670658,292.7331073594959,218.60177018446262,318.03710753410013,965.6651789939509
1005.7538656286897,317.29795171914543,496.4839261672747,216.09532762693135,431.70335949443836,6.159238323597102,406.7181302391567,586.8739251851179,480.2466417264529,35.782595705025656,147.08019860930048,532.2471896210441,157.07936719970223,321.8185868789898,405.60185336121725,160.13783711252233,373.00422043010974,489.04465553922125,291.1760171861885,794.2472692300399
766.2037574250544,238.04542189122554,376.61658693158495,225.3350278458319,414.4858662007143,5.4477921768657565,394.946193307049,612.4728169405917,532.9091897980084,45.984786578221275,127.51335181952507,827.0276628678632,140.2272231605666,308.51027170969024,514.8462768649379,184.3537081950044,304.9913030072599,473.039047209283,326.24892302726386,567.0378134669061
922.9802827067177,419.7990150567992,337.3120828223569,191.9351493504287,342.8383062395011,4.815176882508897,366.4311139543239,565.7175411976343,491.1718615720897,35.853978244683255,146.06334367858165,459.4387096113294,117.71835398354301,368.4844417258804,571.2819528893588,164.67198155354671,372.07429671625476,540.5254786706821,238.0549067782983,1166.9435409543964
1286.739570832931,425.62888931376017,373.4217580767729,196.12740128578895,309.0461086953506,3.2591598946406086,510.8905786648285,655.2480296915769,431.33188149271797,25.603694975012726,177.38278295166785,718.973884614326,182.43189742297628,512.1399128161723,595.4790505619687,167.26102420756897,356.5658774928973,316.3720923584951,348.1071061892667,1055.6095182521137
1088.2626226860625,237.13025788572276,389.5150038841353,240.3885309869154,393.3718694971102,4.920220582191337,258.37296856366714,646.4013016809632,403.5446889281159,35.46106528600294,122.87806598236116,909.5592154778149,114.07629388528173,486.99601222279273,535.8693539397003,154.0443901290663,273.66101188175344,432.4545612950676,246.99685829265695,959.7429638710046
529.1652552937237,373.82323657159117,490.6125638266864,196.51150882922906,264.6038829737783,5.265931464585973,456.9399020007092,702.2806276208743,519.763318053848,35.59414731545674,146.85556484762975,577.1724416145394,141.95994936960568,407.2790837489348,478.10090133288463,176.17780973493987,349.923895854119,564.2646258389041,229.77091540172412,920.928930425874
654.6867054040824,296.48833422820724,508.8903190792796,282.8113955525188,301.5441056623794,5.818774792945131,526.0184416463109,629.8347273298468,656.9159994277474,30.14770675176508,150.75140207725372,739.8738831244419,185.55432302223335,598.2247586915406,503.3293247367604,175.75894871590828,252.40613218599975,663.7772199339527,277.51133982924136,1548.091707212179
880.4881531097369,336.0802394620792,368.27330910395364,219.03308396430685,387.6226877960444,4.716359042303269,318.5460248347372,547.1505757163587,513.2785520621914,38.57407005109658,145.2235924840127,582.3503886440126,151.05233953076603,394.41165606414296,557.4063655291163,158.74299599212782,325.3966619437479,438.6403655846767,251.09264131955,927.1244543913573
1033.0514243000232,439.6934079780684,353.2701478263367,184.08481755118962,387.34501378548845,6.294259367636421,382.28187356740267,508.41074592138665,620.5312374419816,31.277891712437388,151.77875291906452,694.304811734717,105.81006153125662,426.34564977727416,489.90412100620983,157.1980082425974,304.55213037482025,375.6221816654919,293.5673479152441,921.8317357645303
734.1100601598939,259.0995249284179,457.64303807810546,225.27185761458162,378.45522100393754,4.821239362672679,475.95362417541367,684.1243394013227,605.7590508502685,38.63006114539471,140.55104004222113,605.8170596307565,108.40309087849798,301.48620873653056,483.8252563031453,147.46524957848874,423.186817480101,394.18788737000887,304.5426993748535,987.9976577690816
962.2374887400705,409.05126784437965,395.6672608467899,229.38236238576252,410.8085468513548,4.588216915812466,336.58587455665776,744.0733430645722,472.5982793624726,35.77887962423593,138.14771711374982,685.8905177086086,131.79985862915532,352.5301660008046,487.7615078761724,132.07400667639578,320.605475656129,425.4463257776662,267.09651944455186,1030.4962885728532
1068.6209956358193,343.0024740793795,492.748113587089,254.6989855801317,348.1467356668515,5.394239739380556,460.12774057085926,694.9824028503326,638.9102766846044,36.15217214548053,152.32146579015443,638.3432813491811,142.66508238972176,410.7280256307698,537.408138062406,168.64506414807687,446.37758793459284,365.76928245256397,348.1044717067122,1122.0996973209349
983.3894116171708,501.03642861134006,494.885951188522,278.6369162453754,315.2828640271442,5.383635048702998,460.89765841489236,460.15802185632754,418.71903896243265,33.84125830190288,168.1039744088872,592.3148912824095,74.31751079104869,475.7814601037858,608.755491341735,168.8118334690059,346.41351330733573,465.6122772444015,284.0726975020081,828.3280597591231
885.2035380535132,376.7809195153346,443.58282277437746,215.91895691305552,310.9988271240455,4.872161199124687,352.03101901812937,701.200353935507,532.3399686556938,36.946093884894616,177.53928980655104,705.2444691760284,148.5406501261114,486.6632235294883,495.9604211512277,177.7730716447796,333.44397307644886,352.58387301759205,340.4221403346248,1017.107226946104
992.9994946171352,449.4797951225235,590.9017448562435,257.76602192372775,453.45536425384296,5.685116472234711,357.0358216195598,624.6573381185234,497.73201832468436,35.617270579370974,158.4164694525283,662.001223314732,170.30361876667217,448.95659516234446,590.0504771816828,145.0688318735929,415.27940615834,411.0411407285436,252.47523092247081,1096.877876191234
857.9979555012442,360.3091725319454,436.44011197155606,215.30030282531473,208.5373337117414,6.607305521705554,336.3347414379631,428.5265773081205,568.6268373843754,38.66811487686739,180.3089551749064,466.5516457118233,125.82177797378296,501.47712698022156,548.5666440582472,179.28740730746637,385.24174058465405,414.2860494299179,250.11605819513713,885.4081207220505
1104.008474241979,392.9940412722018,319.9364972408647,263.38929046875086,409.83325473814847,4.577119460769645,337.8230322849843,814.208373441796,537.8534651902501,31.438824792160425,122.42811187910743,735.0320699310597,168.8323895702731,477.979948399126,488.2499732840271,149.00902743933483,406.3892179277054,484.5306321586766,331.6260126817448,1179.2505128615544
913.2812872087021,360.3961966712872,304.2923029668476,184.24707226567406,347.4338974405834,6.165441852687476,396.1067322135102,526.3970194834145,451.8340583943079,47.59653479012793,127.72647899651412,690.995275763496,123.15003186491587,307.73056402195846,378.2503805682471,146.7880470125978,343.0794576248609,522.9856406023356,351.4391723559095,931.5158291567867
1142.2334312233513,351.4690766309779,355.20780547468104,199.001593787405,309.2944095932088,4.359303863274202,453.2197159951415,626.1762840063595,338.1407394421975,42.41762738590768,173.22449764975676,645.8487239335011,140.97224789607665,337.9505224856876,505.3857734750011,193.53987442382493,488.31018139709624,513.8502992340243,357.60818234485475,1113.402596695675
728.2457015617543,385.2277579158676,425.51584320592394,172.9879398436643,363.524474323076,5.798761721676161,459.4165886472343,706.0867369710825,389.51633836133595,43.37857243751635,160.89821664110045,561.4683363699631,155.02152910948786,440.653038994053,511.0012063015246,199.3420116367884,398.4465797904153,436.3713538336513,237.41597653290486,1050.4729627243782
787.9422630545449,309.9414839462091,518.8894988595849,174.2169962596478,329.5968798620708,3.5208328278425016,249.07405325496188,697.2673127824339,525.2129852768851,31.357289942531352,154.45768053558467,916.8924697955708,98.23472654984869,456.0339082955803,549.3692430008437,172.1491830827001,253.9218264736376,346.510340710126,239.0086090904586,943.881550971587
970.7628680299479,427.5887801796015,423.36365031786914,183.36353868578158,450.3064142121298,4.927271728288215,414.6969537592345,757.9193612160801,460.7001970081793,32.254201634641284,130.51355992198972,509.48364556143656,170.60871738657693,527.6924993251689,569.2338030010217,194.09509335526604,393.07427589455216,650.2486622056635,214.90434266316197,1061.728353194449
686.4416991408589,357.3295720488555,338.3814844735953,286.76697116705884,437.61117016325204,5.0094586406853985,430.6072712254458,509.2843356541191,324.9784853742386,22.36152056151034,153.7135222205481,702.8240959724649,123.53568270943111,419.4082897764896,508.04779764530974,164.30679336010226,361.40482645489203,551.1996290172626,286.48123657094146,1289.3571263710858
958.7974873627281,280.03444255634645,457.69893157633624,166.34476375303205,382.8361412286053,3.723676293408989,525.0706330125615,715.3576951185194,468.5263602750779,32.72094371974113,151.9666257767462,955.0076085021612,109.46952357719728,530.7226859011125,450.6972779118948,175.27983202191126,308.4145732825789,371.2279207190136,278.2362504615802,874.7248434604502
877.7325079383544,429.25061563013526,418.7460547342022,288.2845318701376,353.77473317683217,6.213257259527721,383.9504628838453,669.8467160693866,512.2512701636809,28.8578787092289,98.29971300538352,722.8472871791143,82.21279545255345,466.2164254457153,593.4049882577021,170.4159294453985,352.27170691356196,563.5038892401001,371.1723283105782,911.2447843742145
1182.356042191633,325.31168999385864,508.25714278113185,211.04616332681627,310.47132070142777,6.085085387816198,373.2200751976796,620.73413543265,297.951907442097,36.23954002001183,148.79036741785472,617.1873150870517,129.46885815706594,389.46828954523215,522.1790326618982,141.99360511189755,275.4375660824127,396.5709648248261,267.6144414677137,1278.7137321259888
954.3403976726559,393.76640636817586,391.68636298095,217.55076575991194,333.8733795628366,4.719671320192902,389.62655212715816,571.2729872966202,464.4327433196152,27.763529158243024,155.949920192848,628.2351633383174,131.85199195519343,436.8966591358399,567.13094817152,119.489729470209,339.9777237290958,534.2512373342349,248.20155349069668,890.9115826221582
1093.358352232141,312.4344955078808,425.8873306431566,275.8515467018092,382.7333709470906,4.358761352631234,418.92985333246855,464.7678508669611,405.05287226429675,34.81942730036305,197.95864050146972,442.24989256920605,155.52913124301864,397.2657172806958,336.19996669108684,206.07685206516453,493.46554416549696,462.3457715464639,223.4084410926128,1085.1571988042128
1231.8285058553697,305.93410801647894,486.5381717775645,244.19810761720038,402.3546544331856,4.853903987374802,402.6073495213295,837.5401171553754,393.32143437818945,45.97493088757718,114.43858536610762,483.3644230739318,107.23800637949662,454.4754386595211,466.6961066949372,199.08990149213815,401.6657928906082,602.1520653225326,366.047823995984,1085.043141625572
858.4934972583136,447.3440871304056,327.98332009825594,212.61006394204537,416.491678757024,4.970839401007118,427.26566640116084,605.176385480943,612.4541764011346,41.37471956441978,142.39538598330628,712.8717914150051,145.6601136798119,290.58896390877624,468.2747673040756,152.0595034815521,440.0177403184431,314.76168030702786,334.81968296950384,970.2571153483406
783.5075322031944,352.820383302085,339.0376162128469,255.36366587559772,302.34726800803304,5.865600020063503,390.71089579537164,478.45331641398434,447.25610930588715,33.36379500260779,124.01152101058399,879.9396303088281,93.11634719601983,330.5616364336937,492.6020147881881,117.51309333873755,320.8550161146901,556.3547874444281,220.12768049924676,1147.37198750538
1045.9548162298402,392.8412375114894,655.8469014420867,204.2412313137519,483.75943927774136,4.835589571399774,361.97059083421334,412.4019544859845,462.9232642058085,30.200769234707835,167.9746942600696,561.8102154101189,164.72434510372383,426.2129384717189,342.0749297854035,162.64285013445888,405.79823072667,532.9778317774758,343.9917682868453,1160.5061630245043
960.8549396225949,356.6247057864141,498.3496436474129,209.84228006693084,328.81025090582517,4.665958658621927,396.70883544404364,668.8346765466767,403.5140500003051,30.465367207699405,149.20113651458757,567.9775264585882,116.79791403805403,398.62776525171114,639.2933588446595,182.42251495021947,350.4835879223772,473.94510065314967,300.05238387312517,586.3498355979318
746.0053656524587,401.89819115482464,466.23080399158664,183.17240365060718,287.3301404117107,4.205299558078645,455.27871330030587,605.8678035279894,560.3711152423539,27.143706141254814,107.37648321177488,653.0190488467827,100.70611843173941,519.6968046844986,522.9406515891931,204.85753559123833,185.56500930249067,421.48665639207826,379.8227147169881,629.3051108436133
1120.5030932449702,197.4542043452974,328.60811829476586,224.43198272508468,356.0082701335691,4.607798468753009,524.8238726590059,665.3201524212297,385.27247830641636,44.69104984368429,126.31782913780202,713.2165573537744,154.49058751259773,386.6039324503609,479.60464274387414,171.22903090148267,361.1595303606355,540.7307733416642,343.66439558690627,916.8462829147354
1236.8050808663284,395.099745032889,420.64509338380077,231.80904653179886,408.81570134757436,2.405380801617811,444.0227710103446,665.4322019693979,495.96095782455603,27.603069107709484,147.5110545877717,803.0369474385041,141.48288227391296,394.3703575578454,594.4588494940301,188.43634269337443,426.24091895449624,617.178633726515,235.6740040098048,1083.0920507485994
718.6150080563167,357.5851603638731,362.2080481779284,229.28307530846854,379.3523562044682,5.7167323564308665,450.54496199014505,729.5839126175855,365.85005647608966,34.54176978606836,101.2825994471691,608.0690672690379,132.77418485121004,467.1120382737873,382.5993926282649,170.20415748550258,238.13956281693646,581.5738814028354,300.1313077504325,981.942846919188
767.8238945532761,344.5843385127364,520.9534254507582,195.85325393708015,446.0083670166749,4.979964118772144,349.32322084776825,538.1391398420225,384.7739416794998,41.1520259915,119.81468311202731,515.9637338104261,179.74859953007342,462.83249705053026,566.8393798906153,147.75638370075,328.9979854259241,317.3969706180545,310.9586802186881,924.9481783361948
1252.7502571426498,369.02091336734253,450.2218603838147,274.43822114749463,415.67562049161734,5.799831879365628,541.4440149532289,557.4247051714948,390.7044609793839,30.81207359224431,131.55033526161455,902.4981680690285,128.26232224057878,431.7613590654044,629.5439761959498,160.61930565907213,494.3822955592956,473.56559840300247,355.2970176566416,1091.1615578114909
989.1763179691802,215.0306837524245,402.2022641527422,301.5886084313384,389.26306377319384,5.090205428655152,353.4211703656533,608.3021614495236,493.42684564832166,23.10464466028587,107.9118067900171,735.0590452334924,157.24540364617124,352.85872455583444,412.5944032566255,128.66030748081587,371.55882553166805,527.1546648305201,291.04190829548895,908.2106412360006
928.7055103895574,287.6258614050156,516.9805471500729,246.3077750726244,398.7901462135324,5.001570681715283,441.84843715963956,641.0056628021383,503.4247416597393,24.820716128106028,169.11769844686816,498.3419291812379,153.53587619278755,461.2930393181149,567.2311077700033,144.4443971103598,354.82349736720215,461.49217626159805,252.42197002917126,1027.9526062206614
829.5588781078469,362.5446576664524,344.0510752631083,202.43805831332327,279.65291315949844,4.722365904342259,514.5784251151422,557.9945951331566,411.83366800379076,34.06027545103615,125.00846773237049,774.4117934229752,135.10489547847476,599.0916424859284,623.1032739185739,199.12607523179406,299.291836689658,451.28267454433984,324.9773705571212,998.4624629094006
785.9734480528722,340.8606199261734,314.1775740562862,195.84345908388917,441.1705926400795,4.370915902439386,492.7476628757298,456.9417069419852,520.8434913184834,35.70299369344337,160.41887325841543,685.7943827297156,114.87391653330955,407.41872778396794,392.8914152285733,144.2501898107724,405.9744972510639,521.0676290562488,299.9574494999476,921.2941272353107
1131.408232379395,355.31713347288564,405.9290382083335,185.05650134394256,541.8414302402481,4.40775013275696,307.9899290717159,565.5410986752628,495.1568672146577,41.11596172625427,130.4625131902738,749.2244504784811,127.91019386057778,395.24886079398766,578.5147327100422,172.83269097730707,343.1363850854184,438.3381634319665,365.9820782381564,933.6643988298046
964.5065970360981,383.6157697807201,467.7913467765591,256.68520462689435,329.0079017296741,4.830997076359276,400.86114975579153,694.8360857497534,600.0089213752523,38.968397409314875,163.0702804243896,482.3048163587446,163.5213393585292,371.13763431748407,522.8617752972326,178.48646082592842,384.7791507808678,418.7470628242609,309.549447456509,974.1856608041769
673.6374384127171,344.134595203423,391.53906688225436,270.355050450689,308.82334199225556,6.240406426962021,354.7779219559571,718.5067031669405,613.217729769835,39.9163045232654,138.13376715703015,506.1185752669121,196.82760597921123,451.7842067313802,507.70044468847095,120.26384245655927,412.8868095773013,453.338685971938,347.8493790769135,953.8551779781601
1161.7174417441602,338.58803588537734,411.85146907371876,249.72960846881716,449.1524163694302,3.273169741257433,450.33212464889715,561.6549720339617,594.2552447331028,39.43390006147203,135.56051173541178,644.4715972080999,138.1006441844509,404.84352557147366,470.52576215063044,129.60196759063552,391.22919881715467,629.5769836893448,285.0886318142844,886.1728230681878
1141.3455073704197,360.10849316384,366.3438269897083,236.75302225864843,343.7202735180161,4.476699015859521,399.96382328253196,573.1607390461206,375.1721613777496,47.8471823017575,112.39884713955216,689.846452740836,166.73342880826,371.9822824278229,563.0747095681655,210.9526916807698,381.77301086927747,432.32658505434034,274.102422307181,911.9874706590974
1117.5638985599783,407.30338684373163,506.5931748041341,223.69594823047984,489.6536272843639,5.047093454599545,424.6242806970771,633.9442563964599,365.5217393236354,43.92694204251224,137.80735364290288,631.9782000541397,188.0817999636904,466.78750955431246,549.5163098054533,211.6484836238251,340.06926769440867,557.5815484244413,343.8276392713209,753.7553972167963
649.0822706096469,305.9249110943803,543.0780385617304,251.25817837482035,352.1797858655288,4.181239884411887,335.06154441129115,461.13408204494635,390.04568013651885,36.18944605817378,119.34539317953315,726.2493938259245,165.26515744141355,380.48868013311335,641.6059904060875,206.81622104597187,376.2313860678365,400.6535838921809,323.44117413609086,838.0527664012473
1047.7908819446411,361.90313672900436,543.319832705795,272.36531330933474,539.8651934944132,6.118661929143961,393.88512760239894,562.8976002993239,392.5842537650707,45.14048766604514,104.00769145402475,612.4990527915164,127.4462143802716,363.91108274786507,363.5947515881944,145.0450169009244,304.88162020544604,596.0195033685476,354.67355797484277,939.6480802218931
778.0497886660237,205.08694141181843,442.1447034410924,251.71515638836854,424.56636971994135,4.809875830038566,419.18295545697697,516.7825807249579,463.3441425097531,46.52166907150513,170.9352883004694,495.0382279469969,141.76579619617968,369.74488354205147,531.6176989263557,163.60523329743165,386.5114865426831,599.0392936662171,302.01415949094724,812.0852982446231
613.8992140212304,321.7682919376078,307.50797833684373,216.9718512790785,351.22483817202817,4.061806646420228,382.56870692939816,590.1252363088577,472.86566089181474,41.912986336384996,145.31938032869823,711.4010391191769,125.48695348255433,300.98540470612033,468.5208551565505,176.8826309727007,337.62964372800207,446.5778135593035,266.12047297872897,1013.893714104656
946.4728282206268,388.0505358446339,367.0991709914066,199.51975627507312,420.70230298694,4.327778703973407,455.2863462935291,716.3987095063741,433.1378887400706,34.69652170600296,133.84776441445104,671.8561750739674,166.78041305228038,445.80383089346515,512.2174028104732,186.45154976691944,350.51145595423077,521.2979036838797,303.56902215049195,790.3503748970927
1021.8159749246487,339.4861907035146,450.4302361017357,288.334587091973,455.11298706232753,5.3323946599453755,412.95450447478396,516.6928678374493,408.38239019390187,40.689153382491945,124.27616573633769,659.9016064483334,137.49481926860457,517.0123939742294,456.1435061853889,146.38081426766155,286.7238433362132,383.6976685119894,216.43599414066398,1261.1012801033908
929.9140819917237,485.39969572846815,396.64015035189624,214.5894509992312,312.4045840146918,4.707435322172926,483.8425236819261,477.8522865934207,565.481626667075,38.59294717165039,171.38267808046342,873.6601476876306,141.45846572260785,364.3739984357634,493.5095262888873,162.94073483907985,364.8123225853918,582.8655940939916,328.7558817234262,443.55877754981856
976.3443630221926,473.52225422265576,393.0006495618199,203.23286173845383,300.93090726053566,4.42548896436497,320.3291536295761,640.880058446619,467.90067887795675,42.19783299866608,87.21865863376081,789.5892901390466,114.32676162715985,245.4998691532895,580.7382283248273,156.98761960702842,430.41425070229275,414.0940970459417,293.00832826358175,940.965512072216
1333.4994777114264,464.34554791238645,482.2881738345481,308.3637826694971,288.90305215290755,6.741891844359135,408.5270091044934,935.5659302484958,563.1614776849063,27.08270352159437,172.06850194737692,646.2395849223526,110.9225637654097,381.5325107139427,429.711028225981,138.92486777526048,327.9599547399902,450.87791093096394,215.41375693426681,800.1940231952552
640.5675821516047,430.3431725363255,448.14073315750926,224.3478874558059,345.59182468019344,4.967604066564409,339.9799678228602,757.0519830637984,526.494135745588,45.13235334382986,126.87662422577989,640.4445040476625,115.19061264438324,489.1878193362364,593.9692204633973,178.3289115152127,145.3949959845504,289.86855498565643,143.86014554531886,829.2886506068068
1007.2233970345876,358.6022419835961,356.59341628278196,236.8752220975181,335.96728347969565,5.537019436985015,385.75212680528284,462.5005267879501,633.8674089513615,33.504119369289086,145.26716173400993,700.556024197238,142.1098245913078,340.3170807041305,414.3172391993929,143.3071999527743,291.32103245837,473.0201427764905,283.32132989180104,745.0406086997472
854.135461621752,308.20177975858235,286.91505423225277,241.1169477552837,457.91687938310343,2.850522379934383,360.5824349978524,471.80087976360437,573.2598020873972,36.90258403930732,129.8538657936856,653.5491418904495,166.13020968349085,370.663786592182,556.8826490493989,183.5322970489703,204.40895199401317,637.0448070485503,307.8097412131322,930.7063078245585
1101.652287465056,361.68138846229795,328.87809519470477,251.0133266464834,422.6405561067347,4.862629244115707,493.1065020090715,564.9047385809897,544.2591548194049,27.12822289825546,84.65272603190996,543.0352151265859,139.30374575866335,460.28544815908987,397.6616053323395,157.2690410287244,402.05798533431073,338.81507408714975,159.17984380622698,889.1567095975967
598.7089056061152,306.84708467660505,451.1596634633187,234.27197919531645,407.0314147606076,4.52498815718463,396.61998648510337,654.9632005605984,578.4802283256907,32.62168797629094,156.6826036334976,505.793166268808,157.35990318035937,417.3398486825473,474.90031329694153,217.29973638903462,407.58883527459136,551.0321315735425,302.6899744013219,934.9617335471166
806.5329980721755,397.07404259202156,474.22987568884827,196.83012589292787,391.24372114814594,4.212175871661911,339.80272165135955,579.8519343739031,445.42904551896106,34.69509540322354,179.2181584829647,605.4334791641578,126.84762599617,386.1140883411361,560.9814169143167,223.8486589104895,329.49937231089433,494.912902771978,367.7051689927719,996.2123701955755
957.9385182500342,462.7582975869389,410.8427231073149,205.24879517156847,392.7207603026241,3.5173761681804017,552.0574408358557,397.35971458130064,424.1892327372023,41.74937765022088,141.58815108608368,587.7768397295778,112.65436647343165,639.2522298281333,548.56789818561,190.79162217193698,406.5624482667588,612.1115030192451,292.465886920238,931.4579811529516
927.8366371514056,330.5435796510835,503.51784725997163,249.33475203090924,315.47803365904105,5.196482867196108,415.41450710107165,392.3898451172413,543.4289283754558,44.08191974288628,125.97507678634578,389.2721880549174,155.64738156579756,339.16171936321905,505.99034972626566,108.32999191824419,385.20097015310455,455.0061528842399,264.6895489953701,1022.5387704454446
1181.7388802726657,359.15203445718066,549.037617306649,298.1782598103166,195.19469334264681,4.912286395906208,434.3422279163703,651.5485762301863,496.05611028561174,33.210335577016664,110.36785315937126,670.6181908554931,101.43220369676295,396.80214518672983,489.06806825980124,165.5737938657474,400.42023565853634,639.3886693586595,332.17991960299247,908.550706246403
591.9135029391725,376.7114441829885,410.12360088125166,244.4522119282159,406.0647768290872,3.851475047493805,307.6602962586391,686.4187018544849,466.68087970191533,39.44366189430455,191.21686491513182,738.6985609556394,154.25066828308965,448.7364763493713,586.1605054554125,135.95493500804176,279.1805240719203,367.62970549300815,247.68442402421192,1056.7364683295052
756.1468585334958,341.60985289452117,353.2138338555411,257.158023116904,331.81615814890347,6.121771453668298,398.07151890003024,502.1797733704963,387.4718496075836,39.565862794808034,134.4083216330265,572.9375420459594,150.594657833219,434.82457819814533,586.4716949900713,168.85073324849392,340.1952041781261,434.5127480843141,333.5176244462826,873.6363251111535
947.8144598549205,410.77694797104397,470.4796589521121,313.426426467881,349.45875911679815,3.675791556420346,298.553276183327,327.72798887553324,391.5963554918153,28.719441359808357,135.47018694254342,520.4349204767777,147.44078359699014,529.8275796160897,488.2477332073828,165.70119603074377,422.7991464864325,345.8636051131433,345.1105824315017,980.7321694709397
1034.8941843792043,395.76072451693324,361.6702832452752,201.1548238627868,419.77302261916253,5.709609290761399,336.5973728401351,581.0279720520983,626.3974017062407,39.97289659138587,201.22625409860976,577.9406474870079,91.65855547681184,475.3961932339043,474.5315479096634,125.10619974549527,434.07173732112176,395.57767162495446,203.1854361381436,752.5393699994393
992.1649584438818,378.6661186950029,484.88542894867317,241.00284818385632,304.85489776635484,4.396756596561408,342.6385975221918,713.8451376554104,573.557838839869,41.88193110418348,165.97968762530263,574.3036802317832,213.62367401741233,482.3823647454517,549.1853471226026,183.2821555920878,388.2137271199285,587.5689522562544,229.27303805881058,1080.3517621541005
1113.8498196611322,341.18545605188694,387.3188750253224,188.19180330708215,280.15834809106525,4.55503992477151,482.4020664655795,452.2226948321089,404.4493056329045,37.13533037265423,174.32650837072953,636.10221156125,100.99988873493886,441.9217455346436,623.5128070004941,119.18506152522727,243.37361613063132,413.1790098380629,281.89362036052444,1103.6472842900048
1406.5059806513095,374.4589935793276,428.0015542607961,192.47466849449467,326.53965494892,5.33606393963669,490.62597242104044,668.0660231392043,463.6002388141228,41.98525654430391,172.38131909013958,581.130192367699,197.88850742601892,435.9017699680354,581.7411908398327,184.58520946920618,280.89776688239186,340.82756603298543,264.8342834771487,989.5039811110516
1117.465436513219,540.4268849348255,446.6841078157425,200.41138676366245,310.85863024697545,5.248643616292698,465.3808771137303,553.3068871799977,512.8147227221365,41.33681683615829,102.34388372064402,564.3046897677895,149.35669588461653,492.9341123288731,633.508377088174,198.90342855756683,357.67834169450623,471.9619144642862,276.6999006797528,983.6657330793313
698.082580951121,326.487376642905,381.682138685333,256.2232777502903,345.81147584895734,4.875466423966595,424.30898461298693,741.0192399994405,463.85132394200326,51.74824344527563,159.9222392366485,590.055935119037,113.82714352726624,187.53920872144548,506.0505289479188,102.59460459800536,550.5969549421353,556.5559842330522,255.2473446323871,846.1775229751289
728.507597457565,405.8818747247324,328.4152480242252,275.2603132351179,246.68139354980624,4.8353743143339205,324.81967865539116,639.3064080402444,447.1923947419172,30.498958535281144,126.26198655784125,760.7552646207362,124.44256341932567,338.6422744587371,573.966503269595,175.02057865603388,275.92604135814673,450.4873604678218,243.79114006804974,1133.0445171282574
657.9089149198235,412.36646890760363,447.70778711759704,270.66664589631523,299.1862560193554,4.884516112465631,432.47011820062966,668.807031224861,466.106064873161,44.08991640032067,125.96526402953869,575.8232025635006,124.65506977347121,313.0194233678763,553.7926087436268,187.252173322929,336.34718042617834,464.7174440017252,265.3844640566982,960.2993203540166
1032.8734691399525,430.7656540179057,359.1114650392122,251.7402414872043,416.90379274011735,4.049952775443303,458.2551077878188,564.6204136491101,530.771959534594,38.60634370158905,127.23067744258417,575.8009177089543,157.20809617789695,458.0157181459206,582.659082999226,178.0561271840416,329.3327427011825,617.3841297472418,335.79311936403974,825.2085833726317
904.7283497595065,336.0858844481389,261.66885537317995,266.6046282124541,438.11676326934395,3.349021941467445,497.21096256975426,494.5893729163746,502.1154332096988,41.80879248602431,149.60948805758093,556.866145054388,147.75163995283467,390.79964787201,518.8153759165486,190.88748820205925,295.8713547275599,428.3554204901272,292.26912089225317,1148.3806345809778
1328.2996140292798,472.10718118668143,352.2725733595946,246.5524144674844,308.89608212909775,4.91907890358086,268.8583784132271,680.3691446533478,363.70906982258145,36.652932232691334,177.78331398147708,644.6870594362277,134.26798034472023,429.4697762154051,427.878186150614,169.6635821864313,372.67952185289846,449.5985978032652,160.06080347478897,928.471881138746
867.5866867404752,336.8787188036384,398.94293505772634,192.96494051716746,431.53891440004287,2.720863844543067,414.59376947416837,717.4516357974694,658.9345844807895,30.38010176880124,129.0692632589779,578.1541853416161,123.80256137817061,385.23181532385314,499.6983281952214,144.71086633422738,328.92124850957697,469.60948364955465,296.8005217024736,1066.884541018274
851.5173189172051,357.0368064427349,347.9275441584832,261.66143055766315,380.2786997815417,4.535558345057538,269.8176632061849,533.9702185818061,336.80314338358403,33.90753655493082,111.60207859317808,528.4216198599261,175.65070390538534,467.9928746651821,422.1784030940203,135.61160304587574,247.745226938751,448.85784212851513,331.8459184020649,991.7575633648975
816.5094632400677,265.96748962133825,359.1156842985046,227.71736494767836,325.0102780156552,7.836477694033237,204.62962528467102,605.5281187615013,590.5401512366974,33.49386539573319,163.7628967174305,485.8934583068507,160.064044041942,485.4402493028765,461.58178195797694,168.62372751660058,434.38259060781587,637.8704631405976,325.42969544081075,1151.406178348329
1005.4137951661539,417.48283504106837,449.5190464678076,131.39427503918864,438.5970554213633,5.105988300890682,434.27281481833154,468.5726837540777,570.9324067580319,42.41339694042668,121.9497673132504,484.0004831554678,149.45492722818926,422.1283265571476,426.6496124251239,175.26378727163063,222.58582733999174,448.8906241797687,343.82455975601863,931.0156895673193
865.6956991134596,469.4300898547465,491.49784317807763,217.41169026612573,359.7011064572353,4.775921674149914,388.21912241628826,506.5544003798144,509.03878670259394,33.37913691348741,157.9200133170593,637.5590397847153,88.14461489031282,369.9818889624599,518.8247786985221,169.33535904061924,369.31267746908276,500.2876039385722,154.48813258399755,937.2945051996832
1005.4530828507131,373.7767628570117,341.1054293362411,246.07822197122763,466.7093360833352,5.936919498716602,456.51109436174534,723.2797009111598,642.3316977558125,38.67976529677004,122.07098405685917,723.5953092034662,128.7306637955351,377.74611498885764,538.6061464532022,159.65846855949766,356.1961307706648,521.8557805944447,262.4874365294121,974.6835437921574
860.7004011403806,374.6907905516791,285.09264940551566,303.69118919564727,294.73393512609493,4.797604024820077,500.43623841852866,858.6367641517511,423.95707023504656,38.13653646433133,187.80679233006734,704.5115886142501,148.86602009309283,379.1467724289813,545.7760449012453,155.7010687089275,377.2104093552394,574.0597626998654,328.2481219105801,882.4342680139305
715.3560447285655,378.0431978234702,480.33171999890214,283.9194263868426,357.89072400598576,4.2062573032965584,418.14793396526846,564.3057594871937,464.92341268180525,38.423216257065874,128.86888795847494,626.3605658215715,124.46729309164392,483.4377619751939,597.1812575653931,192.11316255768546,410.6428856396232,424.88869500952524,354.1712910345349,1058.8053027690983
1115.5983417117561,452.27020804530196,578.9683218533402,270.1490069826762,434.23538476166027,5.815045929193772,384.956478072806,666.0378764569763,493.0343501471215,36.89506407820098,167.33271371340481,696.918987479045,120.5746120601243,447.3448335522531,529.9091816116486,163.98489439451467,375.4486302325948,428.81706950873803,287.5501775787263,1096.931546560166
895.9271860876835,338.5185697833235,394.47489947398316,313.93749012968186,444.20834679561784,4.133088358555375,466.06474277415174,677.4415811605922,464.34874349294626,31.880841039045038,127.25987694007793,511.77476021993783,155.0980466407222,347.10657262602797,443.73103045218954,123.256104309617,328.5546082476381,434.59221953165036,319.131931789633,857.9114292561981
845.5767418210178,434.90068929551285,517.4721863734936,260.99970474060854,405.73232422266534,3.9553586237624945,331.55985882790503,627.6370866747844,492.9829676000302,36.87357689440052,121.70764645597149,547.4224923925299,124.42623455171226,409.30271588853,494.35393447642684,190.06872242428494,316.71328166079303,522.4152953042668,256.27462450171583,776.6439311683655
1137.889581310606,373.34324520148937,377.2711932627774,231.63604482801577,462.439303466956,4.645905401600181,411.9927791834124,787.2532162254317,615.5552006669112,43.29285839667535,144.98114227404065,401.11248671845317,156.793896410881,405.53565771876475,400.24997870851445,131.85581510685057,376.1108979290314,426.5975422341986,276.42267126458495,861.8817146444622
1030.8124263201337,445.12354731708456,383.4486378268035,197.60249867099537,357.3359550440601,5.477588359197583,408.00158652365644,692.4608882210002,468.77359480822656,33.518490510901096,101.47628189291072,747.1265119773074,114.02327472550883,520.9775144196609,449.3958739281122,130.27500229123436,312.885612100887,492.3999285380129,308.5103397101602,1005.7166782346296
989.8438670545739,210.71177323629698,445.33219561574833,243.53907714802256,254.9200910452222,5.4726857327794125,355.61258072831316,848.1346710869834,382.54729855042245,40.20898610883179,153.52946515936753,624.7628731503789,143.3907136070209,529.7402652648119,490.66217907592073,196.3706148192106,453.0954841794632,428.3118553029075,228.63896835415449,1055.2685801862112
970.4791900027188,364.32018975615506,287.7674880109357,198.88072159832146,429.38428895164105,4.41651718510218,440.747956930663,650.5530855913405,539.504823098321,49.38572126356681,137.72704268526644,512.8129640585704,119.9662237930236,460.59798450220205,516.9219622916074,148.79030629473195,425.55455757185234,299.53843827265325,291.7882550031426,888.7711838076639
901.3509195703255,361.57939706710323,422.63047927943245,291.22367441257654,334.4001581028954,4.6163281147505915,313.3960790867325,616.7709589505655,495.0446700732712,42.31310968328666,156.81443526396865,630.3744056225172,145.07941320012552,338.47359965663054,497.8794851849413,165.5464032179396,388.17238712702124,503.32484236627215,290.88025736208687,803.8876281252316
911.9524793443509,314.4249359026478,313.3079811712288,221.48432753010505,329.14554840956686,4.4169831332678005,446.33974872488807,636.8936201906557,626.0117437407621,36.25293356857669,164.53921612803228,645.7605572499652,88.00643995003153,218.18033892153636,532.0645311875172,124.9622157579171,291.85086813112537,705.8071179082219,308.25335648934833,1050.4822869120417
1265.2875399211873,390.78703730626023,270.0329841429224,281.7791380007332,383.37099229677267,4.287066861955637,445.0713284980858,452.1594692381771,435.92832645865894,36.55317334124657,161.93049447040747,519.8438101340412,117.03082103200704,407.1981503244019,430.01927347456274,162.45070815944518,305.16349468179317,496.3783547738773,298.1649483144933,1026.565713814377
1032.5719546955681,346.17652837174217,279.9250638974605,253.9111654241508,311.5368043237152,4.176308217849021,219.3435107734947,528.9353923194243,442.98131505227207,39.89220701283639,178.61790357087375,488.74067717243133,173.37303750465807,386.9261705166787,543.2402269607916,147.73956587167413,311.41360114481654,478.7395959882779,270.11853380629805,1106.7059270750092
1180.5206766115343,308.37156499187466,482.1531936040426,324.2041955852976,447.890786250769,4.395379405692033,372.53911884106213,565.9541094454502,372.3413122500022,39.39280167612683,161.04847097872852,443.56276075343004,124.31767274412074,393.14652709134634,408.9052293260738,160.95422912683694,310.5744200317492,456.3732934309078,306.9108546893058,807.5823200785385
1112.4452081519541,322.227332252369,397.2467174277059,233.23702372647617,355.77804372974646,7.346564391204581,235.72719648191688,1055.196668294503,482.0913175201996,44.20504079279294,176.4193506613455,685.2447473650788,173.9965614137808,403.34881080657834,526.3810136401393,148.99110627520588,375.66274579210113,421.47981207618096,216.2973630264371,960.9565046011468
1102.1695183290205,326.1983626938088,511.824268853357,268.773787273899,424.9857007285961,5.586013747275655,395.5530742026359,759.0525501047875,446.34663638248986,44.26346293482896,120.57911353459606,668.9755421657507,108.36337026427687,453.7045590689599,516.9421700853844,207.99496084313378,497.6420911558389,470.37845929355274,244.61763343404567,864.3580668801876
844.5011535132428,396.34028234640374,505.19235113164217,210.33163118827943,459.87977858141073,4.229686554993942,448.67525992144374,548.175202343294,359.5197131786356,45.90783616789103,161.16245895158804,730.8818871235911,145.1289847536927,484.9553191512713,490.7643137875987,142.67933053124062,381.20895756985647,445.92146286770344,271.0709857632936,942.2485693061684
1133.0771809563064,371.9256477188155,403.9699567140638,250.31504501850557,422.3127632745675,4.003745877558194,421.4018202871639,699.5240030917822,614.3354991520846,32.10779274087436,114.68155961435511,858.4970509140281,136.0498489439214,358.7777948846402,626.7044909649223,131.86073366729647,277.01758720287603,364.3223962479957,363.05306575797664,902.1724250058661
760.6805302637263,403.3144153752364,320.40486909313887,258.99675396436487,360.1771692476093,5.4862000832387245,285.255345899019,713.7138655056117,510.15919564350236,52.8589242235665,134.20826752660523,649.3187530088499,165.9513833574512,421.34765873601145,473.3455993988241,167.31152535800692,143.01911588627416,560.0386470421319,324.8021972871642,1216.4757035931516
890.9983695642231,275.0382878751851,457.3103682410775,257.9006362533434,416.12205215687425,4.058971914647161,397.520816202182,563.8896795172333,364.0921650475401,38.27018517586373,167.89993376085368,711.153992186368,135.52364935095443,406.4669128119599,456.56117358166756,205.03072083931238,408.6229470867289,447.63943365023715,357.0198807223726,1084.659724370919
933.9225297530774,327.1056275427485,436.4647491714428,224.37908897613437,299.4115737737911,4.9118081357335965,380.91599948436505,918.2536904913289,519.3516214821842,36.33547158987589,136.64669581814863,847.0976785484139,119.86313298613833,278.99090105555206,447.4866648136302,141.08231579439865,424.17873588976835,421.5724413137626,272.7956696238244,960.8515383625537
1213.8096729497047,366.9050936306826,482.57424006457916,229.01397815794664,353.9885439771742,5.615846026401657,346.8254980041262,710.0688745159785,397.4637663575901,37.9903227437636,210.3000915091044,617.7805328208083,137.26623964000837,367.6977665425792,452.5338239704278,138.05093089996674,312.7936570914751,592.4599279777439,204.032987500285,889.5949986675541
1024.7382024262604,445.9755510509126,406.2416772218106,255.59286996490545,287.440125386152,5.740341826029551,348.44736188381324,660.7940112673092,392.10722751167,29.875107846454377,129.80618703401953,394.07489342372855,146.52163537716433,439.58883631846317,499.53061038741845,181.7655316058373,314.2623222971989,543.7495486818516,205.76630199432174,1051.200438144152
980.2914241221309,398.8479260000224,456.9283920111163,188.30155400349173,393.0798301616377,6.246648285001342,407.63124740693445,609.9852675271796,383.52963909825684,49.24695655903811,137.93323419710956,646.4813666900801,124.35901332859397,155.5693552816093,503.92906527986844,194.69265385108775,227.60737650380312,486.0097025656888,287.1689096694538,904.008723452887
1049.531564328902,410.7625231438865,415.5904974363658,195.096908847164,353.43470517768316,5.692294964624686,417.2815647150438,538.3865590187697,521.9710936904098,41.78657669160264,159.2634493093081,564.1124476591589,87.78874050362758,523.8646235833204,467.83246658752034,150.211735344571,445.5153122818016,439.0059127932077,344.06897070093504,792.435442943017
881.2701496035712,351.5445464003704,325.92180185740125,234.69911660168768,361.8139457217764,4.454804019747809,370.5288916217275,715.9856155069872,405.38520748847344,41.31411386298675,102.12249521081347,707.4732298848181,131.18428396799635,451.459394242557,566.4424376617836,162.5123319091679,306.9050458324838,338.8765899259305,201.47204633383757,888.8289992809441
665.0322081546358,293.1006312420897,454.0582524976682,204.8143859453986,509.8708785058135,5.319584506864775,304.5685496110463,593.0730288984948,686.2816289136622,36.26788003860617,133.65123642477357,554.6761530988354,137.3165121340986,374.27661332493534,626.7255971736213,210.30687951697968,334.6731162595787,416.27192033833137,409.03847216594704,837.1235601225443
943.3433250391554,290.64880733084937,447.4898565147144,189.19437870577056,365.85239987627295,4.3203734490162935,353.99768181217246,634.8330678746402,438.52867059893964,36.063814522676374,147.23580223766913,669.9767688539295,141.94166257640038,340.48993486101324,398.2044816783965,122.79589856913915,291.52471402533945,434.16855552295283,198.0984210286777,947.1325086452126
971.5635990398598,368.6706801895174,436.893222163394,187.32681307535938,340.3894606629464,4.59716387506518,415.74411654323495,447.8953118556734,362.83638248579496,41.05464498171989,149.98901777005443,577.1500085980629,133.51731681006237,426.791870224503,513.0031146531236,212.7200592056726,270.806328701031,486.8206134244857,302.43385664463955,1087.2123882206104
1036.9530291689898,429.9021319092185,409.9326128993698,219.70150220026832,332.6632307767553,4.2861238134801045,553.0950523046052,784.8468726660137,393.21787778913665,43.665956059406774,99.42817809719483,553.1622837422868,136.2068621500136,523.423040236357,724.5986564715605,206.27426948479768,443.4660068376005,445.5537430722982,213.73129067568527,664.2499082083241
879.544530596225,411.5464354692649,471.11041732620737,235.2379807802301,407.57660767019973,4.656840859961861,391.99182683950966,562.9583120790733,373.87975432012126,42.211951256847655,167.5560805682718,586.7203484307721,191.04372555931954,446.6993750180243,551.1198857170431,178.28238321807908,402.1347307719382,405.8549226406735,269.971673032575,914.593864561962
1323.1292233479755,343.86617759688903,397.8512641074127,242.73508206820313,360.78910102338205,4.227177893814229,463.6437294722381,689.0338414610917,426.14923158090664,29.422976912363975,157.5591141267914,496.20316771358387,119.35443079745208,556.1985567905512,354.1470692573711,188.20261449384412,268.0870231554783,379.94241963831615,185.0504320538036,809.1277393696331
783.3929259588812,296.1566836930244,444.3253879727427,235.17815064984808,399.22852719125643,5.600625837127962,406.7958838101526,598.3464797786024,549.6553291642101,46.12918623296113,109.91146629062416,843.5070061975323,127.58044413872952,333.7355604065208,474.6254488318351,195.861051265146,371.50097103940465,397.68766609397136,304.9120766267209,737.5336281155465
932.3309012202436,326.9521419340982,370.47270620832893,202.43117174657436,418.7674823869115,3.841784465672088,541.6558376978494,608.0397737344372,507.36218434848223,28.012831938340163,102.4736767196535,589.1831981191722,157.1869857585167,377.22531358487026,327.177182518078,194.93003705855844,320.5787549907708,700.389371652647,276.1774920705805,1160.0074832746739
951.3773988956024,271.5651287145644,482.84979606726455,227.1139304760847,360.6641560495908,4.974176785724649,255.10374277894306,531.6238351104365,356.9335074794699,49.48954954691356,178.70841180912834,619.6261276534784,134.6230860459974,260.8699031317221,594.8351104562067,209.51401949615723,387.2850363477479,404.7603017067332,334.5164555939961,921.8541490592224
1168.658093507363,293.50384804926455,531.5393747302513,249.6759703680213,422.84554874033785,4.9854001771992,399.66937941118624,534.0260284394766,609.8743994369393,42.81262596783786,154.94947312703388,913.8528389137487,155.78419487116258,348.3742124448303,510.2970110200323,165.2571297201303,313.4175136391566,327.51377871798934,261.00434860954715,840.4451396188502
677.0803968748849,350.1904342069932,346.9057890891601,267.5026831543176,409.94052069979165,5.282728684671774,359.7642653992694,749.239000416699,629.1631890400532,48.37132805191915,182.80825452252964,696.7988871228916,117.8627426393691,409.8870062437417,518.1864825143634,160.19999032127342,401.6124839687798,440.9709081560361,296.4276397535984,913.4361356214322
851.0495078231733,295.1076528166207,406.28267178849853,242.94171683109397,434.0766181125759,4.430973422304646,534.1543484487025,595.409744324329,526.789707482671,43.717868849851406,104.31793385646294,676.2275400558021,133.79058105376453,398.388738348647,447.3741335836608,191.2762983417672,345.8623870781085,535.709020943125,285.8560884989763,677.747222804718
721.3232881299407,389.2329915114562,276.73413700548167,251.84659062112183,411.14078748442546,4.454292698959806,136.89005063664564,536.6637029997091,403.1958035420125,41.72272238308516,131.6507753789856,747.8136183178968,120.76037816022497,318.9060193626516,737.0548089544412,160.35648896642937,373.5052736882121,486.4054669614412,315.25010779646175,1021.3076820845013
760.5769729392539,307.3268346829308,319.45641626917825,279.97728674299293,436.3635239778598,5.6398186408165305,473.61775950136683,633.6540611897348,397.58229501245626,45.9751206580153,155.35728140050827,495.7623279359416,132.9101897476892,449.30879455183486,618.7152055386181,188.5762926951744,395.90684075029134,510.2549926636879,284.52733869612126,1140.2279149803517
889.0834712356001,339.21686131523666,281.61181686106846,256.0065131270265,449.69372092946065,5.297005842471785,209.21815884477348,624.5651018938659,580.4379345255767,40.187368606517374,138.74029726855102,796.8844064994573,103.10320158258374,387.50895494795964,534.0368822108143,167.5848660697167,359.58917063178853,348.3267753142923,280.85471049366356,1100.1221920510072
831.1965348247172,401.980889781567,488.69405582095004,152.24893929128604,253.73780940514735,3.179098849789836,479.47899783994404,491.72328354961024,562.7327520954358,39.21363180081128,194.07976405579166,616.1785028660219,155.4447040339096,430.1260744348637,553.7210276793247,219.6278901352928,457.19111506687324,469.9784177079277,293.40208072140416,1145.4043707804979
1006.9017089324864,284.08343893300787,423.35974938193556,252.586791876302,299.2491649194209,6.133071818756432,427.7797373277566,618.3190846519304,400.36171729167864,38.36618782741369,132.6406313713954,407.863368766425,170.21517447753453,430.5683875052246,539.3847308188958,181.86779808173515,385.3966412653707,384.67719062247727,360.544581413349,765.7531240190427
1034.255091141806,430.6425611896606,380.0031467697085,155.61280286914325,455.35572160878445,4.968489477048167,448.65313314449025,639.7825567462319,436.362329851259,31.70622422004353,138.56951021423262,622.9634562754168,129.35295375357842,474.4306029864793,534.3821188296565,173.13266527810552,373.6510896179281,539.3201278509199,274.4786229138597,766.1113030642742
981.8816954008043,425.7163316288646,348.0060951923821,208.23902853900267,419.9357680149555,5.101024931011062,479.92621927459606,553.2951865390854,527.6976548236207,40.739492634438605,138.41692589218698,556.9811375337772,167.995199666153,352.30407634835683,402.8260539255667,195.04595392015966,345.54347519912136,376.5291933337244,297.95630849810755,1191.230455233966
1288.8008942297529,334.83566872813935,430.8289803073932,253.2915104985142,477.2960419401022,5.99130631084947,431.28204412259777,516.6193188813417,401.3042717100326,35.62705067008227,164.70284191237752,618.70274137429,141.57964444018336,308.91027115368695,552.9366489829957,161.36831497056664,300.43332867582217,562.9812680362777,357.1151186109043,775.223137363396
1240.8149598870611,354.33516439305816,568.3941826197912,266.2027769430168,340.8207909196342,6.04604690961935,501.4168064515277,679.9203614918583,436.03073077698417,40.49807996002131,166.03807957912088,756.1567960834225,131.79537788793314,539.4563863434902,594.1151272936892,138.3198039519711,289.9195555377392,491.92345443694074,298.090906742364,710.2134829226048
1234.3295126594332,369.040828045846,388.47621955658565,195.3496083625765,444.6640917765367,3.019988541052591,359.07175224017465,755.0504343516418,411.35957552793826,41.10109729865404,123.23536399657773,452.13282907390175,105.90384582635522,461.60019406808294,490.1062145459201,135.48876196404422,391.8898653364571,665.2992677707815,341.711023791276,721.4104914479535
1069.3966587309208,324.06123026895546,493.205943457202,254.0048029859796,447.60970622960406,5.8658590757785705,444.88838357970997,581.1660831690522,515.5958509651418,30.312054431254303,174.32673004986222,611.4573347686087,147.65999439622902,385.42793586112015,608.888459076957,157.79522179822354,351.0936175928994,486.18652840008497,242.5641359196831,866.9557597195218
1003.5194458255459,481.77887847573686,409.14444872763386,241.16455361259224,341.83455097129865,4.25018257933078,449.6213856533881,566.8586966126193,508.92104680091774,28.73785615698554,161.2785040172147,614.7862149093557,124.3199240458312,373.4002739365629,668.2600121367647,167.25563001279315,411.74823575639124,408.5674628628342,202.26812606237937,873.2167047831338
1006.2257563489637,340.5177797018216,455.9649481124836,252.23091735396287,360.2793749261028,5.184627705539477,388.380116099539,667.0565060889347,581.8075099084718,51.89361362693641,160.71644106266498,746.9378281913215,139.1478403069307,401.8461220520037,652.9211770015983,139.23022486624527,408.4141437754968,437.59434819502724,298.32019397435636,947.8761391196532
889.9542488758315,334.8760345307811,352.57842805226085,259.2270615341576,420.851657124712,5.768363694940922,399.1192122693052,523.2245839363371,548.1305007740895,35.96570321872238,157.39150905851068,660.7998043426695,84.20596169106744,326.245809883516,380.40468377306246,113.98797842677305,298.89301610186436,476.04955161861574,313.5188422900041,1091.3272066435534
997.8556927138429,388.0558159604025,499.6976809179063,160.88175982489304,356.12815200369704,4.3196952826578725,490.0157109905889,736.7685105618589,550.1221883607952,40.36652101514434,144.7995624249244,482.0449738352635,154.6893567534152,498.12347104082164,482.005356237242,165.62026109059732,292.8932710484184,482.9725934479215,228.19913056410604,951.1985182195867
748.7423876806663,230.33634492358684,493.6479575124591,269.74512767339615,292.3456866504046,7.4851297486016595,254.04731880871336,484.9976369403827,526.0080840105478,29.19867588951961,151.34526894922607,376.26164036795257,139.3085393404467,331.4283548845643,446.0393787157135,205.29615898481904,396.8987011491492,579.6024073242291,241.7528887342334,800.2213864328646
981.0707978338272,377.48971802082764,440.2094378371565,280.04680923076785,482.1238676198545,5.537242661828632,543.4959053474388,581.6458219950752,472.3810661044786,35.650873938664,92.2642013787528,440.0222232664593,163.7709680639677,446.1750870226359,475.67459265043396,155.09994905051087,351.2223357525923,476.4245097164197,278.0689647168557,941.5420251384639
906.39936490891,236.458240680422,355.6754860531305,253.91672480244037,417.4097801857257,6.709450545220356,425.1741197076553,535.6449121733797,522.3442402366712,50.07558508028595,100.39051777691597,662.9425837185275,124.95613795877063,480.721280598077,404.13397220120413,179.28512854577454,445.1560104918558,417.59134745250583,174.13155622384386,773.7500500097082
1094.5133770725258,246.05543948984734,464.5099322863661,141.4999924046652,346.85933696938696,2.6405859826712117,616.3748298736496,549.7566660780514,621.920455373983,34.40390211799995,148.0817346140969,664.7365300767812,159.122684349461,236.55626257519668,484.81694129451154,191.26283111585207,254.74551970174656,620.5628009437856,338.30946932152943,850.7975246068322
978.663300642234,507.37712273406623,331.50984900854314,282.22529847554694,436.2913797310911,4.500800827125512,486.80027562324216,599.5699019273021,394.16390146208096,44.44972280977751,159.2092011357173,759.0254483448377,141.52846440546497,376.608073490794,477.4035681466759,173.53871000343096,244.85214016808095,543.5711161222412,257.6187375612766,898.9441883188981
974.2953008080365,323.3276181472192,420.0461128143157,202.11210722437448,480.80652121876807,5.839437166086629,335.77057428936064,537.5947335549694,284.4368985741189,39.535990893042154,167.34457424075345,582.306604428703,163.25220510677184,521.9241670235429,598.5856926382007,180.42775553612768,338.7611156000139,490.5760092971575,302.46027775419014,1087.4990330726873
586.7559564767364,345.9310136984813,314.7542705290284,199.0978428759366,359.17436325515496,6.574383722791152,454.71995526866954,538.4929571645775,557.2378163502897,37.843705974245445,101.48074436755334,353.64438027517457,149.04482266526173,325.3980142977817,486.3423789305514,132.91248418971608,397.8524839733257,403.78196416088724,223.61738463668627,1115.1643298471135
1062.3609255094373,403.9613000947643,350.5907339089635,200.86099718214345,451.0384582125554,5.207726432826005,457.0114020622134,713.6549570730302,400.8478730933062,34.590095240356646,115.80568402701954,692.3670903713693,106.00679872683031,361.53258061432973,516.3573338365223,203.10510829200405,227.409761381934,363.3061672679358,342.0883585468907,893.921725336989
635.1720718357092,383.74040427942464,338.16881333043267,243.0514340518297,352.8958258206725,3.9538939007429796,365.6853717740047,602.6543095880608,432.7067185866986,38.8597865963714,152.0815716021212,594.524171136823,149.58226599466866,480.0945716348311,500.07174911750997,164.05687663322882,423.7863370871839,390.74326392711333,260.07743462431716,1100.3574202042892
894.7683955948717,403.5620315426126,417.98542995390955,200.31097363945435,238.57083217677987,7.297243312256384,397.37652099053656,519.8965459600672,608.8952760538336,40.02683219296174,159.31427238463377,703.3337496459184,158.1846551671664,388.88364104056143,475.02503421535994,174.81126596708484,268.1156575539991,410.71558833843176,261.91168919716307,963.8128880477823
1009.8347723747929,323.782128503633,397.70723781251826,234.7192354584332,351.38885508140476,3.7902390702983846,410.39853226465823,672.7396972908307,558.3327797788464,40.03817930087371,188.34784476895555,736.6733796668267,170.39265395929215,280.29353964542383,493.63592023750334,129.7593627897052,298.4195298793754,484.6463179042733,250.38845122138275,664.5742458844229
951.125662662469,350.1315664201569,467.65124515908815,255.7385495661245,378.3131893083184,5.925678020859063,392.81776291978923,613.7189750779035,313.57428601098695,32.31524015097728,170.57666884625968,581.9317153775437,108.8744835081082,398.03917858453576,451.38688767298106,149.89426995102795,358.48414313437684,507.0193851982894,318.16347416304495,743.1133682020741
868.857407033104,307.96202826485967,306.75198588412024,255.7495541638091,436.91885279257457,5.896149483143569,438.1919305897164,603.1021625498811,515.7460702234193,46.551388694709686,211.93481814171574,611.8112531947859,107.5056224131024,282.5921769508956,359.3588167076831,152.54339127864736,390.6900911904361,496.46917117184455,328.8548736048137,870.8878253038393
936.5729973097569,339.97232295707573,306.3005692600695,167.19523598419062,333.36406057137526,4.127741648225238,381.686685728516,665.5810391799342,414.3358271127614,35.28230800227678,145.5679902799683,553.4600589475162,146.44990812055536,368.19576699192953,654.2922574778011,153.01399976064656,405.83070381223746,485.99112811777877,302.7173380873717,1171.0581971502027
1099.0139918805105,286.2495742641762,509.3788372725269,275.5958172629481,388.2065669391868,5.988814857043389,423.9921349747333,581.1115603490754,478.7220951636326,37.90437169854603,162.66569401649747,869.095327216576,133.68561195992012,409.8327428587572,486.8936728459453,170.8225318531161,292.4499149618241,377.90672281388333,382.2417359911433,976.7218638982001
942.4979972969027,470.2461778926892,505.5911923091577,186.61353408958888,416.44802670141377,4.652631209021163,376.94948739933824,616.3975805933815,456.92581977191634,44.69442739637063,140.8413228332981,390.925839631308,198.31364160353397,466.38941396677035,576.6765078400882,159.6187995193869,469.834616594916,678.1956898228859,340.68012529335357,640.0233283954492
1226.0434671624084,363.2041349035768,488.4636460214932,228.0297575961748,386.1506936508284,4.863378180236929,280.1847511322713,345.4077044052164,490.5335587850422,46.286735281863734,149.36425727769753,653.3213998569182,139.28649390462576,478.9782918122434,511.24391075078347,179.4392932464972,306.44089457475263,558.2444590449373,278.1991804389595,776.7565452835702
828.3832250854531,438.2076434310443,428.57802298232565,250.74376568008523,568.814989874538,3.1413897698259663,319.6902321223458,591.2742021146582,572.1355636901818,37.56390840538574,150.5618109278616,513.9551836015448,157.8525580209477,559.2040140373095,431.7641294824307,229.78686798501508,381.63118871720576,369.61267278496666,338.18037413601246,831.3931178613349
820.1245215337904,307.5790513430972,506.30870752043177,219.40582534905866,299.4426899064613,3.7619675466230262,428.3757970995736,539.7644544295499,459.1009646116563,41.04702924140909,143.1582475747656,628.3268900775844,128.57843252615348,393.33369476879295,341.06628765970015,172.05909253510777,367.137052234704,353.1284429565268,252.13870705427018,890.041274693247
904.1880965210686,278.6975295849184,324.1102609424126,241.16677951473685,352.43782993030817,6.557042563874894,437.4720183729501,701.8392366975547,457.68774653131027,47.24149880118869,101.7915248271077,495.53443930553124,154.3142387243024,632.6845083593164,493.8968716002928,132.69567446540216,378.9963773288938,482.2529690879039,313.68371849114004,782.9992912050799
962.7314440862514,283.49671599433555,386.98369944505004,215.73583725412504,402.1452988882985,4.661718830177969,352.95938271969646,557.4661844127794,478.7907457037687,42.71026165082555,123.0297013284151,854.9497139341786,128.91701027316063,445.26952933413327,615.2980679530227,168.58176567307467,294.83822858543243,469.914506021514,338.1831102878163,879.3412852839768
1080.8878545988414,235.90181305361085,567.1320784843444,276.04292491369193,358.49549339791855,4.9879594017958055,355.0257735990671,687.0198495569196,436.28344580131005,33.22353683451318,174.0923268966392,523.4370333335553,129.75108357283762,386.80792215021324,419.7619788538912,179.39392540253044,328.1406395355165,360.2016102045716,328.3487872514375,903.9016855525294
1046.2814084935771,355.5280143568544,405.4166904275736,380.07926848149464,441.0945838127265,5.7711730365133525,485.9917164341404,620.1307343129727,508.53930322807975,31.317364264080375,112.73994920085411,751.3267494399306,133.53893168210183,464.48986444874606,385.08840349418557,160.93465535742004,433.86901846243575,331.20486582050904,226.23046297875655,920.7201085104965
709.6849479649325,316.57400551370625,387.1292707336453,229.64763210192893,295.3188390783299,7.155782237716137,411.96493527463673,648.0084536768238,513.9340497517504,39.58235791999306,126.75795249274199,594.7208001601552,168.81600745044014,417.5715547873236,546.4122881805248,218.49887682110173,303.20208190516644,389.6966412471435,277.6015499251396,915.623248438396
594.9762562338426,339.333336324738,463.0104085548166,216.9557214551604,434.67782359505384,4.894319415432538,427.01166711536695,802.9380578002906,527.6734076903181,41.25286644059892,161.92681195688513,869.8342266872758,101.04227624030835,393.194295519839,557.8595966762939,101.58488584816796,275.43976926628466,500.4955906936652,235.30300837699397,1014.3541542798384
791.1843281289321,334.4678392207779,478.80631888625874,267.4760567113506,375.95366703694106,6.487611111802779,354.67747104017013,677.1137118294996,584.6063446719086,39.595644465466656,180.40752808539233,611.5365554543616,102.58860525632122,304.9109565239599,527.0134590546794,116.1020943105043,402.07217152784983,498.78306297819,366.88400039836404,980.3415824190172
1188.268808672517,354.12241356826496,394.90278925578116,217.0054082733008,401.4896585637181,4.429975090422044,478.1385544100108,486.36560337316735,470.6322183357873,37.862717838193205,132.54814919955294,625.6786485076005,131.3320119101519,286.34900390557186,510.71139525466003,161.44605748283308,378.1937397480237,466.68268792079346,267.27324613700205,787.5027336712734
730.5783073227043,455.36406841093844,380.83912192471394,206.7413637620474,365.1821624383993,6.591727696173459,295.1061130746708,618.1794098167207,329.58068697587737,35.550023775456104,179.80896831832814,629.815832271564,132.5923134914973,483.3172538444529,574.306178298607,154.18469434065136,277.35192110017806,453.4790977195191,281.0187041168037,1201.2681072349358
1072.1744817744684,348.18667270107113,436.8693106363336,239.98619297066637,358.742378423442,5.526075228507512,474.0264154355506,616.9535560761035,390.1160866286726,12.898237411767209,109.0632298608653,811.5367931375993,126.33553547010294,454.53897662530386,290.99474058351007,160.17446793058465,425.94027014977263,424.07329275085556,293.43225633286386,849.8149433894096
1096.0177793779487,391.17029510208107,436.3155175576153,293.31362782311874,297.155504426961,4.689350760403091,333.23083046691477,785.4863242876716,511.57285416128167,35.973239998267765,137.45122718916144,487.722327077062,113.42719884992636,343.36124712491534,504.87824576101224,140.5822453720198,326.32301541135087,251.82734830800135,243.62510769545133,963.6450193127866
885.0964808235253,383.2006752351293,361.2116731963131,263.8400753697671,438.4876016912724,5.632010195528761,385.568482616429,555.5297171675621,468.3781774690399,40.02765313173693,178.99137896381995,729.6743619628775,96.52941085024798,435.98040372338664,536.1369790167441,170.36713159504458,283.38528858204694,459.5375925156878,194.80440629573172,1079.1464276718455
1204.2328031815462,273.81542876574645,486.9829125469595,196.44584345298424,399.8093982994798,5.0394280406329015,413.3274019978453,797.2756813684649,366.580145941782,35.00106722891741,158.34159294343925,698.7023729333806,158.6849774592139,522.1521161759697,620.2821423045467,191.86982500176725,271.34727551282833,507.4803172646489,279.30243318427114,1068.523277320872
1042.4930359065625,339.6874595609589,392.21966060103875,234.51298455209292,482.4699884920398,4.11282584502729,389.0134683589551,674.2595365560156,515.1062425444535,25.289004370708298,136.26424319650596,535.501309953029,132.31645260276653,415.74443551441874,588.425252585638,118.56036987732705,246.87656245919536,550.2151728095172,208.57934519386004,715.7816831464341
891.2710440700495,273.85696616783656,406.52545922032334,257.05070201345194,389.82770812860446,5.033332788102386,448.995736983486,571.562855391133,504.70291563494493,42.56394016382218,160.75165562502931,591.8765981638923,127.06729057844296,473.57044504879633,415.12863298410326,207.80752345735215,401.2936289517013,507.37081768667207,357.4698402194786,864.239743446764
742.3358940392598,367.56726417410573,576.6890583473236,290.35534260945565,372.11147573472033,5.5903241261827805,357.5863022292276,704.137651515563,487.8154190665688,27.191608470209722,193.45910723664312,592.5219020886111,85.3633572044564,520.3970274876185,507.2100971009678,152.97899495182415,215.125375516996,596.6698163501206,257.6299182389727,1172.667078843746
1140.4796584648125,450.4939528059625,217.04875970484784,222.47599882177946,386.26290811023233,4.437415034993854,482.588995781016,825.1101362030743,535.2132794515346,28.3645952582364,150.96198776847297,805.1960488897206,120.41147546246735,372.9438994778019,484.8103888826531,135.91081512603154,295.0327621113692,555.0643128950826,335.0202048787066,922.6986259437745
1112.2964407189743,356.9217447591576,340.1373961123461,307.71612055163064,428.1714831659662,5.6111693459186744,445.03636088405653,589.7205187771721,503.41554762376836,33.29109198639088,106.58824206538335,585.3258697261045,109.63435034773366,394.02558819525933,512.2590257962067,179.44478480927216,426.7161723361761,431.152963302762,349.88020294570504,713.8188913559857
775.8732750633179,455.36757948801295,527.6852635407314,275.48253579597565,387.700442320608,4.36812788361606,341.2970747487363,597.7167331999898,552.4315922976157,50.529711273970676,161.72459943235253,610.9467502937417,134.06170833100265,376.0550336872909,577.9762296250291,170.4613980578619,344.4259046293307,390.3573618181729,286.46630825481395,910.0793981171678
1186.0949066802477,405.7361704082945,480.03405935784366,181.01097724615335,423.0046398245615,6.187348572484055,362.09986196052427,591.0442871854228,440.3597714935978,31.898326371148485,184.99364618685766,725.9594519907686,189.7946565980392,423.32079618871626,511.95070397841107,102.61708959419957,338.9872029421949,349.1421086593788,333.9723856105436,773.0019381309787
856.8613694787354,391.6754164199926,462.43994730449754,233.22334463653064,400.20777050272136,5.884418890525995,432.49198662149547,688.7460353647303,546.2926265675412,35.446339698679765,182.3148336695844,604.4926778156434,112.67679780771938,425.941392569384,330.16099188145097,186.71374686245088,333.7719136507683,500.20876791276754,208.4544716145075,1180.8097270937697
1033.8506165182448,429.61796782779123,426.7912201300063,153.8320701082518,332.1033209182973,4.299438242199052,521.5987605620152,559.0415049140352,505.3547584052815,32.669626130320204,170.41143605111762,687.0313021281485,143.23276353630786,423.99675420400337,519.9212529757755,154.79468785622393,296.9748166288934,494.66151792144194,306.93529047254293,856.4455969423482
1193.799792470587,377.2664847575516,426.3742183664716,264.2816185650051,327.1920930469104,4.095967410297445,351.68014151982896,506.7321858881836,531.3120399685748,39.73527558277116,151.1868465225497,521.2068025177477,193.77103641418535,424.1919498364163,541.3611163041395,189.64535390263399,322.35329870800706,381.1352438532957,191.89811404003498,983.9346702683447
938.2749400178149,447.3220270615695,368.3583727653996,260.07568755473574,383.1228777856861,4.417933933854978,409.29523340945366,794.2371365186625,407.4808082707494,33.10631788242428,190.5841186423012,699.2119372814959,130.60291104856603,409.96654010798596,381.0197814682838,192.54808222557506,428.9325939685992,598.2991879676471,224.72303652740533,746.0830134909958
972.2679062518583,259.2025289820445,365.33660493779854,278.2586913632595,376.97909268127387,4.845130956717325,510.54277137219674,742.0556506499922,495.6850010917635,33.36615398135305,133.74039470626707,540.6569535325273,165.82244035265617,457.6066262656524,578.1962480360324,159.48332585613488,445.19484520398674,450.163132915029,300.3463655930068,1077.194593142859
993.5681325457872,378.1719008303927,385.7559629513121,188.21711449346893,366.3738344449627,6.009313895135458,256.46017961976906,597.6113715097006,467.38355919302984,40.78944934680137,159.9186477120687,645.6926928771287,78.584951762939,376.27509629940795,428.5222993586261,160.74102554013106,258.5420730272894,298.9040159582179,315.8605299181807,930.1951764010039
915.7268098472244,414.4578798366791,479.6353958131367,244.3642607547966,355.83684211291956,4.042462980906712,340.3981502661122,620.2101565067662,487.7320295725608,31.453252030829614,146.46719797782856,621.4084698754407,125.88907329578788,328.2131553899746,493.86394313722445,156.75413130938682,366.239209237226,332.9525626353581,246.448288555319,1203.8953952503036
1234.184359615669,458.35642179643725,408.281360684409,249.91583348960953,340.8975937423745,6.300879491693956,603.9461521942334,763.5238749369278,512.0098293672688,44.89108190398078,168.19845850663222,703.7398323443315,113.18213456014384,526.0535454952268,385.2686781715748,191.5121226782215,265.6694992499384,461.0409848127396,292.7240088626532,968.2082008113657
787.5964526725672,369.50066867949283,359.20332575184625,120.64986537892379,606.9820713092383,6.500371805900441,413.7741932369101,539.7335497738511,565.9902755503371,32.206369931468174,216.39614805815603,599.3542186750856,195.8489668220792,403.19712066158894,609.5260516910098,129.31512182435927,335.2182883051953,465.7038343860317,232.464985833075,943.4996680415297
597.9070386583246,376.38631212751227,390.8323260721141,229.6064202784527,387.1451219270548,6.659160804339889,338.3632100036824,622.0904575274978,468.45415890564897,35.35929798440063,176.79198982584887,448.8416793137653,134.87867565869885,403.30029915586226,374.3940349312667,138.6383574241171,446.34007976695796,480.9200922769566,326.1112687418431,988.4663427616422
1289.9993223369302,347.4447464838932,443.2040834894309,210.0361748422183,477.28815140681183,6.088119265498043,407.11066137267466,692.0583080229264,407.40760662070875,30.76387172694121,148.0117198006979,845.390926766021,177.5279314892993,542.1318609670628,402.2961185537632,140.84157622169366,483.69985281193135,407.5566016684109,408.3663792781437,1078.0190209760265
618.9621747795269,314.3633441517136,407.97553093727174,170.02071146661186,378.26676037733523,5.926564690495135,285.1120439759799,605.4443257837764,435.6606755226882,36.447627993854276,125.14762715945386,485.5637438680261,132.46318016419397,373.5043691689852,396.2808894783625,171.38154292328264,497.5564256721499,476.97101516660524,253.07652050659226,816.1488318528642
839.8629920397909,399.2118619130381,538.6334916199532,248.10510919334132,394.81133747840084,4.2383056540871,369.2573797657888,522.8357966805313,439.96191112855604,38.1688134556366,147.12971953877744,594.7662845915609,100.53286567074213,483.4945861193988,484.9637191561367,160.02339153188066,512.7760961748667,434.8266143421725,258.6716262751854,1030.1433496170218
850.9720789956821,328.66570631967994,366.5202857850242,191.91984555431043,397.7925716697795,5.071404073164511,403.16698530594874,802.1965336982215,452.79741768133556,38.574559515375306,156.07320485331215,657.651221766753,127.51287733296246,463.40664368466497,473.37580197161935,206.66815084441095,205.62656387634019,359.787074795366,258.28914409214275,866.5232009563892
1018.0762591656278,266.1484243347533,301.6636667422043,169.46551434590296,363.54728947182593,5.239390135286182,360.36464896932085,719.8966733096694,443.8029317184108,43.70020683354453,106.17837408451811,563.9883202151505,104.31010387982754,385.67889036711017,407.867389308073,149.87603905026546,384.049188003046,544.2553939056193,293.46379966433585,802.149694324341
938.6668810181758,419.9976392596303,453.53243648653574,255.90686876927566,271.2974999062289,6.194959520354088,378.03272913565115,622.1510585643457,577.8911893157758,39.57443021122272,165.14888011685778,852.5193503398525,118.48574273558512,361.3760357302552,752.3446482166821,148.43683241695038,358.74176094426105,515.2844693926264,276.15585060747327,1068.1997975776135
1085.9733726444274,334.7295825129769,527.4462532460317,240.08306764134937,421.0941565888678,5.343646097291254,342.71586298015063,543.7258555847433,454.35821763265824,32.17222219828726,152.48927619360921,652.1543943829017,161.75235767658157,389.3674097636112,484.546893591442,190.237073060198,425.56870005874174,508.38850078816745,253.9494346227522,1116.7235693059404
844.5132174476515,433.68763695591537,267.05005272354856,195.2924598094505,405.6918774982387,5.940151319206895,497.32373433683523,657.5420467071524,282.72070021917165,51.47198003218804,101.9891851056347,666.7275970321779,175.12864043979985,331.5646850122936,446.0672686348356,175.9896280553708,315.3214539538815,326.37463550209316,198.65174636516227,1194.7399072449557
1089.7785901916855,358.59216689216987,438.69307281236394,205.57116447491472,302.67062961779305,4.753603627801461,385.71576740061755,566.2154010291936,518.1235018765931,38.744489419802136,172.49104541130475,573.000074043838,121.76039759563389,378.87655310033676,441.24944834103025,180.3334562275696,385.40032550816056,595.667988100594,434.261861871791,1406.1101280527846
768.7397965004685,274.8501172695304,393.3691880135775,286.69261943425965,364.9104977008303,5.953665372161874,439.4341046161157,697.3109208089475,513.1406366598271,37.50925731021056,137.87811059398877,766.4612278663046,114.42184067937806,407.1667087779339,568.4170077877798,145.8073751472809,364.8096249622944,393.42624964364677,378.27728934527545,1055.4812632829562
902.1602898271664,293.23719390768076,371.58530540426034,213.4167300931901,331.7405745955937,4.379089571354866,334.12873841262586,671.569422033496,434.73746852514995,27.67669861833099,124.51702817855332,745.7985898369506,128.6086855707471,335.31085486672356,368.6747387116767,162.23738708238378,440.8035562828761,325.8698404606038,204.65432123567433,1101.7234445863353
1033.2219596857763,485.1441245616094,395.77806141353136,222.89124709000032,375.3142742077581,3.7844347529649407,473.0856219807556,458.5703303537543,419.1382180265067,13.78299165946937,148.27452907796868,736.3309718879001,113.14378726043635,247.02353411590414,584.4197096893403,147.96277986306103,400.9289683643504,369.45181353704857,241.6405350409081,801.7503287958995
1213.035197134585,235.4173500683184,483.52052872046266,174.61247647006806,345.06517263773935,7.244986808505658,545.35734832577,704.7665099579627,698.6272341065761,19.768498600459623,122.0352883086083,670.7133896739188,134.550016235699,392.4089978948225,354.70642609703793,126.88908772008585,333.0476312121318,470.0264866928838,238.9198424343262,1123.0038643073685
815.9581665065516,387.27400694153806,406.2714152817632,240.43989937185557,408.6655815631945,6.4253586290437985,365.82882686715504,521.5097368358576,382.84622047841464,44.71809137046928,152.63849315621619,638.104265245724,161.67655384742642,396.81195855544996,311.9994569710451,149.12982205944516,348.0449146994606,462.23608609432995,301.27682045380766,1509.450614750624
1482.6051091235122,425.0388135265266,325.79740150340183,213.69933619369087,425.64733746912395,5.797120319630779,258.02944826212615,676.3552815215944,529.8050083288864,41.11382647994018,142.35803780804713,577.5302163108206,142.18479711969647,379.36384669754557,478.1563980485545,155.30286625504544,438.272895633803,564.5309751503836,307.29037241821334,965.8059075844544
907.584684504965,300.9237310433154,522.3620372601023,263.78495646924637,350.4934930595185,5.466954810936595,443.5841228446449,588.9039774194467,497.8144390333267,36.1030906359784,153.82444815372568,771.3054168016926,147.95626063099058,474.655199507292,606.6784735055587,214.9635084074378,365.7127845946589,570.7631093683309,336.62606898878977,772.4423407583954
851.7465148349119,360.515565136409,376.07341599143047,225.69160111867726,356.81322456670506,5.098837974091286,395.474723726813,708.5671284979891,362.6318821535787,27.688145403128605,139.8225505566075,655.0006416454194,134.4892947527751,415.38756535498624,313.67524705636686,175.08578172057148,380.0328342116403,567.3370485624719,309.6055560142631,968.1620310909464
958.3570625619399,217.97224690692738,494.2790951400862,261.68173976109716,471.9373476814023,3.7079704607140824,276.07174355812566,624.976670740205,552.7175193977955,36.60736433202125,154.85341231005407,676.1756599017705,153.38597462303477,441.7755903191505,539.4414020421838,172.72040652275294,294.8806554017856,464.25528361225355,362.03079658991726,811.5023044080633
1253.544737877216,432.8663904771914,510.3163615740426,243.64231382948338,312.49086797050495,5.13577590917413,418.1427848119735,656.2170703586813,544.9454105466713,36.27347640985422,162.5793524479059,620.7203780949578,144.7213094002473,233.21007634953742,368.66314814173825,184.1550918422488,284.1408129739707,398.8884686085412,226.90375727277308,1038.2179277125633
650.7248874034158,350.79957090583787,346.42471396499195,239.01885737215164,390.2339006421855,5.812727104865193,468.32212189498534,724.3705731146935,539.4076109477742,32.339362840693866,147.03222527492431,565.5982894115511,179.88353669963274,526.1523376058847,597.0036997824188,147.44084338410696,369.2361937528482,408.36014641456745,325.54063397883,960.6003613403108
1305.9260431735197,310.46255697252457,388.988914043587,184.6613094944101,431.83797694856025,5.09175222367705,318.2783511897633,747.4020390319188,360.5174584478307,35.15343821911472,148.22941736590622,670.3801861464643,119.04767262661396,370.4776619794799,535.3161814048516,153.7039053465237,306.22465936033495,496.78779875390387,190.28446739815217,844.234236346402
956.5239509702741,386.36828510411954,387.2644372882137,216.56359191269584,453.0096845193408,5.171664909970717,379.7769024257356,634.4814852327418,371.7793019806756,34.38855690957446,180.37107944287547,559.0685078861538,118.19850277383097,460.58419520662324,556.1933759148154,184.85629440935114,360.779421509116,498.5261133051437,348.380478575297,876.0176215239968
1047.744142505101,482.21780810595743,311.7275682122978,273.6809306970205,235.70553635446566,5.4530117804895255,342.36223280901015,428.8147144365437,621.1163120020194,41.56086210336332,149.46454684104864,606.4664071452916,149.0614615419186,264.7567972233122,609.8740846489025,197.8233618178978,305.4393939179372,370.3984973597526,260.9929866853478,1100.940835939476
1113.1237284408626,432.1643082089961,235.50634970280657,185.95639170935482,392.5707127523288,5.38572633912004,312.6243543264036,646.618523523695,425.22966292847997,29.648125102181407,138.98343991829233,716.2069460703967,122.34518412248578,419.96233542620683,599.269320961471,172.9599022994053,383.5729035486228,494.4805983908686,313.3310366300926,1135.8890662673941
920.0483118636522,376.8199456293902,372.20429239420935,227.8648226080077,416.2469688955123,4.411403355671513,397.43270251770684,618.3761556806313,456.971561859769,35.950331057288395,130.2288301824361,545.0258032341793,154.85950216051816,400.4807849377071,715.2971190844091,160.33525429456515,414.483822827303,436.85832887377575,256.96740521464756,700.4814629087323
1115.111475063332,446.2118986449817,470.23510585217343,248.860004371464,400.32167566271295,5.172469237686795,434.806909378545,604.3692726135938,459.8291436214222,47.22343684268961,117.83904612907017,574.7100883503205,137.63205953110182,412.3016664775128,596.9635209002665,159.3155456312942,299.59920606078873,434.3730902713042,313.4867369306464,993.9348087241688
1155.9920064818054,337.0072040320581,342.94951883457185,186.60984507452818,436.81174275346154,5.563942935784633,419.72200896957247,583.7920854806238,269.57050584547756,41.665904910017105,150.35921375676398,656.0006366040001,127.26122110275998,316.88102176714995,444.69573440292504,158.0971056264542,317.7307966731978,468.40446796144795,261.75434719273215,1159.7328672137464
1337.1682559446763,254.0008773100995,397.56420443964157,286.26271548693165,217.49790857891006,5.188112130825746,212.43662263099165,598.0857456929901,520.2214797935369,41.085621210111306,119.72203274158433,564.4761991044867,88.08396676714685,618.0228981201394,509.93305038993304,128.31003262336262,272.5620296155739,448.95249454549844,347.11321731487504,976.6157406937256
853.4331137304102,394.7088014423367,486.44666949314956,231.6398190450726,309.57815956410684,5.490860865218467,322.0358575549002,756.4429486828762,474.6948128640508,38.876599563353146,124.5570272104031,609.8279821600972,134.98484152683847,391.3115874932595,501.0602607569399,149.9226336246782,274.54767975098946,413.10112016266504,335.3224305910564,1020.7603499808554
971.516852130635,228.19706012642033,350.55524680122824,214.77339633655228,308.94950343129983,4.81084485203153,364.38499426658655,721.3853033456738,478.17150436965807,33.22113843735444,172.67885217752809,678.6992743948009,131.4571788589768,435.9400446864055,365.5248186510706,152.75996300520632,315.1418829394188,446.78464717554715,413.4916356917089,916.3364607270605
934.9213686361282,261.9955978845087,562.6582387456756,235.79675114803,336.48789118609426,4.528837128858212,478.6590619671135,579.1296854189151,313.59678499507163,38.89862809761705,182.69431918664938,569.7661354373071,176.53485057034894,397.64329019128337,551.7217072201216,196.95469683604665,319.5010585666634,551.4360594336615,287.12287589347926,877.8820953993062
942.9383744292434,439.4310988448543,419.6221960856636,186.0558607388142,382.08026144928635,3.8739894515539746,457.2317752121857,722.6417389671102,441.96333526920995,37.42008839042797,167.92583066634634,674.7192981123429,162.10024599366318,339.06693761900976,563.3759741881609,129.60154049343865,273.3127757220754,423.1954532474716,246.7802183155751,875.6753128777336
734.3418102824892,435.3479762086827,363.46057275289166,202.03753289722056,363.4312931573207,6.0851676305225615,466.24459898030517,858.2967478655443,495.4526624083655,42.636616315062625,132.60117067485112,595.1183384878912,176.56527394837113,488.09889452825115,530.7453073907026,195.84915475247584,285.03930057954864,511.0658898479012,311.51086390486444,1205.8090448058483
942.6166657432951,420.3525906370934,399.51671944331565,199.69465124681312,422.1019692566451,3.839062549683206,500.1555708626626,649.0499652656137,330.02889832701123,38.0533722469398,173.30605598420715,546.2481023295658,119.7624522301116,359.2512253844167,501.8668401211213,152.17179116013185,299.88366471013876,421.48860227996016,215.02023058659455,746.8625473627236
919.0269848375373,418.162709530086,345.4873584886891,209.67629646758647,388.63219616233937,5.885864104218232,371.9289178644859,559.1142396130734,504.7629991025632,47.4307456058717,130.74700181894335,610.9491370430368,117.89549737795733,407.81746339330056,587.4775460656323,152.05356357850172,354.5636419309869,526.0378493486952,314.86339391371996,960.2150947252846
1046.547286650868,427.1239873725758,462.52403632847876,162.34654160583173,454.2493148620296,4.058520961473079,494.5910624304222,647.0860035262268,479.18206291736044,31.4455904209708,130.22820917537757,590.4515953451129,70.49333252025171,367.80284766676374,515.6028531392348,209.99257756065964,241.72268628082188,498.6352806461498,305.33425330502644,822.2628636081964
904.667778091436,330.8966733939901,414.66050259212227,243.7290494932341,481.2849211835589,4.195001285384807,371.1063473165334,558.6541148319365,457.7228724900982,31.24418893563368,132.4022753887948,777.5142910289511,132.98268238151337,383.6323379697534,470.7408727290565,118.14552764387693,441.63964720339834,412.2764747576627,276.7619395586554,834.7571369365323
819.3075694360562,373.28388416735413,290.0880528897155,224.34663386194578,401.61110652087666,6.122517414564021,455.5906272416788,837.0732826637054,441.2619559775435,38.15653898622213,146.1748159309453,715.681569897907,178.6292962051767,418.3424796978719,563.1188990708094,106.58455770935035,391.65986162995335,616.0692455051608,311.93880679381425,908.5930546014317
811.1010693360207,163.75692023284677,440.2497723045312,170.28513563503313,244.5230302104562,3.7526083979651386,331.834503650028,713.118046915882,461.5040688334389,41.102217915543605,128.15013870814374,771.2349995810373,185.84906949749086,359.0918564820531,524.294418424983,158.54884229966717,286.0131273899646,444.4504222158554,312.8283083581073,930.4344726662735
840.7896119759291,355.4589945556131,432.39766147366737,340.403876068084,327.1377821510223,3.3326846592570316,365.9450729079379,675.8870503639099,343.06889853864834,42.9162012325556,189.7901550874151,810.420459733911,112.16054811237495,300.2115866328783,525.1951137714872,213.04726839808868,382.05987080223434,471.4675612304897,292.5985981784848,1166.0680941237006
819.3168293517177,340.9739842026989,699.5150738378678,249.4802554171151,184.36317355973708,3.9530301136568706,416.7091666779144,637.7267919753896,501.78606830820604,46.050990934813136,109.70052048532413,796.035616332178,135.28351818700588,369.15159529238895,598.4830163999379,126.76666241667644,426.87151443048214,496.13340649861294,357.11941118442184,855.4278996160031
912.6160312253712,337.66023111020775,406.0883588129368,204.72471214388378,420.4859234147234,4.442611588487505,360.76058157420937,446.23141316337035,573.3303137945192,30.61348367202622,133.44744349904775,876.7305003575901,184.67106918842478,476.2350294178693,375.81114494785174,182.40651508139126,442.87518834713114,558.229429275922,316.3855078427525,815.4650347635867
913.9616788071091,291.36576120873724,458.1766119008857,277.8357531773433,312.5854574876668,5.175296650016489,378.80653859157377,632.15080624016,450.17529286471586,43.132847032907954,151.71409479979815,786.9914357016055,111.23576834036477,382.7909343855709,531.9512780950595,200.21298982191612,357.14060082606443,468.5942844774569,266.03708488801186,983.3135036211373
904.8449778148167,359.79527387533614,404.730698355413,183.39278888912943,489.3251690764788,2.0091496920119116,445.37908197893216,296.07126409086703,560.7946047440826,28.927080378216488,138.94919689312914,780.2599873509503,160.72246087460562,539.2996010932437,639.1796686848647,177.14771754119607,291.55889679418135,415.541406415797,287.4686304475746,979.068523009005
770.6840505321175,369.77199287738335,234.20341850098754,203.27422637061062,373.0664945936821,3.7161035515749727,430.9542902313469,350.4754958540146,479.44379686330404,55.03715787354787,172.11200881569908,692.4834134718175,139.22520831058833,252.67869576739045,549.0897313987135,265.2725723132885,484.0639631735206,399.75571330868104,344.5394829546362,690.3376149920784
948.5569021728927,373.9922646114595,373.0527230825297,256.7400149992688,363.26571895966725,4.2367627701793635,376.3315953399692,522.5479542349549,504.5025869473983,34.84145003316991,176.99094319414363,806.9934571844004,140.27004694974056,284.48567683368645,538.9514257935867,136.9431829830439,418.920863377352,443.9599323901652,340.68082718420715,714.7317601408758
1020.3959862319807,326.50133541941705,474.0605285997127,225.4518521846781,440.5034357043673,4.375362507618132,330.06129401464193,468.1899397509977,385.53775001235437,28.54901492206258,123.82175940021249,716.4401763937497,131.70409114388553,419.9863570441015,497.40448880252484,177.1057106986643,381.8238124951375,441.5667884373275,307.01439850325846,748.9795645732326
1193.0169011293856,377.1402107951705,488.299003320393,201.01340269316722,252.74255518860204,7.038313223545806,426.69818825807477,627.7038416574194,538.1578629437784,32.01494651118863,200.16144633760499,732.8933392813506,152.58290562372093,326.00840845277946,397.3824397848353,142.60577545592707,260.0901895853643,441.0762341543659,288.6868787225167,902.343567563135
893.7909696781346,334.04616681985624,535.1605837696413,283.21789654627014,324.5012472733753,4.4108907706077725,293.71527492651103,697.0870089523198,476.3837399067176,41.75085058003466,138.4405487281835,717.5977700597822,173.01350696495405,375.27356563757564,425.0082897626394,172.9450308209651,435.1093848606278,561.8909188435243,199.9197190936302,916.2609602735432
1042.9279084873358,286.39465525220504,471.68143879335713,296.5654384458723,455.4464606663503,3.459014491829591,203.42171791830313,726.9620186869872,402.309281192,31.479443619598705,161.37489516011726,584.7134263459972,149.67952124773947,407.7606068121866,633.0372844447116,161.48763686661354,394.9428426965912,559.4485538794354,293.6937900837643,1118.8845363349606
1182.899808688217,330.32176774836637,503.75246622020074,200.3403418373274,288.98024785359115,5.34901643388108,456.0520187077526,760.8442085077995,421.7266563187015,35.37868734660747,133.84633143391733,776.3883890128895,158.19523448889967,365.5757944048663,606.8687957451702,113.87442740096307,279.83183952961537,508.57993299595245,300.5451288438376,667.9684755992689
1080.1376737616333,274.9465315279307,506.3326471598471,158.36625463442527,399.28975043483774,4.707076984246954,520.6802616647309,684.7139583570503,652.9446075090104,29.704488916520027,156.40170993290502,354.5417491655542,136.85409214110285,364.85493193305194,543.1182505447885,117.72596012003373,452.08688432859293,350.76512438255185,339.3203203010235,618.3999788478773
1195.555318240926,402.3194582556974,469.5647531494418,298.1522963610074,404.14044860866863,4.980481817839327,301.2556254498438,592.4250411825642,511.75210966815393,29.278679856137426,128.33703819025604,460.6979758740979,126.33883364252367,251.30024272220587,636.2025669924176,126.21191758428955,411.48900172014737,418.80891921565535,278.1776729746479,1138.911145366986
981.0214439974615,401.38171884840773,397.515539596583,174.27312903538052,402.31756664838946,6.0938635388145,503.13869212631425,648.018650057078,565.1524280878295,37.95280568779469,180.00596247464074,664.0948304139653,93.57466529096912,560.4212397198405,493.5131182070788,180.98964389712614,358.3463622218586,474.2923704596285,358.8768759194069,1015.1723971733081
1208.8949557649123,339.05300805105696,329.4021817876968,218.10100228949958,336.3528046850481,3.9223633952811507,337.4603272953351,869.6350202019372,515.9705438740073,43.2463306159988,164.10619534055712,750.5641391725272,129.2233305090926,505.1481025623271,627.9088221024801,204.75693015399312,267.3494911923681,477.1084880048428,325.2845126359391,944.8217343331116
1082.8793086758435,343.9979113327652,396.81215466117743,223.93513035480234,336.33865912738213,4.806432700467549,389.0321903281456,668.0006709206027,489.7903313637552,48.303124962511745,118.03760777290023,612.4455020573562,141.0584058980419,440.5316472197239,434.71966837787033,159.72391625069304,379.52292867711697,457.03017319254735,317.55572952229636,1146.0382626482601
908.6498041542626,285.72912046521526,534.7766425494351,290.13896038784253,363.19040292105683,5.979451680401187,360.4067221004532,641.5231079763572,486.81162011003374,35.06666627408914,148.33915755894307,654.5177094389485,163.96570477275142,457.70040503612796,545.1171847879812,166.83526111468024,313.7675558610159,442.6614943981344,331.1169950420234,961.6482237566097
1109.5883653590577,369.4161753258828,331.8881682425314,230.65428060688797,449.5824335984429,3.7071380161098686,413.57644210449996,582.0993966454085,417.3104582449645,46.50454368672952,141.43221311674282,692.2552181550241,162.18684765221101,433.44826089014845,538.7150555693722,150.3629596914281,276.38739331353446,501.659670627054,300.0788965178745,1252.3756083571548
805.0818563470175,380.71848426287,368.83743033875265,276.4281829446861,475.78644495234073,4.645323725976644,321.6482052737353,466.4157317159486,446.72379461608034,27.519390552957482,155.28576528368572,665.832993992038,144.24726707428,427.9319888394679,411.0225454613285,189.30683201749727,336.6696433698869,472.61788092484466,318.73608747851216,962.1844785855207
1060.607835203287,441.85585024907914,476.2802433614243,197.09434064140078,463.6368274359618,3.976720739059177,191.5010849779229,463.77482438864877,484.9443744731601,27.523482297008044,166.28549074580854,865.6827349521158,115.6558817889985,483.356198930304,494.03321795681956,205.4385907076326,402.6168295383013,369.65845486625125,273.55632512789794,839.0187953387136
843.6562830102209,313.8744038797955,437.6593445084233,257.7953877644647,332.19695764418486,3.6579346397303807,424.9642165496053,676.3292113271888,410.1344102074753,36.16536872829259,131.7422406654908,801.1243024939563,120.78944549349701,423.97412207198306,558.6542580989241,161.8507180182186,315.9367068306573,513.1088740016828,375.6736917017716,1020.7737627226759
928.6450046822683,502.5452468690843,357.6705424394619,188.69056816490382,474.7659514437563,4.695827588492247,367.22424584862733,811.6975201943029,582.9096429357976,35.05009884186161,171.3007221880847,531.2527668960048,140.96043531577132,398.50613950460587,423.72315775595587,175.53767724609776,433.3504571160377,591.9828413240722,254.83690614537528,1003.3526059487524
875.0672505292449,377.96952538649987,412.33925199341604,211.18200479755552,365.18968680109623,5.699703945026337,449.1993427391078,773.2279826648137,487.70678662939355,34.766151024820246,172.9439499318527,795.5483610667677,119.77862810129554,366.96659182903744,529.5495553370864,200.34976610049122,309.373211143351,421.12331369409833,267.3923891240321,936.6255938436398
1271.3904494563471,387.59378613927777,377.0709231910739,270.6438124046563,323.1487620394637,5.930158450319766,417.3293357261653,485.5721006975632,591.3718882364661,31.443106164298523,172.95669934753437,835.1665725162761,152.6754549673084,422.0134252317514,548.8954955575433,200.73136410180092,415.7078194772991,560.9385101047909,251.20417956568957,881.1379206844365
906.9460821776026,324.57265873230335,352.8936776060452,204.65695848355367,265.963667080797,6.297535165969426,483.5464408755676,607.9314768877582,463.61184834047265,39.70556098031716,132.3818249359855,719.8652560665435,150.8118018879229,284.05611616270056,465.20228872115547,174.4756182809416,411.10576196886353,529.7310772708929,197.0617189778439,1041.7923998762672
968.3084708771719,350.32643752075694,367.3952439213862,201.02134226443647,420.5024181998019,5.147212755628614,526.8785089995732,632.3812273354987,560.1785780265775,34.43552062735186,167.93593421732515,699.8098485451683,145.0762726621163,512.4441776186331,495.2016651736291,157.22360913652872,289.8458227042851,374.4919841993212,298.1891967936953,774.1526384284925
632.9443962596974,376.80624171463734,364.02125908295335,186.08901847881344,494.9648139261323,3.6046459639316826,393.19969436463197,653.6933951470764,491.472052147558,47.495653282895475,146.04847473578363,777.3242707461144,193.99979541401802,306.2974847157204,524.078720317395,153.61149676941875,287.0059681928273,399.31375166872937,283.11885122882217,1110.4237202680652
1211.0544594456655,186.8809004781429,504.1730177170478,213.3152128068525,339.3397526601493,5.424318713265466,374.0023891287093,719.1278089433551,508.7937639429005,49.14944040807911,160.93031106129783,609.9744580736362,114.96550519225758,297.23827013622696,478.5180741213077,134.60636349649334,219.31379347345379,524.2292327192622,278.9259966438998,1029.7055439595665
900.7849440335806,302.3297412881351,319.95243961388843,253.14550925489914,349.09811831825886,4.4362970121645,322.45302676385245,724.1761634516838,571.4500686248207,30.265757115360074,195.52465882306464,624.3817815910336,146.25480122792624,509.4905091736537,431.36768503246014,132.81616670453252,291.69286351154625,346.8447148717022,255.60555396581736,783.712590274467
712.2833920328767,381.2270723072519,390.24920326059885,189.3378273091489,356.3689788611548,5.202046919591652,366.3271043820152,614.6438168299934,452.8120451064991,32.204669591895154,138.58142084763597,508.8981724501067,153.9286283363953,502.3582090393496,501.8923403028009,156.74616728344833,347.65583094978655,557.2950650752322,201.9131001406252,818.5794805693789
1078.4661453218102,399.1573160003118,495.9814894093257,221.99453994287293,228.86114515278982,5.586152820963978,454.69794476129226,548.1359984933291,475.0390037835673,34.750795348986976,158.97319718109486,743.7105394102917,119.32377915362692,369.64527134701973,436.4342295919917,147.49287706235992,363.16088999401427,482.7525243130069,278.2010785711613,852.8512186874838
951.0404990169944,278.89256627680805,387.3041865042142,207.12909615693553,353.0669369778592,3.7274365479108145,416.6191914189102,538.0163545343996,527.8047901803893,22.398997505527753,140.8166706640933,628.6139394606553,128.52944156148627,262.7333806591803,448.3401805066691,111.96674587565903,377.26546303249245,578.1075119526263,365.48315127680013,982.9951179748253
1013.1277650233758,390.0184262549673,443.62314252155966,248.89035877196739,352.9043964083082,4.086736254291512,403.61474636432195,553.3763048800683,497.63272178379873,45.062130591213474,155.8342258919647,656.4970207718999,102.18029766119551,445.407066552423,351.3695462226642,132.27849680774492,396.363926180479,409.9713114635659,291.56052459499296,1127.012781273275
1221.0010764108547,375.0940944599499,446.85003440672386,295.2405010599313,356.3746481835892,5.3510696703958525,475.4755015331468,568.0432919172115,418.6851618939391,34.18572645259725,172.06947663135333,581.5146160597343,145.05650508598802,482.2781052182749,484.9889945463367,148.00769943133133,393.7110837384697,525.7873379848405,358.1510912626283,830.4452389287936
523.1180284077916,473.80011653943967,355.1840826138386,229.7465097302997,385.16572184553456,4.309209013202475,365.4301717153801,601.0890414460273,358.6091889328046,44.55431018518215,133.8546947579121,504.220904917075,162.8548780980308,346.43785231971293,402.63537040994277,173.40288524825812,379.90781286317,417.12577518069537,238.3554424698243,1117.2287827587004
1309.2586117313522,540.6435763683339,399.96954197471524,240.19198204744666,384.47953913781936,4.078935469613997,524.2360854640748,587.7679667830939,474.7019200654044,38.81849850396505,157.3868919482509,542.2658554974371,131.23784904304088,472.4812139136166,419.15867269823997,104.51582963268174,305.7133214273149,498.59729321092675,223.82977869198362,1107.7085191846577
1054.6165560294924,371.0189249011405,323.3398410982642,287.97003532063667,352.30869739772436,4.001695235714445,430.7444415963108,727.4619491060059,520.8111811720822,40.102719781126524,129.6273616277131,635.7360275286278,139.24179726558827,365.3160703074296,616.8427623888364,186.89339247210313,348.9584275126488,516.3449033148895,250.78945980906505,589.3951436070329
1367.1098790345573,354.2601599833722,301.4058891338495,243.02382928943985,403.19238528531685,3.780903362285499,511.98773946304084,414.55999130650855,537.2605625225626,41.09098053603131,120.95237818001021,502.1498192485045,163.1189295600656,531.5077474138877,440.7343927503773,180.8102127212685,343.38840534814335,376.14823088627674,279.6895514576457,993.8388997526683
757.8341742163732,411.9164985763181,327.6306918951576,324.53912664052825,402.34597829305625,4.896772035262482,361.05254574213365,683.6611035163569,463.41380610851263,40.42225134783479,128.91059986891062,548.4145337236583,194.477759974665,476.8048361208595,572.3457274633319,186.97377111534078,428.39025207548707,561.3862150814631,230.95346206114468,674.9048583973686
1008.3109115428363,364.6968331817911,343.4211190047018,178.49310585587534,441.26173330037705,6.063220144879476,478.0926395149107,640.2404252343429,440.8787173550614,31.55026028663785,157.23035462923798,563.9323456494842,112.58515870974742,363.35669829100186,431.35020422278467,184.56304279452593,267.7290127077718,396.7480906488707,309.0211395932214,962.3740888847739
869.0715917223307,356.3730686331332,345.09088891541336,269.51951969795044,381.6315697968496,4.672521479663079,361.9663611462853,575.2094935804196,517.4975095077773,47.55249743079453,133.22918248655952,730.3282688908832,138.26694800040303,400.83672467771964,395.9715332645146,140.2976860046341,476.8147406517368,498.5456640418113,352.5428402441303,1038.169451391022
504.75212876655667,391.14286170048774,386.6588589044086,231.93333765425845,317.64280667033245,5.18953198887256,470.51484389986365,608.9291050801014,414.6820589562145,28.144794504799755,149.94665589582897,720.1848383770242,128.04111800142445,463.7535567700415,541.6702784087006,203.08401512178182,363.581510426959,413.33337838352145,340.95963249976694,627.2825386145057
782.7057730355565,326.27791198698714,259.8173155762079,232.69358035444725,403.01572077135853,5.965634061779491,357.5999115452907,534.1007855802698,439.8845995883398,46.46689866515007,163.5697855699602,689.9717379637909,165.17766282881627,438.2255864207282,597.9239376385756,167.50422761220716,317.58081082866494,477.7833761472466,331.2527410339223,1062.7407819649009
1100.2814633031817,348.33730421172834,353.307972236978,234.0258328734592,454.20407785634205,5.180709117755622,477.31467619336485,846.0203645238934,443.6432488203706,36.049976193105216,137.22535610420198,608.0879083589739,115.63986376517893,268.0561589376814,514.635390447297,122.44900660637879,359.1182903229076,424.71714222393814,327.05849302793143,1119.658842268968
1049.3935489909134,391.747490436371,355.5970604448418,196.85189789120886,389.73312217740175,3.7989315788835274,411.78786624443126,815.7310355644008,539.2443665396306,33.26608495532744,118.9796066908921,495.16361912961855,145.74003033121448,353.0181116916609,460.16677796616443,122.3317376769894,297.76764775967854,466.81824089764797,339.97488478117884,723.0708240388645
940.5024917815547,294.0993947716306,339.7428281170588,234.97442716808865,309.792469504623,5.082262721574971,358.49990308698784,584.5066039797414,506.88947004385096,39.862832203246725,132.50436824594644,878.0907723557339,159.86844703648944,217.14313199875423,671.2553037139505,164.7126651390857,427.5487981463214,441.01256630554747,355.772227434255,818.2198664584464
733.4883774813134,394.02305923464735,465.22818395619595,186.07173086599659,420.7413081517508,5.749372829273705,325.64194621562837,581.4638817232482,378.39132339182396,29.110894235814992,170.2007114607198,488.05626385947005,163.6681291026536,465.0018009056123,543.3948172610659,162.6543114125891,324.3351727353254,602.8533940702599,309.5071228479334,993.1554925201899
1188.1382740372856,377.0091744527694,493.97135735054127,243.10231439610354,356.1866944339273,5.579440100174991,436.3857364274048,710.6237913674634,399.6923872190846,44.14231557726708,149.51271927841597,770.1391263510334,144.2098036727271,521.9017504846262,493.08634665318846,123.88661355312668,350.52017780754306,446.7143190924073,311.86072774532795,855.6377406801872
1142.2679557142728,303.3409582074362,405.27069897141297,204.7570513677239,313.72676103720084,6.360766463857981,353.013743011061,473.78624206375605,393.5255147830822,39.814083229141794,164.8317764646653,727.6277259530536,145.862457504932,651.4437782074892,541.0672663790008,202.72123645210746,258.6068685631818,609.1618869371542,433.899109631,1105.5747906295164
810.7762835236356,379.8910642673227,388.8335387023533,218.8433003827166,365.65004030921153,5.3519596559574145,438.42489513223444,621.9310440688702,635.3839213782501,47.818949220989374,106.46401363862205,665.9981078746379,158.4962040056682,435.96312055258545,623.9635211309767,130.18798253707675,387.6857731616529,488.7677387001527,332.6592101609744,1097.610778719855
1078.2051134457142,394.83376946185007,551.5151145556506,214.13428788335906,373.0542468427623,3.5932546025512346,340.58508573279437,534.186560791454,554.1563393367643,42.94040480752964,135.03042780681682,557.0127031677378,126.03203917497196,441.1750582471929,450.87262428779707,156.1654384314256,441.61634664529066,600.9215851018439,280.8005738769076,877.1931851013655
1111.5788909903313,384.12056847833446,510.47162535293126,173.44220594605892,317.05456470779086,3.2482567299918603,459.63891444673044,523.4582994008406,366.08168204963613,50.93465469691669,109.7191501011095,554.1850221510348,100.45572337278747,377.8519226312907,449.60964875067646,126.11189264281626,230.82220882310912,442.2363790531457,324.56615527595756,785.5080628262161
1020.0595258618093,353.97982908443134,461.19620394169823,203.87521071097007,336.5578813388385,4.9154122061203065,395.40102881912054,735.2559134632909,472.90607702427593,43.576324861290814,171.52783257952967,676.3930795595955,91.69396098879103,531.3200164548588,520.3362879277937,245.4705495063652,357.31819823807956,446.7699085493871,398.8559930003995,882.7742634850725
730.0349907319911,468.68703898671765,614.1320071272389,174.85863257192153,382.5679463799483,3.290506596400861,493.06464678970445,675.1912889457609,523.3548509321816,37.662792728632695,139.0268659701155,440.9948156901695,155.934353310097,500.23682469621383,579.4327349101642,184.29366801239567,316.77818576882726,555.0896607061962,222.0156424749507,955.4827131197728
1064.2685773339285,371.5228135046158,417.9207714854413,211.26832350062787,390.59149503310124,5.257673515698744,393.35489181135483,711.9282817635958,395.59933388368177,35.195215232807485,142.55913900933683,769.5569904526928,143.12938027953805,316.2444258439543,445.20431643936945,145.21932654466696,270.2099912762428,390.7746910954312,335.29352572398227,835.0739694214465
821.4910826753696,364.88152734193835,325.79357443023474,176.97243850605247,297.4927808652335,6.054927752244126,377.26390952071546,759.029148282367,423.48077407414877,45.58833594617643,131.74020939695743,632.8140112237853,121.39879624273222,286.1696256899132,379.5518170558681,161.28547032587068,287.2571891101219,463.7366136565695,274.4870489858177,876.9565910092407
786.9840994011702,305.85703970510644,388.6591117296782,200.96336654520687,410.24531242179205,5.692664611401412,353.8614151903152,750.8411899885117,555.0470290736068,44.660231352577824,139.98042952666668,758.1027076505803,144.40460550954188,414.17888662645305,540.9332644082594,132.8672641148106,338.21655965865125,647.9890181315212,287.37469994869105,868.6125588321235
1105.236768266889,293.50208617170904,477.7898735640798,207.96586266862596,223.13076475331684,5.332943117825399,424.2975443040582,760.2696742998751,566.518969920075,26.42971211653085,148.3573505858788,574.3971220770064,168.53503183601143,451.9541359925787,634.7550956426168,143.1139294035144,512.6532320789968,452.53714587097164,250.78738458473777,805.3928866433723
704.9385666591215,318.9587086736859,457.52105601598237,272.79345054610826,350.5890513122961,5.39754956225141,280.8149076593131,433.5608417997514,515.2444572393574,36.10346126389747,144.95110523266789,622.1124621600071,115.77899703841192,401.20840440813635,520.6957046001512,171.9542394923357,359.2508088352167,486.7672992053519,356.2206792948781,1141.2465073892758
1025.1360226035129,431.3248234190215,381.6699678794227,220.88628553648257,450.6410991338931,4.420144474043219,357.0753246835375,555.7840282489078,509.1214717928441,34.74592437799543,79.95953610253326,673.6937337564912,96.24143334388671,409.351233342592,590.2920868624608,127.77449609982901,320.54760944589816,354.01588044466547,298.14419298805717,1148.6172817701245
818.7373129039868,341.97826751021216,418.0869279711006,209.8254787328683,374.734609468226,4.237905389838722,459.92570261924993,804.1755555372357,434.02160245839457,30.56269498858852,144.40876596251226,589.933889757092,148.6151386963934,420.6982809499971,458.50815013227674,169.94649179753162,340.0763013987019,538.2486817074019,368.9890378209233,1124.426994606315
941.8225480337621,257.96670555258123,439.3889723481753,244.0386405658242,409.803206829779,3.424671018346901,547.786750967509,582.1948133674828,511.7477490607004,28.643147936716975,75.95095262654645,717.2895264806514,184.0023957706338,192.52214100985452,543.0427780387421,186.3862065033698,425.0963238279013,487.55569048345217,240.78247801165236,756.7508638922938
1032.051078095647,331.7403606190933,379.5445555320971,231.30935188970903,380.42507545899,4.141976708554855,488.6649052594822,888.6394257218641,360.8906993301444,41.10652158198796,120.08052603692715,707.9841935051184,143.47061050895914,348.601213307413,385.99819674994615,188.03348640586512,379.25984542079533,550.8399428192757,248.67237022446645,934.1783545426448
1026.0387730135396,461.95576944610553,277.3706625709192,195.41506463045272,269.5765210367422,4.913209588098129,386.1950741895038,791.6881892979592,463.32224583865644,31.178928138197115,167.55990202382492,635.407960133756,115.87392547366717,550.530020543913,506.1293573476843,110.5391688468642,390.3596980232903,576.4733618555716,274.3632546183103,886.5101013506531
915.3081670067179,323.85520268523305,677.9564518941354,201.90211908551726,330.1571502171414,6.8650374607922675,395.85433471280305,623.4455326165759,503.3697801589924,36.119549285424085,137.12121174238627,783.7842612410751,128.7001606566253,415.5381685461624,516.7384861182984,127.22694063506741,371.2684009971887,430.8965364176524,242.5835697924063,1003.1727571912747
893.9834288812351,390.1531746635849,396.11998191857333,193.76365262764745,361.144543905007,4.723927805010763,532.3070823411457,748.2140912968981,658.0257779854762,31.484854947832464,110.92113022992591,790.546766593718,140.38552329555034,310.28631948335453,535.9656716093261,165.68752116607482,342.0079264226792,446.88662217868904,270.575258512214,821.5895660495343
1122.9653095138183,347.79366587158887,404.01762856066625,258.1569058027766,303.05518035742205,4.701005388430861,439.4958158491199,722.8854764536081,556.554062270315,42.394596535034424,121.41670259219661,505.6283161303902,154.8289013094147,458.0053703784202,477.8460799030146,171.38362890690973,321.32579630638486,305.0554391155731,292.4150951799479,777.3153072750644
711.909520478141,369.32250972023064,598.0505836945616,255.97346436233454,327.8169359121113,6.065035955034869,392.5208904363643,380.30162472375457,430.98277149890106,48.297973084061226,114.06006612231735,598.4126718554078,128.7848419143846,394.4955845086599,521.5414136451539,206.53815091487195,416.477142428982,580.0378840263986,254.0151794912699,942.0927112483567
935.942262632195,285.84788473835465,499.52696759454574,265.31603369716225,420.2617049375694,4.799172531385551,429.9386115184638,662.5344574110643,391.8549486897539,41.88904717587573,134.31831992221885,590.1532391640391,135.46871071928163,444.35158729800935,443.7215188241106,183.50933223091644,345.1003021054552,528.040903179941,357.00048017458596,1039.906750519112
901.3918619343565,339.41060312679036,462.51787265702956,252.5053390319477,413.7435073012438,5.634617170202517,296.970222815337,501.20625269188724,457.59625824039546,30.305441025011376,126.13835252950446,601.6485432238044,96.99385293038009,504.7720404993306,447.0948957172051,163.39633199591287,347.38865415872704,678.0540359133889,255.47099956188163,893.1911618575249
631.6742933570415,323.631144280154,416.37938230071416,219.7217199776876,415.86582923608074,4.108894823559472,286.92407829502463,619.3297162533619,362.97056486351653,32.70984876639154,171.05885996210304,848.1357501219327,126.17356138915592,446.1654720764595,491.92558051142856,188.12485308056176,391.6149941777074,451.7144148720732,236.7581160956497,1043.9957333867083
1017.0153227312406,364.3634415658751,325.46691555968465,218.52206679971897,278.4743010965748,4.752309440809992,544.0180300278876,360.4231415440347,550.0419742589705,33.79687525787294,118.91004841649836,711.3647028951865,153.60454130708536,583.5334053189658,371.8536440240278,147.41331394679608,309.5431730828818,367.3487149826589,206.57755253379187,794.5486723434238
1006.7678258058978,303.2008263944734,383.2144181431696,306.31617983912287,397.24338656476664,5.194396201270612,397.6179216717176,701.2969561659502,462.9820373620071,48.79867230219817,163.2911420691312,698.9896889301443,146.29655996863906,466.483745336815,520.3653338180102,181.5935980119007,329.40617144092215,456.0258822652106,297.05650836482124,933.0921214506494
785.9813448305838,383.2617662245141,303.8733050292659,148.5279238610329,370.8206618897176,6.638953576232262,301.83905613174124,534.4216158326363,260.58412201932424,37.84112202567435,218.2921202980856,683.3523547475091,126.51553350146474,357.85629524583567,540.6349060219403,169.12202764172955,390.99384904756545,597.2040108420744,264.87363755016156,834.612316336437
956.244349021298,412.8382982553695,461.9338095852787,256.1381189449737,318.62652147066456,5.931781843007019,326.3513660015992,656.0653345665397,463.3245858566475,38.72422327064786,140.86016997546335,728.2742480510506,156.15732657198217,434.48953288369137,432.5631537331431,177.66937438958706,341.4902855877708,436.18504276086173,286.32349013674303,1213.0260592101758
928.1213121379793,307.6518783425274,512.8667166429495,191.29504300894973,378.34018523235096,6.427756020680943,483.92721925764636,534.3678305526813,332.61166054943965,42.844792301372635,143.62446898857235,308.6006302435883,133.4363703090446,403.8442555449323,552.2836707367844,171.72295131251386,396.72950992602654,432.2481967303465,293.92928976362384,817.7046394755799
949.3682461479362,418.28507645826716,403.2786359772414,214.94131746924182,292.56705324574784,4.152465485809016,349.9729158644191,490.6104663443821,529.2806075192563,52.38046128156723,139.83317056986965,666.1830228274698,160.9666838229274,436.7202527125711,422.9331688320168,130.10536766662437,343.1747605685721,674.4513966810892,302.2319911936653,1031.2990231114497
1096.4365373315263,431.95151214201144,452.84450947900126,226.33777070158567,234.01472846863996,5.242461458991714,376.3177558234293,649.6349104424722,416.85750922129665,38.97709115634168,182.91425719391154,465.62027043128,133.42522392671262,374.74907956477796,525.1890832514816,172.5010464042637,239.53711771911148,484.6286236434243,338.004158585691,1091.6309832146324
575.6865288973224,341.1392969468687,544.2386022618684,275.55192237905777,459.00950305638315,3.938266073831781,412.709092592737,653.2422915414638,566.3527299660902,38.467831872588675,166.0695817725561,636.3853800021834,156.35117323851318,387.3076513331396,643.9328613693351,182.29745206331037,325.40008389392153,501.72922389679997,299.86530926955027,1039.543561036549
905.5575906282785,356.32851652328037,409.09737950610184,207.63167099090023,429.0899812560515,5.484339124919602,471.98340703375334,748.5831511832381,515.672238853102,33.298969912345484,171.12999582453347,583.9629448277846,121.57792151169437,391.1323463563016,466.05384547214874,144.80932203826848,376.83718485793975,516.6928781589877,340.9055882238278,823.633848898052
932.0987549461389,347.2193739112984,354.3708928630525,249.34919601260114,451.78666018578554,4.283605953415718,321.1241978292313,577.0125862209571,550.7221255340271,34.87661536621357,170.5846325063951,581.1641526464576,126.51510163699155,353.4837430500862,436.1773856988124,124.55050764061,298.8482613404223,408.5552808153751,300.4990575909223,624.9990506485158
917.2144645491217,216.36740634863148,442.3548538555107,208.5780001219278,328.60260895284796,4.710797492338301,567.4597146848773,705.3608082562564,399.6055619182945,41.82555510777101,178.6028618863777,788.1075200046552,105.47691934172246,425.6113345352935,347.87025956917967,183.19569650055442,343.09927742947383,628.2948910777269,312.3931429123167,862.1058672174759
802.6733350513769,341.2911497904558,327.91434945028664,276.26132020683724,451.2090292447748,5.037400558179153,476.43004489998316,520.3791448141727,403.88577007798096,23.805929441744908,145.79294337095797,537.4603948532219,112.28097204906013,442.6932396927092,505.86598892323684,139.38829156906905,427.66850279389763,496.4451596229138,238.7269815739839,1069.4370123451422
912.5644690233732,319.09961204731906,478.113733680887,185.7023569647668,355.2569684996951,4.568743083372826,448.9345709712407,715.2534416453423,442.7921183501801,36.26525001906129,148.5991504071546,592.4581478755284,162.83495513913695,338.24658240090287,493.87610253959366,157.11978748002875,490.8494982215517,508.9831496431727,362.64173706611524,805.2015463467806
1329.281315987628,306.7502738233402,300.44571574730685,280.4495512587084,380.511528118071,4.025948851474624,488.0130584538876,440.34194046135974,326.3382828269828,49.639361586857405,107.65971495125467,591.5421867852193,134.49508765704982,346.25939499731203,579.368437772474,198.94333015115893,393.27656972214896,543.6142831529869,300.11129151004366,972.9531804911919
685.307944119591,341.283070863555,349.5797412971182,266.71969830420005,270.73767498297707,5.390855811961986,410.760483992245,676.1773935211295,502.233148271086,29.572122183041945,152.74095820694998,716.7518010325978,150.81453299016374,380.76627220927475,501.2429977781326,188.33882263302974,386.8765679388916,457.292922906492,326.43964471585673,1098.6086731945227
709.5545704098113,277.6636937299229,438.7622610002524,213.82468515070684,293.6256379726868,6.278459632135628,353.6005521600532,759.248032060048,407.4512997114565,48.40008031676781,138.46130752054592,523.564956308885,164.42313555365882,526.5655796126271,295.142553041625,168.75694943089803,395.3126986272914,476.80787394184256,363.69291585381376,738.867407294199
932.2038925536027,413.5192891102341,336.167741051739,202.36360465141308,415.65700148867955,4.693466784071827,327.93175553608285,735.8030214577686,489.8787216555053,31.593820795571453,178.15001245720953,603.1750454851646,125.33499193832161,411.5265852327245,556.0204201572878,175.54388662552404,420.1796826893049,424.28786435980084,154.0255624443224,718.0221568097716
1125.8497974469833,444.4880908152995,500.59453692075766,250.86940450845816,425.85362942665273,5.810677985366699,365.14950585143083,637.5204422645603,547.9178930377203,31.856265451163598,145.4255391346501,525.7606327733888,108.66817943132023,317.94534844041766,494.81607814173685,174.64296583229594,330.6715431243216,564.5570286964972,262.44933048553355,852.3496814164826
889.7615514274567,341.6340637846098,420.79746601021765,274.45333904022766,330.40957474161723,5.3620935189043255,411.37578166962106,629.3275536869947,525.6657741924281,39.23716165861427,140.70982675226784,361.7181764010668,147.8001519631887,473.51284373415,199.4176362874178,198.26061370475347,354.0712387387056,394.52218022154443,311.4038790069196,925.5983150799586
934.9942108602376,375.5969455333472,438.3683618672774,239.108381025873,361.43282831725617,5.2874498306856665,333.34826607903307,543.0340004199181,314.3803471033257,38.0192909556168,161.04687054230607,461.49470668774734,159.87889981306617,491.3900314426536,421.85159709759455,146.65833419877958,306.1290837319454,397.5723180372921,232.57835132935205,905.1201463454942
868.6634530828075,348.96353659062106,464.1282666678778,262.6729009022745,386.7916132490722,4.340683688780703,404.8514255352885,869.7514592760199,533.6663727592247,28.44148104916133,150.05771693887652,829.5021794988033,129.16928303914366,450.15361774759,432.3567730904997,172.76759130856075,265.0312784390152,559.0990770292877,349.41801478696755,1110.1302363094383
893.0848891205472,398.3683742526162,480.00962570306865,280.5637685710319,297.4246794862157,5.8008974103442545,512.1629641235867,495.685768156177,385.5582425760323,38.350258294993935,145.35639752367553,730.056174192458,162.0431850799489,412.96997837687337,613.7349876220742,163.09921327498725,350.3564071450563,642.313536155868,267.0213842602556,914.0798041299932
691.4980970247935,452.12981978083235,527.7713164802367,228.50666080687935,304.3807350757523,5.121441205873105,345.6357443222182,660.1604957108553,504.6316261204699,29.536433761188597,144.11189758080013,618.9075706033021,112.81297037475464,428.33545464597785,486.5367067966332,140.22431458518628,398.80905381699984,546.9544610129662,290.2702814232785,826.8424794100525
965.6033603280748,238.8630331508399,581.467324930241,253.1206401873512,303.03495813412303,5.736856301532845,437.0242548188529,799.6092226428989,632.6299912319434,32.33207463008069,131.09777480247567,738.549514672593,161.71795993307228,349.97018927319635,571.8498546165617,145.89490388376328,423.37119107169923,460.58355833316597,251.747943399469,878.4438984718627
1173.7874795699313,243.55605884873052,411.47414628027275,228.9348005692747,426.5668884477211,4.500610425434406,393.3660584038923,746.8636175096022,514.6399499739238,32.61332229614325,174.1109321128834,713.2234249910917,156.0879391639294,496.35903478592434,553.0880709812448,138.55250264696525,193.9291368401154,524.4346577566785,310.01189698861094,966.8861198941732
976.6026794984614,354.4638694312262,307.4831694392118,217.7896573914116,427.153386900838,6.448748204259612,401.6130081484126,508.3506676396603,475.27014173566454,28.405372643841297,143.1153279551453,557.2987629937443,133.11235352945525,320.303963587398,602.4088481054728,181.39063743395536,264.0931042762826,510.5594793275858,271.941739141685,929.5839874550727
1021.6286058984714,246.2597857048848,359.02244376603784,265.0425223349568,517.8260390148075,5.220933534041693,428.84892684725264,732.9495978493812,514.7695578327712,30.445400824949477,134.32029832797338,587.1128961379825,174.11135754717523,396.47759517988044,572.0368410721582,165.45334395851404,348.5693753703248,505.74151067347907,285.42282423706064,799.1474950982108
1179.8637674536049,435.5374993557291,408.6129486636723,202.5373165971997,393.0126133218867,5.087807181866572,324.6572036185312,638.2314683705621,362.1860311318773,30.244403476324276,132.316265822377,772.9623724226767,159.06729314897592,432.8736241859231,595.4746105759673,176.52849209482454,407.42848881899124,587.6954256960744,312.3654761400279,918.969323216064
867.0485166256614,332.9693158976917,477.898799000813,164.80266062629832,178.41730321308694,5.797035903583958,433.1849809267156,537.8401314360959,439.395951234195,39.90796255379351,105.58395461581257,758.234423535198,115.08353121148414,495.9685364513099,382.80954088042654,173.8227266239789,507.871591095431,470.9854863498304,353.4468706852388,869.7265614112758
771.3267068148878,417.8813161472768,574.8953502458926,217.35176706133495,427.64742969231986,5.5362777397103535,441.4605424029303,702.8254824525417,664.2167116023566,48.21432616208697,143.24023218346136,619.9957486188512,138.6908635700114,422.7941341915955,553.2056223582429,199.89754095677753,392.30362493271895,671.7537458206409,293.9257840898646,1150.9477741821343
1037.1567249197838,346.73735328951614,387.2532627060748,284.23024113921895,390.9323975395057,4.791622361430548,358.44951360113816,571.7932353955692,357.49143838326046,18.41272550193648,154.22384133287017,610.0784295163203,113.3783649497657,390.9425537227962,632.6999973978873,113.05097227146624,286.70480972817234,369.1512834086497,150.81370104854597,758.5322998885559
1133.5975655213529,338.7818015037331,385.006191214369,209.25034041886323,475.12291062281065,5.739652935856609,511.8026579624326,682.9937292652361,399.67700676640607,47.89887779209181,162.93337996281528,580.3108554989907,133.6610244616688,443.8031380626214,444.4658444160191,148.63250874087592,379.58053656139015,477.86914128256166,294.71937727989337,852.4025360634449
1090.2120675743367,428.7481224421398,524.534304676447,210.8302594809611,424.8365530753621,4.78457103503374,425.41869914193495,610.4114544210366,480.46006571156096,19.69434741452248,184.68970162374532,475.15648806168326,142.6611846626956,424.0849867663865,481.6622889684372,159.67217195551666,368.5961852341145,496.6168303736859,319.75011834544495,767.6380919816613
653.0764460574096,382.1087472271283,329.3757157170094,247.43041239550368,409.3262179846415,3.8858717052261187,372.6116799208607,622.5662557930832,430.43968707469975,37.374517654209086,172.4452100121162,730.413529013061,170.03259689928822,436.55057574597413,296.8008703989034,129.15560425013064,299.69387129305613,626.4659133652488,287.1409820037282,853.1679222489133
774.4673080182365,356.88483972468947,493.7683273370476,183.29935891208788,396.29293304642187,4.3363060656616454,477.12299760547677,625.4115367300667,380.6053288627701,24.679219048668696,119.27697196661083,809.979740227212,109.91440350377931,391.5731815270678,537.8325594273713,180.89592475514067,350.09022407371174,441.9499537825927,242.36181366430063,761.2950660765115
1141.849064677802,358.1906792914971,334.5569491814823,279.94489155531505,299.0584508007302,4.772229419349781,489.74263087099996,678.8801000902085,459.70150633866575,42.446866792694834,165.59588163150144,672.8391066529906,144.73020099710476,338.84916391478123,396.04743372226017,129.34947260448388,407.2975635343775,378.07113296289714,247.82352339604932,926.2351056190408
639.2517613803093,195.12319864179233,514.608183985197,286.29488720668866,342.24191387980153,5.702464967345406,377.33470450609434,449.54167468526873,388.18587059352853,29.520399731633837,137.90341189359026,561.2757028871999,146.79413533460382,434.68373741057843,415.88956331453596,133.33674791608678,419.3008953839469,502.5358961357653,304.6275895772544,1238.9848007134253
1139.0867037680011,345.7416843339322,416.9011144838945,182.35321089127297,404.05618775988734,4.325735969841446,371.45422773665615,509.7424939966146,502.66654000828794,28.924409329532658,156.08045293236074,602.3723197083918,141.16897705066003,397.16010712981375,554.1399718771751,131.1677399971161,387.82491463691497,530.7096631701677,289.16794405808656,914.8128018794698
685.1286373385997,382.35612308447054,296.7913915959941,221.3447305129383,345.7578289847255,5.229222530730671,525.5860380805882,697.4987364976452,373.83685262657343,41.232487229456744,148.6544228981148,567.268873104963,120.55608959397358,479.19590321336324,659.7976975525669,139.7386937618645,428.60660967199357,361.09595731577235,261.5222257698441,815.0808103357766
957.3134738512354,376.7118333840966,371.4087510365739,291.765480670795,414.84607221638566,4.614060111626224,340.1711792579351,599.2134960104906,564.2635211800985,40.44756962590838,93.74607848319695,593.6081102821564,173.90710616344842,499.655145409042,382.2478443797694,195.79186332601316,536.5301436241299,513.8914273656145,302.73138975857006,978.5650008104474
950.0609424271007,276.366745671591,367.5859637000763,217.19824217560839,292.8169655600478,4.569092079039264,333.2084341918545,589.0550075643516,375.66513209368605,38.31254464407309,158.5867943985369,701.9893818841938,102.04163781787287,298.81267772498734,401.61531318861626,155.58444459059635,388.74971578337147,605.2767591883551,349.8431437703936,551.2153168160297
1050.2228219413932,284.123431966612,513.0008840107122,253.0857028870873,366.6277281887461,5.231394169760396,467.5487611112382,618.1837276380962,557.3358331046122,44.07180054045063,137.730745043611,543.504071181784,119.3618932093904,375.9426116449419,457.72146512363497,163.3280507600983,337.8531497328168,455.2614634404832,314.0260071471124,944.4789860019561
1154.7191983064195,273.64079168016747,413.6132775870723,202.4535994001832,468.72035094705376,4.631269085656352,463.95593481601816,659.3575956308046,524.8055061020108,35.11394907307721,219.0158556494859,614.9724854921423,203.24330519955413,499.651751088099,541.6437850950542,208.79558851177086,433.52853390605003,608.3720417529685,287.37097899537065,1384.9049874068883
1066.3796638573049,334.8732593314628,363.77658039180636,214.634118688908,308.8004701347653,5.1708448596444905,438.8638793996761,612.7560254266922,583.867148301454,35.47162800563823,154.4051183801632,784.9265456181034,158.5391122057003,400.23901409190717,556.8024397080553,159.74995745285798,352.7508842148041,493.07456870907964,208.8712956970278,940.6098785746042
1126.2708107503945,387.6479253350897,481.054986542718,226.5896222843153,322.0196717297979,6.099944907688337,414.3374715341056,818.0883490555348,631.6919520219018,39.79565819975039,126.60447974167883,618.4451486961051,152.55277225657906,397.9336982580312,509.5511519078513,173.57047963608235,212.40421992760267,330.4691068227695,296.9614976225532,962.2537983593066
1184.1464745922617,333.6177550084402,550.2773402390021,152.0531668120085,374.11291393274377,5.152556094977136,459.8818311126557,490.52595506441946,703.6865220450601,34.46702396202139,180.91997784024403,628.073354555846,162.25270689440745,413.45639119718925,484.5757370668332,178.04677504707442,324.6095419590285,572.2175852161113,230.04966251742445,856.3859926729225
1323.748291357253,292.02172448067597,425.802813114431,223.15000214776444,311.7960040476061,5.235725536030563,478.4632853388487,525.824481675444,490.4331983203401,41.86424021030629,175.68402349889826,658.4643155298462,130.81273165431963,416.54214472387855,509.96244881381557,187.643912599681,302.32682646773617,511.30578978202345,338.51931259201706,732.5118713947851
977.8122296636355,311.5488069270313,440.7693859744265,217.8875577962492,422.79040908966243,5.492307047804875,336.39016410711497,678.8911252154359,619.2017845554233,30.850657273436465,133.67234904041067,584.6626048581862,150.97757526211433,324.65713814282304,401.0099172889394,117.83138403602311,374.18303047079127,593.6625731797157,333.1448452326358,1098.4318182695508
1058.5890220984295,394.6827994002367,263.93150786738477,295.58732138366383,412.10367672041576,5.967077321879304,471.3057940940455,614.1155497739219,523.2121186552021,38.167618210641066,159.02769715083528,619.3727708958668,88.7764480510645,305.92607251311836,339.3044417863732,207.51715848991057,351.2881904210124,368.5431902467018,252.52603556553296,1247.8323056576496
997.8692327998681,379.98452525769443,476.15609811958234,255.7107910659824,385.5739658405293,4.968622300935995,407.32470988460955,613.1153208696194,567.3786099279129,47.48209615581042,142.7013517562807,744.8810825004688,145.0596025305239,521.292462487191,442.8170377067464,99.07180973560821,277.538027894356,360.72590427815976,323.2443413246766,1044.7476472684084
740.5602093630641,548.9328158445795,511.3723232725968,184.1666706285913,372.66781258865734,4.335146644839682,361.19703815902255,509.2418008399982,411.14345993902873,29.627655508997456,139.70399744306164,713.8306494350348,159.61278902820428,392.50938282296994,701.6351118303247,152.11803999022376,324.8783638023964,421.4009342215297,200.733688285129,1186.2301074141578
1144.492381206818,307.12884208192554,376.634468704787,253.2064492270837,247.32728610324176,3.2959860471513,313.63495738021953,680.7927042242139,494.54797254483316,34.338282374957615,151.7801952313776,515.6278996239969,155.09999560724427,413.45162340445665,548.8845416048684,132.9950357559701,323.91980371100465,544.1847255086857,329.7177787602154,925.2316222161145
1107.9992373364244,358.62974127868546,465.74126615623135,237.6922566923452,369.15848336245625,5.341702937627023,291.79424720325846,615.2555962237163,392.32407492065994,33.98824766367789,124.11321801254884,793.2933517538575,183.23739906468987,291.79762598920274,478.90166702406196,177.31285109036318,367.4697531443852,437.7182705197409,305.2057998179156,1006.6370228425851
957.7828880536284,317.3188862699464,564.2037672110489,246.08029823136403,457.37619293932863,5.040880694059794,348.52036580943684,833.9182483047789,530.9888228034436,45.83487868365473,150.8421239875441,679.465135615771,81.54483999535296,400.0882555125522,516.9218262218671,164.2522389227347,347.5365648840734,482.64085778770897,358.70751050212823,1220.787583644962
832.3987572751814,258.29968683282084,512.8944305592108,234.14367326175412,336.237018813977,4.050610872688745,387.3960564087831,445.537807426927,535.8729310678805,37.82623504122144,103.12408753242269,621.6823490151229,136.82964678415647,419.14976318151554,679.0328448517772,153.32089700471013,486.0543690170521,448.88719362415105,228.22320492286957,882.9206359271412
747.04341884394,330.5167125907261,428.34658509187165,244.4071840127416,296.59715832259815,4.747654505756972,272.5255375742869,817.037410490714,599.6106884475026,30.392082794851405,149.61718583097252,344.5291747550879,146.20890884639965,415.6884152940006,430.3945847003213,186.8365792217833,316.627629297175,626.8917929511329,363.7784819879116,1061.6535902396788
793.9111157511845,357.3058517543753,340.03772598933693,227.29030400222115,327.75220934389006,5.321071422197076,378.38212927199214,746.6975723967016,347.4858157732232,39.91346190996266,135.22009225158516,800.5057559220642,127.11307735287073,415.55971613500435,484.5695896948958,118.02761702174843,408.2051824928574,437.4201315496947,205.73165250312223,999.1518454106651
896.8423661858599,473.03041458112,494.7807788108929,269.4171361314332,396.0381007685744,5.1742601473939835,360.04638687244363,640.5784291166489,441.239922144728,45.59772814995222,173.98034548159697,624.2300806470117,111.98191675752824,277.07108389338083,548.3344489703413,192.63471070528539,224.10438506939832,582.7418424889142,291.03903875538265,797.4914912315323
1223.6443866926995,470.5597355377648,377.1947078352708,180.05554767881137,313.2058994155662,6.644981386401608,420.7641633270358,767.499857731522,422.0144224274444,31.183600421483355,116.57495196798735,532.0306644035315,154.09601485472453,367.49045083842844,518.2149996999774,138.28900288854183,416.15466852912573,431.41556945664513,311.7310472802438,805.4737596194725
1005.2196440677653,374.4740325203781,408.81013775276057,211.62575295032445,419.46673267970175,4.209514438622002,404.75727550699975,690.537123288015,481.7801121397866,38.91551443611742,207.3474924568596,546.9561664313437,120.46722467018905,227.13484306043253,398.5389177337016,128.882248617577,233.25037151643912,431.82233758341727,307.3853612728917,777.8615694764325
1222.717841295281,264.29148316773166,291.23570835391394,225.23453751253788,493.8314457527488,5.548255278458357,405.92167248071223,803.8395345835903,393.8841658887931,26.615585797229336,132.15436450981343,678.8077237557317,154.6967981127041,423.31871392864167,397.5086011519796,125.91144042013579,352.9064049751732,602.9013891278418,191.8224300583512,791.4970490142606
751.1666527475876,358.97286079754934,391.2812872457578,236.1219343800437,429.0501872346809,4.697290218535318,273.11984767113074,727.4803754925789,522.7674754721498,37.76476577595822,177.6394664152782,652.3439837805706,96.92524478772691,395.29136714497724,493.21636141574703,168.99877087067753,216.8275531887317,555.1540927500293,333.8875987156233,542.1900804621318
1117.9415858400866,366.16336191055854,427.202966708913,218.59313775843506,361.841713274229,5.703160424784673,380.60309897146954,614.8591126724863,468.5387711395768,33.58051485392433,176.86778707232102,656.8776700302498,124.62207099310473,454.60785884281614,534.4391354333646,145.0397347367122,359.6956354690522,417.9155994321834,373.31797670034075,930.4190470493666
1165.736368705648,370.6796067700213,278.6097287124584,198.98961202358203,380.23993126914905,5.453563113823361,401.28490052189244,593.040767796271,561.5424750412611,37.5206602314254,133.71262609225215,667.4159777719585,103.19043907690144,369.86198495181236,546.1557797899567,150.40518493472348,388.879856081482,558.2379397579533,262.33365260028745,951.780032951297
1073.0674064994366,280.1350436584634,330.38743645605985,227.44032884893178,466.0035748212021,6.8488496315335325,488.3381257616138,693.9570836013651,642.602101351691,40.9328604571896,172.94417833423017,737.9435162503794,172.96045807080634,534.415699493156,682.8686178053032,171.8894269759932,411.671764438571,515.333322547653,165.1429690376478,1051.905125267449
918.5147970588365,338.2581448252109,403.2884648151458,204.89768453414558,291.8961011999245,4.00281889334985,453.7022644708076,616.571856812849,426.8174845296353,33.5465944629821,160.14137778361953,553.6526814369493,153.9629866197501,423.0018708211313,502.3751843789761,183.52817971617506,355.28323281256456,496.347398337796,166.06518115029593,846.0251583464249
812.256636330721,297.86908793217896,390.93498473618683,245.00623541333897,344.85635641424307,5.988306493541923,477.3009517369569,653.37029612439,551.7571313093401,40.09627975438965,150.10311819650195,698.7777395085042,129.06066182788385,344.19440889860937,526.9015989688517,152.5942200419571,385.39946627527456,463.7780553636216,244.4958691393394,1019.217866470382
962.9278976379003,369.14981949630027,464.64348309660363,298.6524103208527,335.97176360053163,7.185528031461754,374.40925706021517,623.6655700890394,531.7167698618373,37.27433233205882,155.37496734125702,787.7928505283735,164.8117742231858,404.01342870175034,499.11916423329814,158.14314077184105,419.926994669484,442.60546711174817,216.19276554146194,982.1052233241362
877.6304859032233,349.5983851335304,339.6634745013153,268.5014504972141,441.9819259845508,4.782137216939488,355.06669603583293,683.3899165564342,575.6111511427398,31.27769946010521,131.78228715288088,552.5111577640421,148.8749754265242,414.7227399479386,442.08048006255893,127.12752919957347,336.1222570662336,486.03590799370346,289.21908377546976,1100.971943546564
1200.137693066733,371.19617034097837,359.84032709669674,256.6542270562826,390.87828967852084,4.702413865301477,367.10154851123923,799.0311091706981,326.20134634158,36.80175361740751,141.032254511598,580.0980546495042,76.04284751231472,425.9524888029324,548.017055555038,172.8080859824498,348.6113680569091,532.4922302366497,204.58175154484036,855.3400649743432
1293.9624541688418,443.1097919659928,361.2904143099662,204.21186002714035,386.34790678269445,4.214540900915795,404.52074682786935,613.7767180250435,464.6247418230006,44.390917108541515,128.65447869370294,598.0933811340627,138.8744790758671,381.47077011006064,538.451820051255,183.75337915534482,316.8964996614401,475.4580802278135,401.2203827078075,925.7597982567712
876.4449592432817,359.2997682110926,320.6116876714603,199.445867143018,342.8614687691259,5.332729124724632,420.47826264691497,637.7140569044892,536.368925414075,40.439277004227336,187.20184650863465,515.8296222059749,163.01405539192297,429.881620293151,335.9015526240629,162.3925829198767,418.3278783216218,549.3210648916844,328.30973668420586,1092.1267829377362
854.4596885145698,262.12109056584507,251.56859156495977,259.90143416593696,432.8831845547948,3.953096467151301,249.74512893147144,805.3325670669327,440.1114511336618,37.70427036042577,141.59259291560437,726.0096637548571,152.13645301214964,403.2734028837695,504.7373473716008,171.15304012724727,271.3582845470413,684.9215798439905,369.80827422119245,585.9689883978576
954.0226022121693,362.076594131991,356.3666655869504,288.04074669295125,400.9669185781097,6.608454234523155,510.897749637866,699.632938931216,417.83594509556013,42.24639371148002,88.86414058269807,830.9131826007555,197.29320217776836,416.96738056962135,486.69712613972115,209.2808905312865,434.8268674131474,455.9162206876429,334.6495538863297,858.9534624757157
1200.8162058623227,365.38155826812886,363.3301422324864,164.30820233995132,448.1537155289976,4.196030076497647,353.7497562858111,697.4466732267014,575.8319040911778,36.62519257052042,160.41181758975492,620.7657673696066,186.2880928918793,483.41757430493146,467.91907021143936,154.45229250684662,357.0027990300817,303.3796597712757,206.4345567027925,829.9425019264909
1006.6769068115358,303.5215304886849,271.8115749219219,307.84578769810753,392.5293982212004,4.416910146055722,375.2748691233756,630.2310709372376,540.8009427456734,32.03984314407743,123.09585573565326,571.0894483766268,96.75130206004783,334.4787805173213,404.497970388604,163.43381819487635,290.5011368047332,401.76588244247347,359.870367125282,1197.1039595966586
911.9125479749009,323.5220602888052,278.62768396250374,235.97203162584083,468.24972383605706,4.495509214266096,378.89286676124556,578.3562527892307,511.1967203464992,32.83893667870762,127.64562992432761,623.3159341818139,79.96278290368033,285.49827238071157,655.7916640823015,162.77211710755714,339.6269888190376,401.9608802304753,238.9899813877842,1022.3489724498913
1239.0279987135905,370.557451997896,563.0700423773212,179.46597755155716,447.1526078874334,4.6436521413449965,229.75564768845663,454.32894163674626,433.2178708476583,35.475159427322566,143.73249115193155,741.2604841156902,109.88433960762745,489.60613840385014,484.44609799633696,119.56940129757047,299.05217771047023,596.6984455233338,303.0145043868823,873.9729331333882
712.7531372117409,361.0727315364138,244.06046034645115,193.13512839898115,328.2868061603066,4.92960577256247,549.1290724370883,623.630740185656,566.8322524482651,53.82697888635029,109.86731324169577,652.6694858128824,144.0327205629529,335.9382193601889,510.95287569301627,151.57951628674206,268.6315405444285,580.294324134992,230.7253430914771,830.3547375605866
1251.7758743391169,357.0878796979998,444.0782981210361,309.75933495140333,266.5639917513828,3.27923259016581,434.7985686718388,562.012643884783,549.8340386370547,39.53750613354543,139.82186125407665,791.690823142997,107.53872108787196,259.66695799434217,558.7489058672433,133.7354509542242,293.9198472059761,687.7611836559726,324.0752387752346,897.16964978747
1006.7078562172466,385.42117516457944,262.6659452947209,119.80430616465166,455.1601307955125,5.760924870267881,387.0754243681439,679.8268792377667,576.1137802791876,29.158014002984963,64.9851882010422,528.6213816095006,167.40469615487314,229.7221220789526,412.7543475008987,163.75373317222883,332.6388547337406,262.7286848098235,265.9546035366885,570.9235385018619
1063.6456156002048,356.50229310913073,341.02886349706205,250.9727620543264,412.7015765678865,5.212642100385357,482.7054816711017,608.0120535073546,555.1157499047912,29.742573218401304,125.89608190297645,711.8369422319246,145.4453687700921,360.39901023100464,437.21760328979985,149.35851532528417,317.1083033299847,447.41192686095803,292.60026313441216,857.7564304580518
873.2375433458961,339.48800962965396,359.30834175493897,214.70759293524262,383.15928745823265,6.3531591263042735,456.3185246294123,610.8947711355424,540.1108273116495,40.081835306859,158.7408019447938,690.02946176182,147.2861892367406,374.7807055090096,419.9877918810678,140.99277295711715,439.57446667195194,440.75653076922794,261.49631782788094,992.4236889004042
1405.0179246655239,270.45079643013406,525.5178812520949,270.4172699077057,310.54889130267355,6.375498644828112,349.0631819842873,543.9180948895321,483.6464836348023,32.03767294839851,157.62526301250224,671.5540074093708,138.20478094763652,299.3368017944863,425.83505625422765,171.8049085409483,423.6726333476647,361.0438230243083,247.4254236214602,1066.8903000467772
827.6244272144855,365.737498830555,416.29852719253364,249.37811081956562,384.8251751737026,4.8493902219174245,494.6125594472947,749.2692266298155,400.5465378546904,38.08190301029002,162.72546753858967,695.0128824706533,110.18078720846164,461.9320285045938,506.6419493362376,140.55397077276172,331.1563079942182,390.53297142462037,229.75344929187128,951.6315215555727
1052.6422903931177,320.88967599845984,526.768378104115,257.1095728253147,361.51667450028947,5.469416659082062,207.0789943287222,715.6330773192284,589.6455273893665,33.845945371724376,160.22654730021048,747.715720736134,97.61819001713884,429.30699443411487,542.5674666976275,126.53699951210572,433.1827405212672,386.4149025898777,284.2813861214678,611.167769361261
1049.3068802534924,325.14085973430656,428.9935946012936,256.92852231010534,385.4783361527122,5.0909707133232605,316.3658708390859,623.9858847713958,276.3494999722866,28.678779929247103,168.48086793512317,892.5007939490766,90.49868184052801,546.5856695142335,571.8920742902327,161.81141553163943,323.7524851540212,354.694303656102,299.4339516788248,780.2402000164175
1133.6231613120096,287.7311026510489,379.40541420658093,265.81205037721594,364.7095635509546,4.585552429441863,462.99867101143957,824.2303185964174,292.0710197833722,28.66498355197914,101.62077239508784,629.2634196507452,168.94398156118436,369.16044323861007,564.5281281158391,197.5401029126098,385.357184424715,601.3578475754855,367.7092438075445,722.5302967673758
836.4876563882289,480.56149979155936,371.0597485051352,204.72582370552516,305.1835225099025,4.682611683058089,467.959529239468,649.2405868350347,499.41790357446445,23.378842770686475,154.98271224478478,703.3750509438457,135.08091896939254,406.5842110920038,428.62512990131415,197.55123496656242,309.42270490064556,340.493842806896,321.99355867865813,1091.6116370680804
962.4999362692917,368.1334185512019,477.614809395085,222.62307470639095,549.4433503210491,6.142104482327863,285.6822182027031,580.0959663974849,289.81136208694335,38.49865978293103,155.41909790961935,831.3237512597501,100.55511754141207,448.3354834830338,466.2682565976624,175.35875562531612,373.6922126363605,385.8558978228843,326.97259427743415,875.3904056711481
927.9988536954556,228.04797128862995,340.8662520701356,165.88417867504631,370.5903702394852,4.304191623856514,341.2644927176935,724.8225810697289,569.2337975471642,28.873867453004483,143.19729414569574,681.1986031745079,120.4891233841158,335.32231906094853,373.26986185934106,192.86206852524595,282.8310069582896,480.5369241973951,279.17077874474876,1043.2886493663632
1248.4555777814567,337.01141209304996,272.63449062936866,272.88118845971957,467.0359678266944,4.451058809417047,395.9672350926407,680.5212257042056,371.63512751294775,39.1641614129057,144.804489715343,364.60770398993554,108.16293406192115,345.67435737114386,613.9233597357559,124.83465254177821,338.5314830072632,518.2364059637434,273.4869440250475,758.524559040377
910.766028051785,240.49110369010324,488.6909145143363,239.11672989795383,294.847912131719,3.711553517522,366.73664795683084,583.1649422249468,513.7792234457011,37.68206413310482,124.1704726003924,789.1832756683402,169.29333068139363,415.9713317566572,515.104490553152,165.67679672069477,317.06384970308636,399.7007527864838,289.3864775760496,839.4993861007374
967,359,417,229,379,5,404,625,476,37,148,639,140,405,509,161,354,481,291,929
949.5442815801177,345.55798861938587,342.8394850990503,201.38377004659907,423.6778885125099,5.049276677174042,406.2426425087142,382.97205326740743,502.4650991413683,37.483131956348025,133.12676359193304,429.05735699059005,141.48555301404042,451.5759104372648,426.25496559256646,143.6062391731644,392.2982309097322,541.6382692777364,199.96078035404878,749.3621938118844
1201.3246865488504,304.8655968001901,454.0540277463441,227.99734753905344,481.9039961076811,3.7274492172481146,495.96201776601924,628.6888067692038,535.2083447261853,29.745373905110206,153.25416632209263,725.0607799998297,119.60776840119175,450.639826510627,500.45481664498504,167.18581014370574,274.394084869205,545.7721536196782,257.5429446483056,881.1122451333699
1249.137697655188,352.22501713003345,409.75469310420664,266.17327330463974,423.67029065487725,4.745840495258436,436.81900391305203,568.5925031798643,433.095661017422,39.313539087542345,136.8044445769787,590.948317148603,135.84536759945536,251.7483974998343,394.1798194964901,115.90759338020611,277.5301677123865,500.11773237714664,254.26152926610507,604.4734259411505
1265.4388294270702,365.21756016914145,455.9827465624903,207.88706983562372,396.4790829743743,4.778785517848739,474.1846869574365,631.2030019439452,453.94330141422904,43.4285469414448,144.09231248038608,961.618656899401,110.48105093297706,466.42456888830986,363.8465160418219,177.00547563701733,318.5679767966778,553.0088829623148,227.34168011664102,863.6370568046522
1009.2408863115819,322.9078471824654,472.9558682311196,272.7515058055676,366.9308290311315,5.613917332318526,445.3421886944334,624.6120045495471,568.8613145504712,35.22738005957461,173.39170267679648,662.894482001826,88.77278162063772,483.77038571320617,591.2433099060986,153.34375382570406,450.7024008554213,438.3540993530084,243.46681532613422,988.2154331719208
1029.0066976162418,358.12697069545914,490.0059338084547,276.91641700060484,396.3437347391431,3.8204785718270458,508.79536029436133,554.0549844973935,504.11999776771825,47.797399170860615,137.9490813466765,681.6627833593463,114.53743758899724,337.96236567673526,286.9290483893525,143.04087939081558,178.54468060818692,396.6809902110322,257.94285089103516,1014.9030764862936
736.70204949863,245.39933430934954,268.9064777237006,215.87296307371548,410.7056490384963,6.319260042401169,593.3692644456797,754.6333068013907,313.6767683222238,32.04385198279828,107.44477367849714,544.2319926525628,141.98231777680007,458.1053949480088,441.5196133441165,151.2127142733855,334.71730713309535,474.90728625865927,286.8678600685352,871.6233143737201
1064.714617724047,383.8290096445621,259.83186747074615,218.16530779334974,320.9680366257103,4.781293405394694,312.67765844938305,582.2721614667576,523.0097140164837,44.73051400685723,157.62155163170561,658.6054082545019,110.47113179912957,379.7243186443098,603.1866753994573,169.48319285631763,357.518504651102,475.74927496276354,341.02972533361515,861.0869660749029
950.9178371748627,204.36238170762056,376.82950889526387,241.88051393072152,306.88774707088294,5.606593316478516,362.94447821723566,490.7926045186232,423.52993231288985,33.836792887222636,86.40670694030362,603.8680432666199,134.86138079108076,442.5515183744105,528.480902926158,187.77923622630612,377.4629587541441,341.6513470221454,360.7098226773172,1014.7741033140715
1016.241791795723,341.29585620270296,413.2687677797212,262.9397422862614,502.62618886673334,4.957866995472944,353.81535858952486,870.9419308643118,693.3604462303359,21.744342841803707,102.19873968881974,709.0766403937735,138.09836008126848,408.7043311091291,634.723596724094,184.68929599188638,371.4985942753048,428.0473800859068,283.6251034117168,1244.7466666453386
1075.410312291031,359.95765426371196,262.57545823799063,184.47036928630007,398.87467646885915,6.075096493093527,322.7424540027404,647.0516166253639,397.90063426816204,27.27010637697125,164.23293838974467,546.112305084737,139.1736195311883,302.9754183423391,734.5915155460133,112.98685854459279,370.64622914287895,521.7457470942484,283.9761991780445,699.6004041708978
761.8746612334378,342.04456088798287,376.603276978733,226.19297331792845,365.4373647698042,5.058843665875509,484.0425554912203,800.716776927439,480.0405400288491,38.58579439118734,182.17392924322283,685.2178786324948,140.18368573895447,333.1609069236006,424.29504318583713,209.56093888038532,331.68298983025056,498.1471897405816,274.84368649149565,1320.627248110969
1117.2748585260997,356.73624708597424,153.63103776981,212.1871214986075,464.22443418341254,5.916344096487327,472.2143816242808,638.5309111074832,331.24653085461495,52.985549547204556,103.48170075840318,732.8243941719008,94.82305446373287,367.96330188145373,624.1034424942843,134.08997482515284,294.5663164454595,398.58377821243266,241.53528906590708,795.1119850213403
827.2247918626515,428.28106565917403,485.1483244147455,296.9899496461828,319.92884492934235,5.0882204756272555,497.4872198535269,654.4294206467725,395.47469471407794,36.24490183694678,169.23166033183364,510.7825093930263,141.44271393699117,530.6480087419097,630.6169712108223,131.94325052396533,355.5059391459786,413.77620600642194,397.7474084746154,933.7809023092757
1216.1254384770505,252.1930594433554,483.6650678485289,239.6191677066155,311.17346108165657,7.0777887177946415,448.4793767875003,641.8796925233929,508.7812020414866,28.853977698696653,114.09886626766831,561.7516476633408,126.52576053136463,390.4372804510787,322.4211218401257,141.4853761338267,348.050304944167,449.9718648102645,174.82946540280665,892.0436346694138
807.1780150245999,379.69615565627555,438.08289931073375,238.19965232586142,365.0991295878311,6.431203724409945,481.0865947800768,629.9473624068755,470.48488054209787,34.48584818408199,150.37186175432137,475.84745753282795,144.37524685866802,337.47918676461086,447.05340149036715,111.75236686239828,350.53357290187205,584.6358192254904,272.18153863049895,764.2946636667491
1129.1741227551965,300.4043331474444,453.34556893167024,274.1414881415722,382.65942041286434,3.4066856524271314,314.87132791366747,928.4941925683368,476.5778606575217,51.821932912081856,115.76043616142735,811.6162200231587,152.8138017731137,412.84747018177944,447.33176088823393,198.0230816935232,350.04457528489115,309.2958679493762,388.44512698701385,967.1007822277294
1048.0439900849435,419.6949619286185,522.9297885733246,243.7349893599841,369.24657389442285,5.322564751415996,513.3978540467185,632.6268578464674,395.9623489496461,33.68048816936347,140.76958902804142,743.0285775978084,128.02611908455353,381.8028600914691,453.3763465252867,227.30721572106552,337.23783537495217,393.26310816250736,367.87650792567933,1039.574744674927
1100.93182312011,389.4760426568162,457.88595509444764,272.1081878387031,400.56499185947996,5.057865662318268,427.7642928885548,558.9034408277632,327.731388099795,43.25958542615718,129.14165259947356,793.5079964235654,124.6499311347659,203.82432188385494,615.3510939265468,137.73202769822848,472.26870643629405,492.54577240377915,296.01457550421526,951.0155965873395
1004.8320987928715,405.66648316935573,472.7383962171884,238.10950137942456,396.8822835353394,6.013799469300766,432.48457190329685,617.4387997934912,426.23234950007054,33.814928910958976,121.2585448637038,510.42987250909357,176.9734370745051,409.49346470276373,502.6034415053583,130.9655487193472,291.7276267128175,348.2789261785427,354.56170556690455,818.0961787713792
723.2663904894879,459.1444706642293,376.76846157133775,222.20855779015454,359.84163765702266,2.966516820281953,475.7163019791319,693.8588925899994,432.2474167328479,39.61629708291539,150.248343770398,788.8815455744723,152.76713104502014,440.0981735541144,439.18412264102824,167.8735951444755,314.3228658529184,471.1378813752821,268.870629554871,1277.5031410754862
1058.4410138873097,386.21907462675904,476.8683616753126,231.0116386521543,363.9946080907716,5.0636910685367615,454.57443230673954,496.77456871278423,402.1820906866762,36.953856985788114,138.08209500682958,508.2641851122778,104.33388116215241,405.32256399583935,373.65256024378925,150.7299986291888,383.4098780173287,656.1404379628808,338.2998738854653,1005.8765013801883
722.4754149166002,381.31145777080985,429.384843453642,222.59870941879205,482.0770628260364,4.012403769281455,462.33568076728966,597.3587309595914,455.61806232226166,32.872862242964686,163.00025603553323,573.3544175970844,118.78211311852536,354.68376205069416,499.1559829831016,146.86699408370208,373.0835955716903,469.2997634981949,325.09622267007325,1034.2666598876835
697.3502445464894,458.98180956371914,283.6987458457334,282.0368899303193,329.10166438257875,5.219631460787015,441.9203971643714,406.35144058761347,463.7057920217568,35.12826823307903,139.14807236273532,516.309100463555,162.87292657854442,364.96637450979296,636.6352529071542,164.55297813068353,374.24458285760164,517.2854159521833,267.5496561123141,1160.1268415213347
1055.277784188259,416.5321853892298,336.7355909662608,187.57738149410747,379.21850369260954,6.113913885454604,483.3333686380436,619.6202998147661,470.6219854737657,37.05573805403502,141.5273893677932,461.93292811327376,125.25963026519241,353.4789764726439,678.5052298825336,132.48963986408287,341.0769750975315,437.4970028530165,212.64795704876173,951.4542945379752
1381.3108277566628,389.8834165275456,509.439022999249,269.7927763258656,338.5576183253152,4.855632394164755,412.91730946953066,745.20574254158,492.8168806389469,35.38027403716169,143.4729804975311,750.7575886908812,134.28482314188972,492.9299084092339,527.546526078602,88.855287373391,374.7121084224553,526.1945822439402,253.30486825543994,1030.1850035072875
1142.33983618142,311.32187917952047,376.14832338879273,276.650000062204,410.6539799745032,4.481728124881423,431.79592191920665,650.4152665039996,384.6276035898049,45.559005858325804,137.58155316318755,682.9433939328574,121.87720294477666,466.50948850958406,563.0738160004503,165.95601865453293,331.42776783728806,410.8873792083413,220.8147342806193,908.3588907597101
990.2695464606846,310.2842042856064,389.78080092830004,287.7352437269023,390.1912329142962,4.807082461746631,551.2253726261683,584.0109481643692,456.96842397432397,49.867815845773045,183.9344038397414,510.6653042611556,159.64611360050137,520.6967332092537,510.51436334666346,95.76216294723407,395.55385406419373,490.70097498470057,263.75582463956954,1044.4833412745968
1125.997717434389,387.08785284484065,456.46749675403777,308.22395494926326,652.605883211236,3.8254158013788597,488.39048522515543,534.1769338917095,569.7165793100941,45.04403808845934,136.77380854868483,673.6775649397472,159.9686645402167,247.41684318578208,501.1671915573025,181.68999173530875,461.6198783286642,440.1079191702507,333.859877418431,1008.3033206045529
1072.384580769444,358.6438514050755,559.9793014911031,260.1357491464694,264.4205090917893,5.737962580643042,367.7990910810398,578.4230083126567,632.8316521563771,40.17353998766202,133.4387925003765,524.2228518450718,152.3818744274193,422.58560757564453,605.1364391605642,170.72317807472118,474.85677740363406,437.60957487552344,235.15687799415167,914.0049645180909
640.028159598405,360.3090172340137,420.95028218273006,246.31441714503245,376.8970892261982,3.981578775789446,352.06547109908547,450.9003330817194,492.08820225754766,39.52797495136092,130.29888726855518,741.974994572666,109.4813771842231,474.91718492523944,397.58130279847467,132.15680621626092,312.6659732203123,497.51903414765746,295.8540310824762,925.2897831958252
1226.6358632029421,429.61725019156046,417.30585929398,240.66260551368666,508.61359956784963,6.044187529864696,316.82096774990583,491.73961737578645,562.4961679447263,46.157915860275075,156.2085638654603,836.2892343092473,176.69811540426392,414.20255256514946,500.61381709655535,148.62082432631405,441.3381427085551,525.7865815516865,332.5970900945163,896.643707908798
865.0504964287383,333.8151162934099,430.47508478534894,211.8166885595858,503.0801270066871,4.6818035464489665,437.97494638952094,655.3737283321793,379.01465437421837,36.94096443989994,183.72442410307292,718.982029422453,135.70072268350398,373.861536910563,459.56189403606095,164.0758843297845,329.5626484895081,423.17457419364416,210.5760823527586,821.3492009471487
927.0031286103076,394.01425422102034,475.2529719191535,185.53374721829215,296.845207979854,6.0315295506114435,464.56300383907325,512.4816682803913,483.58604409099695,32.704079258450044,127.86816913342389,605.571918753884,136.06108375317228,465.5898375964763,343.5861305287692,105.40823163972183,397.80105017414996,320.5354653277133,261.5126726164519,916.8280596243989
866.6549106382257,428.2312449528558,325.1029590266038,226.4400143479004,359.7808164871944,4.878238363281047,381.5999117021506,508.2238371898104,382.54987703672737,32.8988618649232,143.62629241325732,524.292068822658,163.55184698228123,390.22989882632237,548.3963790909676,119.60083117657308,347.0547060387002,454.1907849313035,208.75938654335442,1148.1324873911426
1371.4692499896285,286.02101249865666,594.3185059283804,267.7813720514357,346.8123548316276,5.304868487149177,352.4682657159809,680.9822010841323,421.0711690110684,40.5883134625793,135.64978395948822,586.6518288405961,117.74181654408626,417.06346321112943,424.8818466779884,185.0683439063538,390.99890445126925,459.79072239941405,348.5969136935822,913.734617292704
997.1635911217776,319.55476985403163,437.3413128446482,198.3587014571207,476.56861063567794,4.879533394801992,480.4011104265675,721.0188227860779,565.7432409202665,35.690902011648795,193.6929767352787,740.4038445980948,96.90046871877493,434.01260031158427,384.9458271713354,171.59551071466998,422.35492693910965,517.7925813457998,268.1730442648468,730.2003962807728
808.3792502878553,380.29956942936474,370.51008623772015,163.801549418274,260.3087847837467,6.114548519682311,459.14933224242014,615.4141447150021,543.1240160121383,34.394095090846186,70.42341722364245,573.5884467473008,195.55831044098613,290.41686599402897,586.48422152892,141.39059143149626,385.98065968429717,590.1850077952323,335.40832148228844,651.6177781875786
1074.1211403496422,312.4828682971066,395.8698810472122,286.10071753779835,354.4261908742466,4.9480727642640865,326.2144010262417,533.8332538234862,505.4556055485208,34.65972411209102,142.64467216975282,426.1885266326864,168.39208251190374,370.25621139555886,631.493756425972,147.27960977879792,371.6932046571534,501.5534115090729,236.78187266971327,945.551855279501
860.8839430886123,308.33761547849105,362.19069779170917,246.2182214374267,572.7164344910938,4.91118782782413,356.57587238757174,892.1744064506295,377.5934395455122,34.369008882630766,123.88483748045735,519.6145765654204,134.8721534408868,426.2831482472036,508.5401100891915,179.43664460164013,361.3537914143926,484.44988202309816,291.52583448865437,1041.6911706432086
986.6061211015791,304.6101837551757,518.3048823111901,249.23548328440495,324.3049720327975,4.9182494113490804,400.6095840552213,553.8676535584552,682.3939275877235,41.51661029268603,143.06881965410042,749.1153528173593,163.6856554389014,459.39603536633035,487.26641936404076,161.5677350379425,361.5014790110419,654.8107629477582,248.14644911655003,783.4646112740268
1002.127924749247,345.4055543771715,565.0214347259706,268.7806141470451,475.7369392956367,5.598647955465114,422.8749997825936,760.2128492748195,413.9386421074837,29.979556171534632,191.5820015230787,714.2080946747142,129.8417308970893,334.05146695581493,593.557453425653,150.04911033848887,371.05101691552926,347.5841223394698,193.8647256084165,942.5244344808459
952.1297062853318,358.2048155544412,358.5535717071284,181.9190570912371,274.2842393292911,4.718089973267987,443.0553064984597,567.6684041387364,511.82594528826735,36.41023036825824,172.9008988616011,748.0034239396017,155.25694742413236,490.57597423080307,364.20587398890655,190.61020026032986,367.6779692470763,458.1461542120311,218.8418856089637,860.0318729748509
854.2773678264482,237.67675630417295,398.89366368718834,262.6649077349217,420.906993551833,3.0218692966288585,495.37634552697824,604.8655714306877,655.2668151733005,35.99804742174028,151.62184549434704,857.8583784299431,152.69182133958873,442.77152458685003,474.06602650530016,149.17290317496955,372.4352934617732,478.8459806912453,309.33262733003426,1141.6159735247286
939.1812140809441,413.4867500141139,361.31164566016446,200.01345602217705,418.20151075786777,5.081411006190252,456.8106349941524,686.8863511420125,509.287233855945,33.54743036329874,178.7654522956991,701.519367531912,160.30768594042317,298.35250763421516,607.3345944791628,183.68375139060473,363.8645123208392,619.4107856863435,399.2262880840254,1041.6833657687514
776.9587768268184,378.16893477658357,491.54313764075,242.4712907530992,368.01679656491757,4.321780877351158,438.8996478584528,516.008700580248,610.8489262487689,39.150963033299575,197.76267495512604,557.4931030019999,115.76554806042734,434.4729546594353,535.0225914059839,144.89438431179525,445.3757306269823,399.550870807467,270.8107025892377,828.7077864635521
1203.7472151639424,447.3111003819581,577.2948001571266,240.0366323200189,443.056068606309,4.259890284860639,526.037156204828,658.653771908805,367.94225828862193,36.85446997935174,170.46393543830277,718.7090651342531,119.34419123682093,393.46084211090005,554.6227826926377,143.28642088259568,289.19334407882803,398.70751896635807,219.87559444774234,922.8255136712185
984.553161339703,413.97163289701086,436.70319898882155,232.28593226966495,406.864424512195,3.7769865422290607,428.7581685561584,683.9658627840658,375.3313096222258,38.93989934440935,128.03293184960694,585.2186728883598,99.56421130385279,539.0087716543866,570.6220125722128,139.84661817855482,387.7095692768364,504.19194066273604,336.8240204351685,792.4148388342335
770.4550908615843,420.4136202217057,421.7888114425464,250.01828348075895,412.8545179410367,3.770583104358069,303.1359113682331,835.7197283525891,490.7761654523775,34.11154144695808,171.09945840482516,598.1993179734466,146.77382652595688,425.62771095024414,506.2647795189149,218.43495265272597,298.6022591854835,541.4118655032695,262.70351131244837,623.3206505082029
831.0620114627025,343.79118171355884,399.9271184025462,206.00279986315127,300.3861216544643,5.335895172355539,477.86862788275187,590.8291679287829,497.15367359624634,30.618837880125334,138.18196735678092,405.50740948661405,118.43779454836651,378.59938473147145,614.5171562444509,215.71294548091535,259.72008205266417,451.01300939477306,363.77103503785645,1112.6886432355104
907.7172708959953,343.848617542129,411.760278991797,112.6412386218451,353.0998195443342,6.5069463011441835,264.22292316251276,603.5740993854587,578.2537926125408,40.49728657658499,164.0521794459782,592.5925264629468,136.50209806747006,313.623974756373,571.2694777549013,139.4636666520827,367.39901055315227,417.46054770488036,257.82842599269344,889.9847581271313
851.2484182303338,454.5081310315584,457.0086853038474,178.804653213854,346.2631047716374,5.000230958869887,443.00176067880193,593.0084710188165,344.3873674255136,32.88003525130658,160.43098538512027,708.783681760608,141.03163119234785,459.75221402544497,479.38293807629515,155.6132552104621,352.821586026302,545.7273779445375,338.3750167200886,886.3685982038659
1128.6364801699278,457.3330781658693,423.3265332722657,244.93239453751312,289.6654999857162,5.694289390504252,412.0562343814825,453.65548449728294,631.3406370326655,41.948409627196774,110.52229936822587,393.65719167063696,180.37801391114434,470.8836707394141,651.4973594553503,114.15543921163467,106.88140883460719,486.93581067568425,256.7754820291504,771.508883398775
1026.1346545305307,384.47127213713753,457.40796763122523,239.29566099803384,360.32279880335597,6.204834110178588,267.29053940101085,568.6945024691705,476.6230647804659,37.382828412443025,132.7443758110094,521.3007353716728,95.38352035698307,442.38300516884635,550.5260329475927,114.26315641342651,287.84771561081203,446.0841060104901,351.2281244093952,1114.433187449487
1105.2908683876403,349.2838771099001,498.73430453625764,256.74649699910344,291.41051654031935,6.752186768108309,374.58714502310676,834.2856069668363,372.897072525047,40.06952909664819,115.93211407201673,584.1140011280115,149.42376258488392,454.83792046934946,544.5829342828614,131.85253837661244,326.7849239750116,603.3675868806689,282.6732705479192,935.43831444702
1050.1718211786733,320.34242244953873,454.51594655376994,251.56813425366062,438.69973654478787,4.301581017816731,373.6473207118491,571.1847768511893,410.47427455972525,41.28434246176442,152.91964335878328,536.300952524118,189.94386551740695,474.2962115161557,542.275368656907,137.7211171581314,381.94305637320355,527.175852696375,292.87748862716796,1132.7299848160221
831.8555426007008,257.35036899345164,531.7278550299084,205.59746932792245,338.3908884062255,3.9694638324673255,353.9429301360997,614.3072653484421,458.18825966451215,46.90690587723298,143.41901044729465,603.7601874990479,96.99745136359626,452.3225154212124,509.5292892825345,147.92787656191874,307.8586060968764,324.4584793150245,260.94963906914484,763.4535323348354
731.5315615286607,383.3438015673549,409.3023500815458,260.0450052586342,385.3183946916405,5.220631403670672,289.1589855904479,556.2607597074007,355.73204241735505,38.80140602973307,137.46474466522358,461.5554201649538,165.67956373493544,379.0489002203767,519.1528471379311,168.71464473070213,495.69251323169055,468.02682107763076,197.39014591221022,771.4398500669233
940.2169049359812,363.85373302420584,377.03481834074205,183.77466187439765,413.68745859321433,4.91223716086584,444.33527002846165,725.6025025486834,542.4002808574656,38.800010536377975,154.79262138775084,626.6347849606702,137.95466733150508,400.83671544964204,488.3960548110704,173.85624757185587,363.1938301700003,568.2626017187328,279.97414575044456,1214.227881756606
943.3680487768447,242.14163102583126,508.0465372208234,307.3298258285232,431.1818096434357,5.8316705264150475,204.31660678632312,637.0346376611536,616.3839400174769,30.145094631291236,167.83473531393906,841.1273817164022,132.6376106992164,357.6847333662649,507.45728806178516,140.0109934992686,327.75455960783046,516.8448269164285,274.30159135639076,938.1983459693831
865.5018420796617,202.99230400504666,399.661643615799,255.3284509597077,430.00585069078215,5.6742537156720045,371.03952174891594,617.3560477028765,532.489667797304,38.533896715522246,118.57625842969307,543.2578465895303,127.9038359732748,408.42959814535163,552.6595124077995,149.56076665025378,435.5823232921797,474.8670657673732,308.1770777650685,789.9640771599342
969.5586604767591,425.5503098390573,284.0916398366617,267.89925236581445,406.8342057770219,5.570326765856417,340.55572730918595,675.1872467467965,275.30350291777484,47.27903375037093,88.80965500677354,632.2044443282962,149.92196006214436,444.21535464672354,603.6268596741551,200.39558974670865,343.878595558405,351.7854518533582,233.1273465348721,958.757858523241
1037.437266692794,370.35841654121975,442.44446451388114,190.9315580069148,397.2198974125803,4.964626883452066,485.2016654594199,578.4860395247827,238.59725235680844,26.92300319960764,147.03658787234724,502.5212873366586,167.56223076536315,530.1156751625831,532.5757715877435,118.60194762627748,393.8565478928413,478.5680702760932,305.63999266696766,736.3712789978206
946.9117426350067,408.5157780899897,505.4764108412895,263.9023391441417,409.9552350995437,5.771010534624301,455.40814222613346,751.5803782613738,434.6593765646829,39.20267480786001,134.80185636364757,670.5478364802256,110.96254317210153,543.6066536143662,558.8448718847984,146.83926521114654,370.07018646321274,519.292342096736,233.13823266646574,965.3963013422049
1225.0848395491105,481.41988878209054,379.70458979676084,186.36801792121233,368.73563032731096,6.2949032048133535,329.17019983072606,632.7717203004579,469.0459422676285,30.702695119563977,105.63339845420111,588.3263177395738,104.8547767066832,397.18228826212595,661.5137354313547,149.0775105879561,368.5529925364191,496.58712283664886,268.96725204163056,661.6053349015745
1215.3128783966526,329.11175969192726,394.96563924492085,234.4731594060748,283.3137132891468,4.579147792365626,405.77962546559854,565.6169196745863,325.63088088951645,28.18828877571005,142.15871677986803,739.889755733231,150.99743542764736,433.2830171554566,556.89810789705,154.90294129645432,320.06748024221525,593.3303076445566,273.77397840843776,846.6968714657281
880.5205289362667,489.8340888678527,464.51433910023934,212.8476741337046,347.2806150136464,5.666018187906818,401.75033188653157,742.1882370384116,544.8536006182097,45.82659748151943,117.25901382101975,508.9431378116774,120.00183386198304,423.07827643789267,749.0854359429256,154.62632482561258,336.21922054537816,493.6683987122778,285.7462083318559,819.108280024259
1008.471337458801,484.67760627089183,386.84640261074946,209.6339583240949,215.9854987739827,4.91113328888224,436.7739574640395,802.0862129913007,452.5555116511442,40.702926681046954,130.9737242262135,626.8603787704166,157.750315442621,291.16535527662063,415.6161716200322,143.66997510602977,377.47052702392546,557.7517704586138,284.8854515567547,558.7156654405941
893.4826760283634,470.9403759662719,544.3132207165456,250.49327311399279,418.0229274618541,4.103363675306039,405.14706251335815,722.5086976911778,507.9383535900125,44.84623872962771,173.81617555188865,578.8618157572204,153.50990703643402,323.07830624402465,498.0286635962983,149.53818265613057,405.97726961849304,396.5261427447474,324.87314706986535,908.385029798027
797.3067110050257,328.3629838195908,431.9014404588471,199.52851976150566,360.43381907383076,5.972662490184293,422.4989576706041,678.5759460914785,424.58006823360427,37.61125461261001,237.71535220594063,700.3400784997696,144.98889771687925,426.78887984070695,528.8772009852107,194.1480089402971,341.64242629147384,657.9777643902839,263.9270377287188,878.985386884137
700.9670516581814,277.0443386702413,386.4948070867574,243.8648942309808,429.8755152021014,3.648157269500702,414.56267157888334,633.3789897698297,420.2333231486805,32.53683908827552,97.76621591627152,712.7679838744067,156.4811971151781,384.4200494389234,471.07744289602175,179.31619246410258,363.00266691897525,329.40920655581306,282.739197329704,643.8767597419597
1054.6251362619078,227.77266292186894,490.740671305843,184.48125043259947,423.6074150480687,4.480247464941459,487.35040958438674,530.4897901397597,518.881285659613,48.46185585989369,208.31867923471935,515.004023516992,145.01429223464228,240.58285586967193,455.8056384917263,177.08117464603595,332.1105394385338,496.90717293687806,265.7635664497654,969.4833234367397
618.4572736150876,493.70126845450034,449.8871615194443,188.37250396540946,296.2040605163056,4.906175957381203,292.6656253271526,690.4616347198669,226.49898154672383,51.693453553822415,176.82602606197884,802.0413786916205,80.86609542698591,424.4438084739968,583.6424028526222,151.09530675727459,466.9673514292193,561.5620606960982,297.5136113639686,1000.5466324833374
651.510956045701,330.2164761666398,464.33171969235093,219.52214089161484,304.7187074512275,6.06141019521238,394.5984768262182,536.2958085462782,755.0487027683218,29.568377550407984,131.222052402025,557.536654161949,131.2320608228779,322.87471354111375,637.7007035735171,194.98590960770107,281.79177951092885,492.1662499273617,306.46509718549436,887.8180072455099
1033.0877876213535,351.83507205721475,198.25914825975264,178.05059700130025,411.16866458392263,5.929258457744895,357.29448197610037,557.46222475507,546.5968140496775,33.8217391743596,125.55956439058224,733.2528900284109,145.75214596804946,432.9876258823283,490.9149537334778,146.81529862777015,365.28449853019924,498.6304854451691,300.95570020459434,984.5181797837446
1085.567508403329,277.73795319416854,519.594269019825,270.91586227168995,447.0404108555902,4.067196461700292,421.9391488935432,393.64456600613175,554.9522861581671,28.47456966164355,174.58310384156115,639.4067271966863,139.64219645415307,393.8869400682036,549.0856132888088,124.80377241055271,396.3037702593105,511.87918048645616,179.9430998552699,979.3541819936639
1079.7439481614163,264.88577517117176,417.8669069207363,215.68001244673263,298.1642153935371,4.153602409101225,451.3086274026807,651.0368442195835,588.735247229338,41.027784782846034,120.35372968689101,637.5844630540616,162.86586184353996,486.1866151070611,549.688392631892,129.66717171747263,420.4017136384927,481.6616579256027,317.13132797726934,855.1369165383068
984.5435650729398,327.6849333385987,348.58018490016747,250.99907605014283,349.7347855288465,4.689685373684303,418.7304908294902,740.5688471625796,516.5247531484146,29.463127419782218,154.9299977786038,797.5103439135848,154.7535014821691,359.36108836043263,623.980676500529,190.4790462931034,383.4648354643252,497.9344729788727,295.1292310312204,863.6609956005784
1074.0991088595144,396.43461892750327,407.4074660677847,258.6752952903802,302.36921347788206,5.057153836671018,449.4784692410534,604.3962290844963,518.9025709873265,37.85746816196058,149.47169783025342,767.5726344622411,139.47228309476975,524.0122331907037,475.70965846542146,176.43796304130166,331.09699107655354,451.1243557612087,344.34712145884316,800.7368539940086
1140.552797380307,419.5003837631812,395.6451907352243,305.7497115034905,433.15001110556597,4.657177974431792,351.7950279163958,805.74031447408,343.430239249201,19.092053571304977,142.59432833519742,660.833871229076,163.45238260199395,349.8845509404591,470.6239156779847,147.94395255310917,390.7141339093085,500.78937553755827,267.9210969372596,1380.6338723740457
1286.9456846970024,378.54983293610655,408.4261660468041,152.12189234852445,382.66527500138153,3.5167499525601484,625.0964346804958,793.7992575268377,520.2544239128844,43.14599927247693,169.9845935119047,569.231148099053,127.05697199109892,350.7124385113299,539.8600478390377,164.2159448922852,396.7695589976396,441.2580498891226,324.91371603413234,770.1353063062525
1352.843959191812,399.1243123158384,408.2567642477557,198.34118553498635,386.22199324718883,4.11144765809975,364.1832046678102,630.4449328972153,508.11982231344814,39.569009234862335,178.42355692647317,645.3316609036123,131.930425229006,346.741200708053,508.72839111575064,136.04454215299296,458.74964643156545,435.04131253688973,295.28579918103014,707.0412404576861
670.3316286930714,447.2519373951864,453.2154691411938,220.51390062281675,526.4936245437104,3.5366631520511698,429.0737330058755,655.5615664552759,334.93263741867236,39.17876146336277,177.51422961276563,727.3089963501718,145.70703144050714,346.2070783913093,571.2465407869324,150.247384532543,395.3609711835601,375.2778339206467,274.94072333392074,794.6064147465697
901.1756712872937,457.47708111934685,342.7897507406856,270.74137902164716,392.6995081220879,2.8349264221253625,322.2564609914803,738.8967634812611,376.842432138198,38.84419182520481,147.98939282966012,711.7003525979417,151.77910509574582,373.67753084252195,597.8564443237412,162.23867014763513,423.49148381084024,473.10556384302583,275.5840168259142,1243.7918399677455
1273.3820443606317,446.34460085406545,484.5625266219424,245.67194324395643,434.85009147913274,5.820364034877562,528.8148797348151,561.0689554446577,622.6702840280993,41.453994378399045,162.80236258127601,708.6464204641604,119.59760591383262,437.6329743771497,493.2810967784077,134.36781488228596,406.060208925722,269.61803600931887,316.47859296086267,940.2408205089569
1126.4568666097448,429.3988671969292,528.1179897818931,286.76741405375225,409.01145178452003,5.607944925288683,440.4927724284387,441.98015773214127,580.4307163875933,35.23987876704125,174.55900108124027,663.3451842754133,143.02730000430284,372.33411829571673,584.9823644435859,173.05059896950436,366.8807234039338,642.9463191311006,328.69185210045913,1035.8241108641175
639.0393821119866,563.1732961884657,255.76751052969988,299.19269897726485,255.48875781255967,6.525326183870161,485.2093871536147,475.21089058184975,638.954749279897,39.91744385882622,128.50062902666258,525.956501784008,111.6622140212107,287.23901094817995,651.0075955953196,209.2870707491636,356.41579834275495,504.4698182384431,330.3038610252403,1249.9007251066148
1014.9182981018705,324.2841391565921,455.62272539620966,289.88202094239045,403.77359411909094,4.675927790298875,418.0785088599065,684.3552880466539,509.1118141464236,30.114261136833296,93.77405593641853,595.303893356761,140.05874953135736,215.89429873336925,455.972909729541,162.82202924981738,484.3387955130885,448.4012082696088,295.3702484018773,1190.5131694654808
1077.7335379487274,451.13074087688153,320.25848580850294,210.44062209001754,390.7915047942903,5.578033583056679,397.6113749925616,492.4153466947438,374.74489047754605,47.34030035897879,149.20426580794663,571.7691029231937,179.68314967001066,452.2465360560444,419.84375102979783,177.76993158097707,268.53856411310477,512.3449985458125,273.15148192514374,1092.238677100444
1063.8252256672085,345.8104211021566,462.1610608878068,277.58225950782514,236.10992277864057,4.742497593219269,365.22945187635435,609.830512382795,505.2455286938937,40.692300991511225,174.0297638055505,873.9924452048684,101.33075209061722,451.81312101158153,585.5101365775139,156.66536029834032,402.5077271172933,439.10508822120835,343.9952994803141,876.7335560254761
893.6310886483764,369.1465459882795,425.43164773932034,255.49440230282983,318.56051480812226,5.4852401097423575,451.8911785563666,575.8977593804428,563.7797072544801,36.77814908675947,180.44847148186813,594.1657900830578,152.80666949832997,452.4043048812607,510.68483441109436,119.47384559673898,334.9555661075348,476.8811444030003,283.18818141465124,901.1178371568319
854.6208270349027,287.69494732952353,386.89657698945007,232.92963881580198,460.83559799717625,4.208906919873257,471.35019686416655,670.1790341128192,339.8798265036125,31.979919829093244,152.43204228725511,720.8196070602852,161.6957106188919,405.0715753558438,541.3013536527822,199.77973149084656,312.5497087930472,457.3759596944383,270.139229906303,988.9844844164503
1051.2249216249745,437.96297542206025,459.47164954891343,205.66142660018596,378.1994047973043,4.9003343114169615,430.9751203343966,755.0840593072932,516.2105756056832,42.768942482447365,160.40646571261374,688.536075027458,131.44439255963223,371.6805801467234,501.7662610332499,172.47191432940224,387.74230835740195,600.4675906573586,285.85758269867165,1088.460435899554
1034.800882756699,367.7901590136668,333.2147138221442,177.9857088911052,460.13180820435906,4.106039525304112,375.8395531331185,485.2061424679748,406.1142783380397,44.895396312125314,203.67126485596995,868.046761007655,143.21782195558123,489.8029081421642,516.3949054535448,151.82443635732153,259.01987861784477,459.85176695633845,280.5907042477554,1007.932140421965
1001.1489460488768,412.0335687489118,360.007102545935,206.90508853133696,445.9900443537913,4.638825193514437,414.97317704583446,604.739314528986,503.4165346097417,31.823025262078055,185.7738661761699,514.182477225291,147.31216215593986,408.85359984765404,563.6373872595434,191.99483071580894,302.2543313177059,418.679897580673,253.81644992823917,787.3230155458028
1073.844109125142,333.75094378604865,505.8818964337603,150.77119558126049,309.97270434477446,5.288510055863919,324.843453152097,849.393537371666,366.1119321202735,31.808825047208654,141.163300977663,693.3633652323588,96.76489840499431,433.6487401556798,536.4829940904756,198.49430029795582,388.32329390872405,414.72291179852357,312.4158386886701,1073.7902042109476
1010.317661645913,442.0595959726545,404.74303667132386,213.18055609483804,322.63260919060906,5.508093606727061,332.25657066024695,680.5990112072873,482.2383685306524,36.76393228842891,122.25233123888725,577.0076839353383,112.93563080258083,308.00856265662424,354.57433124780766,153.0929567767407,359.914638591151,517.5346959015035,360.11452352467734,906.1469300781608
967.590648210316,336.38104643281173,447.34993792783797,212.68385356315986,303.3419170730546,5.680488329746927,407.37307390091945,666.5823829098239,634.9410925130423,32.274108413396036,155.51576125705492,452.3242830151986,135.541889006603,371.9638533264956,574.4380222367424,138.80607597139684,289.4309738097163,504.35792844887413,255.63922137331016,608.9651558773749
865.2560294871377,355.42938293182834,524.1553342636855,294.1264548853033,424.49595782416833,2.4285716572565565,323.23039927290273,616.4772101486702,531.9898554119408,43.95162865384367,179.80814179013385,793.3359063674893,172.96956167737477,433.3846060334195,588.8656117715618,175.7245483702165,370.0564376785071,379.1041905913038,314.9001987435486,1287.1683679992
933.3774194523616,374.70537522413485,421.96039792791146,219.33355120598043,452.8360356304195,4.149273459285789,380.23928111204077,494.8587167158662,389.65454470877273,37.093575792999665,168.82567709263984,555.0719882557983,148.2511340320284,428.39011832440065,419.0022650282827,125.44205888931833,256.6226059333468,588.8652318065601,244.38426670395785,1198.080548920398
1042.0275592478356,441.88924482737445,340.1088091071348,274.9614442511055,260.7941360736299,5.027854702974685,446.39369306687934,538.5038790207216,604.12398510766,42.44417718242863,148.4931696859444,587.0796421202659,93.48871095690038,541.5247675949211,527.8714436618228,166.6150398780456,333.92936668517586,467.09223481048105,335.02043156828677,1001.177121795945
929.400355344683,405.40771393703307,308.2825182535893,332.0332413022272,464.97681719723136,5.828316323038708,478.18754422832853,456.9990361248159,411.32580625613656,44.49324957571649,181.95823095222016,818.1193500150052,99.02216391807984,486.2617828516196,476.99189912606187,164.92134720505788,353.98744774936716,626.4088774894743,360.0044786130298,1007.2649842639264
857.2662831814561,367.646247925244,456.070448128284,252.42016585786195,431.4417352373934,5.415537887570013,385.0186180253842,688.789352809448,421.4113236166733,31.411754912128245,144.8624836410005,498.3907208622801,97.811181681472,432.9916582655907,502.99903456217413,117.83536949525339,354.2067716114372,454.31468701525006,224.66779207318245,1143.0799815120834
1131.0406712006352,362.9614450567048,372.2713889662146,215.90971467061857,341.14669913814043,3.480683323480333,471.8190133006299,873.1458410025853,515.0122914922433,44.566012674937255,183.66077574059943,818.8449664279315,136.39357657542004,572.5534470759862,662.8600963276917,132.33066377042417,375.95786371538975,503.31809706242075,280.7668605590827,1103.679659131603
827.29676775808,459.2109536945002,480.2526320454458,241.538275525058,368.7311072165452,5.438965033586921,410.634616018436,638.9106576640389,474.2721655646466,43.32431571400252,181.28724252076543,486.8796534451433,136.37287610777366,330.65601103883665,461.38175205564306,138.13977412020301,167.3002017592961,725.5243174380453,322.4225080207368,575.4456671825851
1217.1448075174512,421.1340027469224,459.43497020260406,228.5486239866828,411.61311113349456,4.542372992088652,522.8768299598139,692.0810246882713,572.7522976200803,41.67730416402888,127.84879460093146,428.70138806053296,138.51498569256955,372.20236525277176,509.30168824962635,180.85904967619408,213.34672624052405,441.175585588579,373.81958444646034,324.6080845213827
693.1629767903161,397.31224152642386,641.2416045418792,200.16424483927955,282.72420353096,4.558563412155126,313.0345180268983,730.3675803295896,540.2214661612135,19.437515928442348,137.8141264914651,756.062717962777,102.96433625956698,444.17821734238106,426.11025338238426,158.66178630905785,217.61387103553471,274.73360094805844,213.19012497040228,735.8181763618203
1027.571632643218,319.3824042783175,268.1136709184834,209.13925968923138,362.6391469063768,5.320588187533227,407.567678066505,633.0283933795266,520.3421003552344,39.12799807264685,161.8914219033784,419.96544479310853,112.0390448341069,378.6603546539838,428.165159899131,126.9104522892614,346.98251080689363,420.38816783949255,335.70117765307697,923.8116067824544
744.3897020564141,184.42408037795846,333.39729811802835,227.32525383646782,404.69582869292043,4.855854270400056,484.98834085061014,510.22244336941503,409.94688002708796,42.997934874014945,138.92586317252687,544.826368531071,164.5792007875734,424.95953998781704,526.23856065484,125.11282432883282,395.6772870108988,459.67545760645095,252.36367404527795,946.8278871545643
1076.186040940455,312.8803418459938,469.6812663342593,296.1019672041574,356.1802413121696,6.011183317513887,425.5079761228894,613.2367847776922,462.9970772322478,36.723761009348834,148.43227670965098,590.3184570550941,139.31851765859565,460.18865029286167,437.26957067550546,145.2651536404666,267.0261496194443,598.4455826402979,350.7373157429045,1210.2811477018004
1004.2724203324783,386.3259746130028,358.0573113412301,249.37650085677484,390.92352120596223,5.88588900630008,459.82712265664344,605.2936683702848,435.03556582131176,32.799681219152525,164.5202392373957,533.8810495220584,154.32693245518485,305.66188792192753,358.77894764392477,160.4388074956053,466.65458556347545,504.68503196567667,319.54569201708915,1184.8585066469823
1017.8647996149625,321.1996713343788,530.2774759508756,162.78864349225444,374.2454146760072,5.200065939794774,506.2424182769756,617.7665112688725,374.3792160945001,35.461711441417236,185.5647055046152,713.7348625434056,153.38824833735453,216.12640484241825,405.0398011115507,135.9889943798881,468.2115859336645,296.3570715166151,316.2568729543188,1206.9388828099848
1071.6761541212902,262.1030551459403,390.17647822016465,214.9622156198321,464.62437208697315,4.42536411583896,454.3022453034808,654.1047704897846,301.19530380077526,44.42590329891266,149.7987436183884,623.7421042973617,145.67935601345016,321.61547303565294,424.9024318797862,151.84793841488516,342.2703506301081,509.99770827253406,333.5519152899734,845.8122198516492
906.2144047994019,427.4186039681915,361.79896780536603,220.48859753250503,308.9643767462196,4.00153680785499,490.5783276585339,474.6198866503056,364.90764415323605,32.78035295957354,171.2792879895739,650.5128203679529,125.49781341801778,522.9125179420685,466.49198670689947,119.71725318431537,509.18470459986327,477.03027348129496,317.4561186815836,837.5361604007974
1229.7422015056186,368.5815073804247,379.9242741515928,260.5067211251512,321.626158210894,4.064281322094692,351.9501191774883,562.9289913487368,395.3269927782254,42.969932188411036,158.91683859308358,619.5217533062663,125.40800279180083,391.441494402507,622.9015524169544,164.95829175381868,338.0081364607877,485.3633109870023,271.21573031576156,1070.432550329746
1179.52982346821,296.45969394692787,517.8837101076807,205.56283596848198,437.9178300429064,6.299481441529142,391.86601267460145,498.30657072060546,482.6228501175884,43.092983559597,134.7954133216855,646.4785311124311,139.19164760299222,346.2211316894816,528.4421269333261,221.04620122502837,446.00626560905124,518.856998415972,288.30253783854533,603.8902503605718
778.7313299461538,448.94822146680525,447.0328510606969,196.09774371900707,380.14666269045875,5.7326354855445025,417.02970814523326,714.8256695887683,509.45376467412814,42.55497444638681,178.48808532920611,627.0297909762145,108.81987878702276,350.8094774275596,604.6811263263362,187.2107740322478,333.1601648413798,485.24829544342896,254.27985416369907,1123.0572760873633
980.764794917584,328.4809402564091,348.7120244214227,188.32101819837072,408.45112400861944,4.443734886053339,332.2131497444791,641.0620769350666,569.5811418780778,39.16319454904339,147.33559998529677,783.1567253116967,145.9572640773078,411.1356962536719,512.2804908085541,147.5475983622237,428.64150487070316,351.17653458252903,334.16273521531764,849.7492933156641
638.089677494798,401.8805214945871,405.0732451811075,297.0806692793066,308.8746056504714,2.8014588180259232,408.8384438186744,563.1006757807727,423.49949429035433,45.27835829529865,168.53996067458974,310.3608420659695,104.86841467584694,608.1779478447585,328.48776707071397,142.75753184041167,444.9739046496526,408.18616021431535,379.779813749869,913.8576606005281
686.0749418413313,347.72241748140146,281.1872325377041,281.6290663206337,323.97129088917643,5.71269845658903,538.9166033088238,650.465164156483,429.5458699520389,32.21474795263833,203.05787148085267,780.1643134234289,175.6477131977781,433.70945220665686,555.555723856,129.4914701007227,282.05717835481244,434.0753565426985,168.74935695502558,628.2655862795696
972.8441388080329,261.86861898634334,278.96609973055354,294.60455796513526,394.4523598066847,4.668317416960938,348.9460114932341,367.2305300685931,522.2907724888508,38.33339437929436,180.1219099191194,873.0053352204853,135.73435798269927,378.17103515723136,347.95400224878654,128.40646129322587,335.0447707544418,519.1496272143985,209.92636209615947,889.7829061499216
986.2507951625004,292.3339869233013,354.5696736993918,295.34043809709925,391.61689549685883,4.109811239188333,440.8766226008936,560.6751901131968,607.3728233156394,44.99392953269665,123.92725162753074,456.8890982028054,121.03084616649956,301.49890164628215,593.8591585383995,151.30586667253786,305.2603080667562,583.1379491432542,353.52886318451857,1006.1314639469789
1120.7918718962237,330.71002860519394,367.0987165517283,182.71153904947653,353.2900228867322,3.661420505095605,432.605548260552,632.7519775696557,487.7733221787746,28.39240839533214,104.2657883292548,824.0287354131684,177.50149015069223,445.09639483330443,580.5348824440407,117.11741090350732,326.3907834435097,505.57416896211816,367.573876020674,932.0804932503187
583.5769392584996,424.8409526821691,448.41195549346895,174.28960231915124,338.3379985452242,7.249150807811354,395.7396296739212,531.8649385609344,430.00860773608144,35.33938084782888,186.00191809539507,616.5186142937973,176.44612836081245,513.2349731577596,606.8070379765184,140.87629261557396,387.6893399649021,532.9011253909719,220.75409610946974,1158.367613407599
903.6078600456907,409.6979937670821,450.20528957718045,115.02109146443165,245.91979678886364,5.230507161438482,333.8201670318949,846.9333085460511,463.12632107139257,39.67653385485542,122.98640253023117,527.8771987366014,155.09469774117485,519.6442628827721,507.6727968344106,125.21186385235522,327.0486081670977,663.7161864111683,305.70840230942247,959.247153984514
1163.1518356774034,430.87026159186956,392.67796322779196,256.53895341054965,460.3170947909303,6.116259975609604,371.275185389869,605.4791537862989,429.7365014748046,25.926199638850306,188.0775829748329,606.0848779787149,139.34732209459148,424.1129317883931,431.4181788194968,167.81392846086982,214.55073184072802,359.2675986157567,381.2292470960751,1156.2301777600737
861.8750978467691,310.7525169491039,446.08159633091816,201.47151316275767,259.11950173667407,3.3693200867354136,415.0221076861232,452.3373163872018,368.27542642228195,42.81974778569859,107.58395827994252,778.3495875539185,148.41148365956468,375.6377441056982,606.9208915931061,185.7594816468761,375.6963499305479,571.5548622292565,242.98905837712255,778.0194272540638
1117.0577956023726,389.5168690064966,293.31554900261375,236.1444849800179,266.93130597692476,5.330760652693755,407.53887982293713,527.689249891627,444.0905183478381,32.641709490763176,174.42009023336402,624.4052334668941,129.1936238685011,363.2460357345372,625.4303314859106,136.34812564014817,402.60277575436965,390.83142974431274,276.26510541359806,827.5063842233774
1072.353427165145,399.5917160112972,349.94423875227824,200.13159186653004,387.72316145941795,6.0077688218395355,481.69510891415143,667.0935130875646,445.46460650898314,41.8580064408973,153.2976874968862,467.95902325785306,154.05560738596193,314.20980179844435,479.5492738972957,146.39308454835714,371.5422072235976,465.8113082527539,356.4250492685676,1030.0171688712367
885.4008802083313,243.45285525693814,374.0618881149355,186.73188630934845,328.7821494916635,4.926679985405924,387.2397281583538,550.3429722993795,450.83980326205364,37.6877883120755,185.1577715674641,804.0003756862222,171.64142522654492,463.6221038891235,358.0721770872324,118.17101479517889,395.6300739326371,547.6014441871091,294.6321507215485,1132.643284267962
906.3993741490223,321.2815634009225,394.8062750831292,223.40651095612066,475.88955607485553,5.099188502026732,425.5600615670734,571.5862523074213,495.5253285583868,33.642428934865826,163.84546639883942,589.6503885261377,126.93568616146695,446.74267532943827,419.11570331125046,160.58001100532417,392.66645347673096,481.1951372017033,266.8062998108256,851.9580462312383
977.1463559334134,179.30288135573323,504.17445290502604,254.69775802177773,351.362073654361,5.42249972929755,378.4661250132337,627.2484673568114,409.6722616317559,27.528905116711428,187.0136061413841,712.1801164639379,193.7827640387996,504.3533363543407,426.80206914100756,214.72852301403788,439.55425202299784,490.7009040857288,254.60877743096137,1069.8458107082245
935.4902057603207,353.53015520205656,304.334636062075,233.0711648618128,292.18679823204025,5.81994311589964,370.68300098930996,832.8716994591501,635.9269456221876,36.078328500731104,129.67700731682268,695.8999740417191,113.76270570924935,343.1138848785597,669.5793146360272,133.81986232395707,411.5258098370923,588.3612149450887,260.1555409688676,822.4519640433612
1047.2585237978178,361.36413753772655,493.0708566227836,188.10534633015135,378.6774983744747,4.039126895305642,389.53066971946123,551.940557044101,414.42030904401946,32.507057301239996,132.71585681960624,827.3528441701128,171.584848408273,391.18820521910476,641.0474452162284,134.69662916270352,349.71817492134227,642.9828905065709,279.1882526919761,1135.4900508557791
1045.9711979662404,391.4034910821384,375.8099490848198,215.4332456415559,393.2120274398406,5.070909693035976,352.7645325626494,514.2478295210009,516.7547137925529,32.686481321857826,141.33247877024004,498.37113708355423,145.83342089783326,441.1075673033089,324.79394410576447,169.8678487978581,246.49350480367644,432.114789063271,341.41778677543857,813.8697761536291
815.943513250774,541.9568911187276,506.15912936545,284.83402865134343,280.0906229821618,4.795657880025843,368.08604611954405,837.5775749896386,468.8147021717379,50.44998502057055,152.68874431171935,633.1706680095365,128.69881421110472,481.4460508985984,524.3024418040278,167.64096443295082,541.4275850056542,601.882214099009,300.0429218024457,1215.5328187960693
1014.4916824833862,282.1647270063636,482.305295856171,286.89728433841236,340.88558562416915,2.9238531854375474,390.2626560519379,526.8583606084416,379.9530837891365,32.36861599474825,153.17690393271428,879.8426546516321,153.30575856204612,461.8336656080228,623.040346098874,118.01627219994421,463.4071335875833,670.6336611529175,373.18833311267747,793.1070272375324
840.9641731673266,294.03500210566585,465.90635323711354,188.8127686435159,420.8043432471525,5.1064010330535465,367.7948755824541,816.6251016952951,568.1733920953037,36.81471817839766,171.78945626716708,563.0021770329889,152.83513813732134,425.17176817448126,516.58788425151,166.42923909403035,334.5452563102367,466.5695160630614,315.7942117781408,485.29927839273364
851.7122684799755,460.2235944390321,437.1256288133696,274.0403104760674,336.03213213669164,3.5426420998994317,364.7150244711507,742.6542201541746,453.86224485729485,35.127336582005526,186.46360966054115,680.2697694132863,161.21408310490955,426.63184559803426,487.4506687777384,192.14231777664625,449.0020640456229,461.4623881265633,385.98079018542177,955.8337025863883
1158.37390492535,334.3302872694057,459.27237788072375,200.50185956065934,399.0556364065143,4.988348499972847,409.31308894720246,530.1037171606912,515.0502444896342,29.222347941367225,128.07022015643,699.8680374046994,176.4650189754381,335.82553546383815,631.0094861198086,176.19133177826902,341.21794320054534,559.5608169398894,293.7344674494869,989.3412638951094
948.9772828026195,346.1091405181769,346.62746360547743,244.60763518115556,317.80503281999347,4.9368021404691165,382.9311947305701,579.4420634270273,521.3641269431299,27.381679801752323,156.52506893078004,834.1971705017384,196.70360353141274,354.47856406146695,676.4652509150437,129.10978757273745,407.09343163750555,510.6997691859741,274.88648559776965,993.0634016861007
957.2000912260111,345.392054103435,249.25032190537524,150.54523804615917,503.1070418650684,3.8793185924279685,425.03790359895527,454.51233387289017,451.58853454082384,34.81465333898126,162.03786982365392,712.544159310192,147.81609568968767,565.2819986428376,491.3195692245653,164.91071077600475,457.15678328058954,545.9541426248386,339.72074214032966,930.5325250460687
766.5734426729766,315.22967176288506,481.5999477601599,175.8552739106471,463.23181905408177,4.683293098558389,518.7135869151443,652.6243434281162,508.1388192101747,34.39958127824456,157.3129367724125,675.8258478674041,117.51797201977365,294.7241510138943,568.5140513852224,171.83178742295766,441.72534646583523,585.3078605806144,156.9050564806928,1202.9874259191122
736.2629498575916,403.123667088415,394.2532931770642,273.4141965924835,459.9079321305626,3.718672145335569,428.11913140194554,365.24307538194245,549.0903327120694,33.52628181634347,157.39238402988644,687.0923118187719,125.28802271231329,360.34007241013666,545.8786000619227,168.7217804230777,375.36911477272685,623.6884473434872,372.60327895647896,942.7309282701991
828.1062899671438,336.3042210925374,488.25472946671687,204.34070585267793,409.57012402870015,6.561286824944537,283.1505063053532,704.9188743564955,477.4895831917485,31.75976514446915,134.68658932404716,505.3221538469728,144.50819225179453,304.2761001424147,451.64515760196673,164.2782529235048,416.08972027271193,301.337974026735,238.28582712458032,663.5538316122852
1018.4716545433535,369.44049084690266,402.1356498448304,242.89101698929147,532.8951536675814,4.612766287395879,358.6816276181788,754.5928285429062,516.6433397707676,25.56083760418213,154.47798491878834,790.7384474288043,124.28788838242264,460.87820919335434,381.41920986357206,169.1688772175161,269.7820934850091,394.11231600233174,271.0963618904477,930.775930842742
1169.4143122392336,344.5908037739418,343.8800128570474,285.6249076248385,316.08517143896313,5.598294678505562,411.09373618387554,738.4405712725653,553.7370942490605,43.04385670621275,190.699619367756,637.9397028122581,157.28827809047968,375.87231076680087,447.5805121244327,123.53764710708482,349.405958763362,505.5623772067192,341.09295876390627,763.1193489813511
968.7152532309894,342.114580818519,248.76040611259035,190.41041078681695,310.1138731217212,5.951144115169754,491.9970594222719,849.9588070938802,437.0838168027887,34.402856611378965,205.58120083925908,601.4979763251912,141.49284824089082,464.0267006221644,556.4686582694311,124.6702651467904,284.82843219775975,456.1310139347357,366.6666461095999,975.9523462172663
809.6642804038644,326.1576749783889,527.4885830786676,256.98589556569715,312.9073712960786,6.942402183521962,444.24380836417146,624.7585451836774,345.80917134739343,36.3104105782298,180.1323232889083,629.4364730005467,152.74577327373242,429.21344075835424,354.34924530793546,137.66415682333067,378.4764498837258,401.92103800971654,268.1209907467039,769.2286022114874
908.6601565239113,364.14185703100526,487.56269397565137,231.1300595747973,387.2129271578517,4.979018833323481,450.80091836197994,535.9972166148743,578.0902385320372,32.0442324681411,184.2102792766471,658.7435726888403,105.5797693282286,287.04835624107943,504.8771723655411,142.25846347557678,309.9655140213207,321.1310036142444,302.5949934249332,966.4779126978983
959.3036816627205,307.23594879476855,407.29300043722515,190.9986569266977,368.33795806014314,4.98813877420971,402.4088890344652,689.0145333786609,280.5522576655378,29.371842554681916,160.50981027905507,525.0554657499702,157.62318806198536,422.847954973473,487.390690906699,122.57165126428731,278.6317587773693,448.3784030182942,410.435571044771,1095.132116896584
1011.3000866205064,302.3272477718907,406.4308735404732,249.48117583004003,372.10954034448713,6.339662814968961,345.4835525717739,611.7892094816533,561.5054127962991,45.07721499416901,186.72556402342423,711.3469409019837,135.94223866747177,426.09337413174757,687.117722800281,169.16399197137787,288.84020417927474,573.4485062089324,265.9277624900156,912.7163429787147
972.1807055386951,216.9544912416151,445.82527840003854,250.65971943044187,450.2145796697049,5.7041384874290495,435.5718697283214,443.7144341689119,295.1828935942965,26.5969316614869,117.16071527535294,705.3816189009191,163.82609283878082,421.9556002125315,509.1928422515499,183.84843738364103,405.7531264583181,489.45667607625387,334.65477710085696,1104.13638066785
1117.749773459268,312.4601021487541,582.8748427936895,166.59259227679203,406.45881891573055,4.923057079581108,474.3197285017853,564.9631103705685,464.7785779098878,41.72490232144259,161.8810940979102,606.1806000433448,120.8504790220075,455.40725984266066,418.8603510094267,136.72567871090808,417.4099806203187,444.72100645583316,314.00345195730335,849.9816167791159
1139.7863697241548,306.28534502590674,472.56316584602547,249.85452988995624,342.9462478807547,4.474811445694753,382.84918642432007,590.1369185089912,408.03614598769303,37.612805409296165,146.7561263384513,740.2049137963228,134.87464655873072,348.1466950613772,640.282697775234,146.51799405122443,426.56732069647273,407.92344168638846,299.7063274056643,913.3898005245085
1416.4950260502637,374.7333909821877,390.4925697991023,228.31582203169188,315.1496236643223,3.5846893990873028,474.8660366859244,461.1228414963156,501.0453890888324,37.71984524190645,90.54099361472439,817.7977343062913,172.18512054321542,512.6174370393176,527.2433767791565,114.57610280147256,288.5886493043235,458.31462376050587,205.3850646950462,686.9853279935909
818.5691187030268,206.20376259291902,400.3837326104947,145.51651163074774,381.79832440601166,5.086657008217617,331.8683880349422,771.5253270286702,561.6518350096111,26.8836324662347,122.12490738907915,702.1484561371759,145.6148180001014,532.4620621319824,547.1467126360137,172.45564803049135,445.4893028381005,466.3228396273419,402.3304110817804,929.8413961735824
896.7263096753768,372.21430305649574,419.8347185355681,224.77599303690366,373.23106836609816,4.500354698784709,445.60931378812984,838.4241079884837,437.040312796395,40.666964143141,108.4163798420775,649.8184661398035,138.2570347895139,492.0196341257295,566.3245843218244,105.14462213115917,421.3789078892107,430.6931386830649,260.0779479643068,1185.9059837916445
968.6025709239623,351.41060470898776,389.57514159421737,265.41168241679225,327.4015104139196,4.838185217051204,257.4330257161191,576.1705745359723,384.12444896748167,40.60553074955932,162.63937234572617,801.8076544035706,206.93354211897503,368.96739220616377,350.7211587794951,148.68498734154855,282.9373601257587,701.0546621128319,363.6789631266412,759.6741128939142
943.7721046074694,299.37991369575656,489.65581725412585,188.34939510370467,319.2627276744211,6.017517829013348,269.96244709187056,570.8066280701806,532.004167925943,34.02374389897545,141.43630043493278,784.0393303075109,108.08518143413254,349.5096364585788,518.5733750167831,156.54586448272218,325.21154202606596,322.4453452398745,192.55964681594918,830.4221643198636
872.4284007190347,315.87591935625693,445.8064526353695,234.71081511068064,347.6160191328726,3.979454814439059,419.77606766692116,678.9160310827557,642.0237478680663,26.96220118979906,107.48715708164525,591.7460022459004,152.09597754413522,336.0032114226511,524.5936839504225,132.39508960011517,374.27200005028385,464.04405958784287,261.11250743912495,970.8473588235619
1080.9213872010841,444.28157607615793,433.35453159672056,219.93920350301968,343.73915792142486,7.117227530476455,407.66820189966705,754.8372530875566,387.6640507508662,50.94035381874627,141.4584109740797,583.7622303696187,124.07951229521655,377.85330140986065,669.8021606423131,160.0640777956366,379.90736169766296,603.2488074281482,318.4489908513425,478.6976526362475
1356.0367183098226,329.93039764998855,495.7517631786573,234.8225022815501,444.5982179527507,4.5284047490653005,395.4736166898825,670.5174113059159,566.1553804009612,30.77788161281536,141.52441794354237,623.227986813736,168.80550630615818,415.9832573721889,391.5306686714162,165.80729987716487,337.02603479868435,524.8632921038652,291.81560910699864,864.8482166331552
611.451399579574,340.9261311117307,455.71769019144483,271.12984262045404,438.12726365349613,6.07793572489227,438.722317221635,778.5085885420276,505.0393494112153,46.144398414791276,161.66800272189647,732.3367269929438,134.13822096109038,428.95608569491475,667.5280560977976,140.38116574443146,377.49881761065507,351.7933518491932,274.31702194868154,957.0612894166462
840.1383219035189,342.6593717659995,554.8595771865744,240.32385058594713,359.4098964966564,6.465078178473241,469.6700644174702,485.6307712869688,585.5043594739843,38.07587331914451,175.71890293847247,802.8423369234615,143.72111046975556,438.904721032754,509.02834077771365,221.72649537132042,445.38386374088094,466.408417012375,311.65351453907476,742.3207544264233
1228.828401114581,338.6276392310506,341.831406397353,267.5414158523103,390.80687758168546,4.4988812738008495,532.9011518035452,707.0199487423824,559.8194450711502,50.32405521685086,143.27676352491713,514.9396027297123,136.7802721578988,299.3723460453398,714.536041790592,156.34019277009062,294.27076696869744,538.7109276678815,277.48113310275477,1016.2701787873142
983.7911796476076,360.4514296591719,427.43640578927216,247.0253422074012,306.11118811230176,4.6656171630662655,415.8557520039333,608.1466382769904,352.7614359132856,23.611617666072316,115.9847748972465,606.1041798539522,145.16935298622363,461.1439528122106,683.3560013670576,204.95392619735347,363.6866170522588,391.8129335251374,261.0175689236627,708.937002044881
1096.9239710264737,309.98749108450835,430.2556842624542,230.40291809594942,369.9562123377553,4.724746240051619,312.2843646059666,498.2912939421307,456.9954125162446,38.806951217938845,142.9007314683213,431.1499694534824,147.90192730561208,474.9806012390284,416.9216949484678,151.80042984447277,340.72826951705065,362.68394438554367,336.9267533948189,592.6714561497879
1069.7152731168123,245.08059645516408,321.6240689217337,270.9723555653361,282.4667290480456,4.712687501733845,365.60525276276746,691.247918538982,376.24098867131164,32.49914320973811,189.63715476775081,645.6004482996133,157.7777105509914,317.11117501281626,358.1568627138935,124.60708126401016,422.7381212111851,539.407542594646,183.38317534017233,871.7336295859799
941.2214515960569,298.2476468854744,348.27160700020477,172.4378880607338,332.027481874441,5.495393098205678,365.3470358375978,614.6455793074964,417.28915482159283,33.14692945984923,185.94814359026282,545.2323834796309,110.23206798998092,349.2224952041894,527.6944922119334,172.2908938949638,251.3589914193878,370.0035100794604,347.4895285117705,992.7478653355212
984.6773903479932,306.3511082357098,387.0541230024983,196.1565369426027,358.52247276192156,4.451863911112051,463.00671758903263,726.4453089971878,477.548817988421,41.05182712362134,155.4752453846306,605.723953417784,129.70022874579817,452.0124072422888,566.4819539573119,144.8008212200812,364.28329224935504,489.050401529179,218.75627302796636,885.6299252599881
996.2241950868854,403.92719497891767,372.5362285207947,212.88900834933307,353.701558730304,4.896236964036068,430.75736667267336,474.39288209558885,485.60597057109254,26.45548197668292,172.36652788815505,625.3654932796395,123.6501901733979,333.55280287405765,572.3263544200709,161.85397907367002,293.85191848742824,556.0671482765285,343.60833373754195,830.7874373964029
1288.7985521566336,445.39679021003315,544.4241805515528,213.22749416036683,254.81362521271382,5.319901312693526,504.8014780140901,652.5730133163967,343.91881630551063,37.24261134049556,128.815187512494,763.744523659817,126.8174838241004,480.5985793310124,651.0440319282823,140.58880745339297,387.0710559898113,460.82672436503316,304.3150889855803,1005.0258790979701
1188.7282979760746,446.3914500178553,514.5126554847975,243.8435672387562,403.51549776984297,4.102796010863662,349.1897774295257,628.0954656898709,308.1104882641704,32.81060017749379,154.76606035352683,683.9940278751118,136.52330826102602,194.45434797166743,409.1346073713325,182.595132648374,320.858562595047,503.60895029733666,308.0782642494351,826.5173283936598
816.008971515456,314.3106880984754,408.9222818699402,195.70454068505032,492.0552733348966,4.677580868827932,366.7299794676099,758.9482218350273,533.9378736439972,33.056589066713066,125.05870922460531,588.0163606611734,124.52807941712462,521.9630736357954,523.5709779335826,144.64632780293357,452.16325475840165,499.6538965844551,236.54229341300274,949.7189895475965
1196.1248067210822,276.6577714233391,376.5072239530544,221.24316419889857,387.2731770305837,4.474972792774742,436.7178138546686,512.0003317532388,475.2092849452721,36.82928676772714,187.25169555383792,704.955522865381,123.96012631366465,383.87389131723694,404.9943524932519,191.09573101585747,436.37085970644586,489.87137769382304,241.50409057006638,950.1057179784984
850.7129817938621,275.5059072015927,466.04504989950624,177.14452309972202,323.89658857389895,6.436005497256313,426.3149240934143,621.879464689194,564.8923953988245,27.20518109124687,147.85576371145066,546.2923014329583,152.197114801851,418.3804719389715,527.3113351727745,184.59106325353974,336.6361937430588,494.60027557578843,285.39561262668553,687.0424322294834
997.3880213233191,468.87958645358873,536.289324887518,235.51411583766094,375.79426584496144,5.634233475375067,454.520848339967,618.5453413748495,478.38636309200115,33.48544074709715,110.22139329417806,584.4374327705772,110.23165443978786,397.8524899975594,474.33207168187835,183.37358660752227,349.58049820485445,526.0408827424199,257.08589531424326,978.3363562675847
756.6503935244134,502.7958346185236,499.8365438769869,216.175930092481,312.87589442097556,6.048790607466179,474.5658397998688,603.5164469352746,456.4152121816278,36.65357554985793,166.22257622115424,622.3481295919596,125.60669381326666,558.6229872737722,440.13973609998834,191.93910657697907,348.36428680980293,438.3071983923089,275.3159056305073,1200.7968053510572
1078.4271546374287,454.71883746576685,382.462807772664,174.4223471050219,312.4894171045474,5.319224500044417,316.56954376372755,635.9020695982625,357.4127919557634,30.56426973899302,161.355285030108,647.0904271732131,133.20457155241067,467.2985889198986,454.37109342473656,202.7561036246776,372.0262504309979,468.15350654153383,346.2104928362033,850.3632394676251
1083.8141939571183,354.9937911716039,430.61140126544814,304.2534992047012,405.5512206083123,4.469586731776693,442.23250474152815,861.7819865772487,604.7426352486128,38.98893100424748,149.77671254516292,615.3277679092595,176.97016474660697,463.0652985963461,690.4149179899181,187.02501241156682,354.64445794437887,402.77426648298973,384.206781789802,847.4599163214988
948.3631005726223,459.9364388663479,362.5417280940766,168.28446194364122,374.89599311375247,6.989541367632852,367.0132711722017,722.1544368684755,433.8526286829318,37.9061822723448,152.29887249026817,635.9219035162348,172.09793915510892,452.4797271661363,381.5914689598155,165.04632750238758,406.4167039100758,447.69159682283845,329.0217889185124,833.8367018269788
946.796669885789,458.43796091618196,320.7181501292775,225.76804121950403,379.14864674706337,5.528955251560973,482.51462305349435,465.8583659459026,524.9201702998973,29.416903170601493,199.16332867896287,498.0715547812555,194.3399429687746,435.4883142524469,301.0890373879738,202.1636069248894,328.44303881332576,495.0238786237045,296.08941075295894,595.2811158068042
858.2082700574326,405.9435658766437,458.76304655608914,212.07638144393889,371.2671659901966,4.099163516190294,327.8620061057611,434.90059074016096,562.3207623020317,46.73013911335087,116.16207063116711,595.0789747872668,136.35777345617976,350.5915911109727,427.6121119953512,176.26905528665537,343.3474328455102,416.97052060222774,277.3891255082998,1092.6212300940683
942.93935689294,362.1665127830901,311.9260161972479,267.16897780457134,460.1552389452437,5.586135748664585,531.7601927683663,731.5336509682373,489.2385574934062,48.277610849438126,103.51585073820371,574.94804122999,132.65792418366038,411.6377551831776,625.922516721886,139.07102794972735,383.63038150958215,468.4293863972538,225.87953009752977,732.1402002942191
1128.7971725002972,348.5924703790523,275.68890806972695,217.65053537783692,329.16943068940566,4.621259664894804,479.18223127769625,624.8203338086597,594.291620876465,38.0170991908709,193.90428305411754,679.0121575890862,127.39818579120345,484.8808824979278,549.0919054775868,201.12752507264412,308.55885357943697,549.0645790961424,314.3299125590887,695.4504306642011
990.3600371491272,424.8873516252574,337.69840689178875,261.1063722213341,426.7209430304246,3.4603857991429834,312.14572095402673,652.6835324080035,339.4098115996428,37.620546084270785,124.66583688652521,940.3909874030476,140.32527411643775,460.34423893929215,681.9739785062,177.9000472390751,262.7088476256574,439.4227689080455,281.64820918028977,782.9262520275773
1200.640158044118,388.13326254226865,423.4828878803423,221.52158738828246,349.63072077442683,4.947994301880225,365.7129455859719,471.76173260360827,667.0168581489772,39.48140766331145,171.1250797551883,484.059963613478,106.72830464145211,387.24100572127475,666.4333418452829,173.18362084971517,306.02434664466693,450.11012416751026,321.5380253520062,1025.2496960017588
1094.7935230077474,337.81845847904805,534.0825023506727,214.55859985839047,420.66010246273595,4.68518165440714,356.2091097921581,702.9346963521854,686.6996597901006,36.84562352299775,184.48267888457875,434.9855501012918,137.86175387277902,424.3328727607788,507.42782004212677,146.45539132968963,332.78973459898367,390.70927974028933,374.26597352700145,704.8896273421126
1057.6132750255865,280.1426688388136,449.18601779108116,315.4252553794239,226.8191918339079,4.353496072119675,204.28984157274778,482.99406563748727,483.2914989820354,44.34301038098147,116.75530182962308,585.9468309005985,161.82951159190134,243.65085436365663,509.2959810993423,181.14051347286346,381.9162167022396,361.1612470487074,208.82853758943054,823.6923208898166
997.2750755443951,371.4196041985456,398.56663251825785,265.11599223936986,449.05991581331534,4.75724571087268,425.70468451745086,435.4697618674296,329.09089920848794,45.23176887770835,168.34782842533264,472.73498980190925,126.92799344766274,486.88660812107923,643.0909920372553,151.04488189173426,372.8827614032607,507.9703239428554,227.38737495605585,874.551472280949
878.4704748886139,327.1980318956107,439.4639077779923,252.88885740119562,381.4699715239411,5.60830716168024,395.7444139036658,587.4274664295184,452.7358025738177,34.51669976347203,141.62726717814365,632.0489369324124,145.011854454263,396.35236831058296,554.5549654217073,119.86537410991693,351.4905887162239,316.65912878269853,285.6855278791763,1159.0688489137644
812.3165234046177,387.2012244968869,302.1719941935288,241.94711409957037,215.84874239336267,3.6679189147802367,287.4557303265966,742.8890603176798,299.425969007528,34.05600783457633,109.85707800001197,845.6285682767387,137.60830160772252,349.5769038735244,556.63383016925,174.21071375235863,337.5751081145877,538.784346179454,356.99342685278907,980.6458947093154
1202.0696335531659,410.62064121438823,346.8826572591382,186.91340801956846,389.25853502136704,6.478333614998984,450.66772927793346,579.2987661483977,498.93941346836414,37.35823820638678,167.9493037017443,725.6872303811842,143.78631704815376,496.74161327646857,366.08865970724173,147.8346154885072,392.5061566471198,579.1615527010952,320.60740664929364,556.0476923159156
1109.4650563862435,417.12757925998665,355.21473638813507,184.58653619831688,346.23603350594897,4.823007349447216,498.1667202249717,719.3550446369878,573.5450061234417,27.57681326001191,161.62798086514272,355.2170218664416,112.34308135122411,278.25008967231406,597.3290303871029,217.12923323615837,410.21196988276523,340.7395647000234,247.62104846993606,937.8013552499243
985.8580141894331,320.87660822234767,366.50771930992926,302.68436943399524,336.6352202625174,4.866305219785222,449.7604630387678,479.23962022114875,457.46942573878835,39.62267579704378,150.7597048871082,603.8217246236742,102.38851375206065,292.3305616719279,508.25146595285315,230.5961892361385,379.74270037409923,626.3398006541285,266.4548617595971,838.8397368193775
1021.865159636053,278.1946186096615,451.16743282104756,282.29518095734244,293.5037303655593,5.156178750728598,357.66102185442236,589.8338686954509,512.6350375995386,37.959185459240494,108.17194163165664,870.2598648730064,169.2646439032431,446.3111791957453,443.4666166225714,125.05164539842185,276.12413791974257,498.7767653104984,291.45353703931744,1110.8556766124802
1228.160865772019,340.57110950114884,428.8037037622577,170.1967045202606,310.4334280393497,4.9656941129103505,323.02600510597,558.5106503652967,625.7908314004361,47.224199730802695,132.43997325321612,811.8141025623411,152.15412814214707,403.48794037590625,413.29451745694274,205.64767220594365,352.11328172561025,313.0640467149582,325.04722198457847,1054.962366179394
980.9775883065562,330.7062650108181,359.8489952733277,174.05679990727486,430.153809584889,4.465840404559652,384.7183068307267,571.2668031899678,328.4422455721797,29.61623088135204,114.65525150391775,778.7490905181387,118.45996345677818,394.20143838186715,567.9354686330994,172.4423897500926,337.3608971106286,518.8853111943412,237.06496841698092,839.2216649277038
1172.4868405880818,412.09500018582304,430.58801272919027,208.0571359372957,417.0504209174359,5.54803129824404,475.39524540105225,628.2605146308096,554.7869854045059,41.84699722454134,159.40341152337515,650.4631065136015,164.57854208229546,413.3917947608343,331.5800473721157,146.28430218753635,296.56702422920927,454.30274603216947,300.4461407414588,1008.3707225322906
1012.7666101042234,335.69017590167016,417.9257765955503,161.1892191104704,355.2070081532251,5.462108351351551,451.1777768545383,535.222824750567,526.4642459619934,34.629139187234124,93.5787319329871,591.9419248362185,109.25639783600128,430.0495987388361,500.2582583097261,159.69317921026067,351.4009825056347,297.3603921845119,241.76923345878254,1139.1365388872182
1097.194542533092,461.7004458652391,474.947986264037,264.39923876298224,363.88609598258375,4.502118202526378,466.2396407418657,610.9561934113709,473.32368908110203,35.89511898899755,175.2422557230592,568.0898821976338,92.00543960082038,378.2102193356999,493.80776033837105,175.73180164155764,509.22505286872865,523.5302457403254,270.68959211611826,1119.8399078125453
937.4174212401822,397.00488317360106,449.00180999948725,258.26240058029293,351.0384601560081,3.5009775548382978,353.113915551902,681.5926704432231,652.4281202108712,35.21036034896076,158.27680528569678,469.6998431749538,170.28142928389357,409.2153051663803,659.5805904406798,141.28669678621517,324.9605248935713,346.5566871167309,297.17905386871547,978.2341893228647
620.6568550310704,274.96668143127783,425.0234640203638,211.25955450448768,308.994247528265,3.300635134605016,400.2531464816882,682.923258619694,499.88733858328294,25.535929173715353,140.92784314969188,524.5523087772466,202.92902051845255,420.3304061032967,532.3428909509261,150.9594875369347,460.5243122107872,534.6855941860579,334.68632506925746,815.1715269194033
1057.0347114656297,404.112034595204,415.4021080148226,273.24416984658325,419.67551046832864,5.783315998256027,436.84470194798354,657.2890721735007,640.8795928798793,36.1549823154762,195.42718965423646,798.857848624831,139.41563415172763,457.9151893302837,537.167935318443,175.82732579477533,423.46166323044685,411.0338542281033,289.64802014795043,977.487477525278
759.8191863760801,267.37879896192385,387.85516575296083,236.0424250344172,343.7466274850051,5.486958455070498,316.4708145280978,462.80211269561096,475.05360040132854,30.793176019657487,193.177460504878,771.363461295708,157.00349543470136,546.6682724389888,597.8384665573401,166.8886026955715,366.4607533912221,414.5468022897702,222.28909938886696,960.5478041119684
942.4075449809475,350.6667265406008,397.6805441413453,180.60435409915613,481.36143069000195,4.421309379807347,464.37975922278923,410.4453779362277,395.7421409320303,36.28470743042508,123.86749696835152,648.9980570772177,129.80608170071915,409.04751916150843,522.2105830143087,164.41905840229373,322.3742390124164,413.8934561515083,290.51036706084847,1122.1255023992978
713.9229984795724,361.0094650672785,462.0717722620663,185.03695472020974,422.8756144460266,5.86388124212528,406.18044331152214,727.388143725633,351.5794256153215,44.91064307892137,167.78022105575292,669.0867402589149,94.74192848208018,393.0104229045688,499.580004100753,145.09582542751917,463.145760346919,395.05455790902704,263.36275533529454,818.9071818492114
907.4267660925462,374.0547859813105,497.8209647700773,270.4462759966568,344.7079792414809,4.088186776341487,391.6196592947859,600.1572348529943,568.2008985869984,34.82529683440109,161.24277900557516,670.7556888659395,129.74372128002327,424.149185074544,524.1968712947054,178.34718941317928,352.6169089663627,512.164756618773,298.897446845434,1034.4752503912289
762.054518413831,294.93563213207824,413.23071299935384,272.6292979559494,324.61476041578436,4.5299780448703615,405.14623453254626,432.54529182524436,514.3124331941938,32.18723378704409,160.8110690699141,815.3382571877967,154.76659707039215,502.6413880613216,400.4892617875465,147.5611544643298,386.0159691027896,405.1927899034071,319.99608854434916,871.0123982492269
666.3377681818465,356.1840209706492,376.50722985202776,279.766521986842,310.71500672092964,5.038228979345022,503.05499585397104,541.6092396862481,450.2519252876644,40.87261022192294,186.90426004292365,667.8548927248852,108.35869210957571,458.9406740204551,462.0592494443723,164.90064254975846,389.499172814879,397.78605878108607,214.2193946478822,1240.480600386134
1169.9581787754037,297.9236689029208,364.084935879453,314.3753784460309,324.2778295305243,5.011851288446281,446.6226081431268,642.3658050076325,411.5783480745198,32.40170148937384,196.1250012850443,767.1173658393136,97.96960275655877,360.575205312183,487.81520042643706,184.7999872158095,383.7224174921492,544.512642599366,321.3697620007351,1234.0261214650698
775.0744435929812,365.0500962946242,398.7393286681861,210.15874203355744,385.4114376839727,4.33350215457848,380.14324865418513,489.92109865007274,355.2203676663608,36.44020800086929,147.52653680463246,790.2435457020415,157.1718461358587,343.3610328568278,426.7191515025161,165.26860683129354,429.13236894143375,350.77401918288626,277.05465004978964,913.7334612511173
1082.7427089999526,395.00776449357465,601.2256784102453,176.24049036442895,372.5432473933014,5.580546265661878,426.6665304526742,341.04237476419854,623.1616438532753,36.29477973079766,136.08580799620117,723.5228616762101,120.02506674456495,395.69264914323594,637.9957812536783,198.30115614515069,461.5650060210434,681.0343041946554,338.20159897327676,896.4303959263715
823.8141252309215,417.57452383293554,410.7751836157799,216.33237845919464,383.080311221987,3.693415699703195,460.48699808904695,649.5154765708445,449.32439165998073,39.32898464747063,101.09179018879334,620.8083358150435,165.9733817216041,400.45008148380805,570.7667910189184,155.37172221940727,386.6508019679066,302.8938067193268,288.84209991432056,1029.2457074220388
952.346082967084,451.4174356100931,396.840182948651,199.64864071918038,392.4804000790458,4.855284123127134,416.1509005648632,625.6565579374302,479.4503015206858,42.213939172434344,158.1046586216858,624.9102810687888,200.6708332619512,432.1388861984311,496.11459999295477,130.36613517206814,297.5568453862627,500.74667513012315,333.76014816715536,1086.42175127732
1153.8963742614474,370.86670717073133,482.4871883211493,231.5848667215601,356.78204315724145,3.098306698635527,373.6616128954779,675.6739203916468,534.3524573337787,37.24490509295451,157.91263953732891,639.5388505832304,148.60645501174992,461.80504587608317,637.3906473249461,142.61100857299883,344.52780686154506,422.42380189805607,309.1406744440021,911.2644871843161
757.1049735826826,289.63181595479915,477.43375612881874,249.00333224494918,425.0693802127477,5.347927728383999,468.94300190670936,572.2420960966618,706.7284918482318,43.16799647575375,120.6955715721501,711.2451072088693,134.47470911929764,440.74770848659375,473.2754419746021,156.03744925037637,412.34276166966265,477.302209225139,301.71393254101366,957.8332806230144
1169.4410373713715,387.47359561358303,432.785388217852,233.48110486222853,385.9830750757983,5.158987702631881,425.269963539557,662.8307932636638,353.3355637706642,27.900911166296872,145.67655319606092,881.2343347422157,166.09553065676326,368.5927419358151,471.2152459023969,109.85609367769504,280.0872598507607,442.39523089274246,245.33348150489604,1046.5990366882993
1062.4638232786647,355.94442526636874,520.7587980352444,239.99848980683018,456.3678380014416,6.081190688588335,338.9291238627994,541.9621189176858,558.2413466144912,37.21561189947697,163.08586240987188,705.4874232053392,128.82178227215985,427.72847474357104,482.07021534545663,160.0312361174315,373.15633267233324,589.5302730494082,296.2768816611961,850.6960542673066
905.6967818285056,302.57616079246424,193.32455082476994,216.9789778228488,417.567412499704,4.709646228181088,439.2881094643239,674.9302937406062,409.7514946798851,36.43587118081668,146.660435057204,574.3628316833169,122.03145762771776,415.29487875927504,489.5284275124701,202.0984754986615,305.20446070316075,519.70831888118,342.20153175117656,809.6350696760373
1037.9268163606166,227.60525166588175,402.79950773778273,262.2315773309116,400.7073120147047,4.1273774599435455,434.25265474134983,605.8428798551535,405.46817527993034,44.99081328420352,143.01318691274292,916.1126749031229,99.19793644708807,260.2597294731986,481.4669692183223,174.79365181470018,366.80258173508247,632.5556909247599,381.3140189346587,1031.6271787372793
787.5502297170738,373.16737948436867,385.8273573299638,181.22744576742423,368.57147894054725,6.160966161238234,369.2357967786384,643.5786441153756,516.8471012078293,32.29183327509442,115.21240283128512,607.8210838162742,162.99895379245902,330.73701877291114,531.8544870606157,157.68909536181022,374.776337703792,377.0183188250412,324.8218761670997,1059.7255365378169
743.5387925844085,312.8613826513465,417.68967558466545,233.83917634685557,283.06199849978145,3.227207172020724,350.3565623516182,574.8079166184173,551.2193620339594,29.026741609703457,140.25306492655614,388.73429859076555,127.39006125995554,388.2565814721097,571.9741688155369,137.63430044258394,291.87953561988274,449.85434982469303,299.8063237318882,824.1595178331257
1183.0063211337986,458.6734975635144,348.65270115760995,189.85335168772707,347.44062657686254,5.2810343646445475,364.60335125802305,592.3117377367296,485.89154140737577,34.63274526581267,173.2216616824948,502.5358233996569,104.46934420478365,406.36066416094144,539.6898771536513,130.7184615878013,396.4202767322799,320.2765557349197,391.54442119766793,479.0674312507988
1041.4615177222859,317.6412179766656,513.8887732484266,299.2223339288134,429.6365866573155,4.346342069756938,387.28211008823206,684.3050060747248,416.15039312668534,37.41823501500713,151.27985763877678,907.5854027355515,126.67988832122829,443.22788994724203,507.36986886382084,138.63181992815132,284.3532953189593,481.1168547489751,317.4289976235441,552.3067840785538
889.2572948638215,261.13446944247266,333.2355474328784,190.2419179455085,452.03124106797867,7.0352348382647225,366.87687852535026,759.3790772617283,440.10268658430175,43.53309173662263,155.2670597632702,427.4492038353955,141.8185399820187,332.1413239633416,547.8004454344187,133.65307020058282,304.1241942131044,513.1625559725309,333.20676254648424,952.0404063940217
837.6923957040781,432.705289273925,463.20933052154624,123.30003943931892,286.442307787672,5.073755723134818,460.0399566862649,522.0785191442009,654.8258150931945,41.60530067362082,189.46562404638797,806.3850033922153,185.23000421454628,351.4753315314874,577.9166826146804,165.26429988958313,326.22924096184,587.6641540089578,262.662102170393,952.5417613482609
837.4685107202783,454.61084818043804,515.0833989751075,304.8987475828345,467.95921895880326,5.009597835630036,414.14195269266037,579.1920505417851,388.4101461243639,39.16001196012458,158.70547885466567,496.8325291557113,145.3417493324913,423.2069654360779,461.84839316297536,164.34127246419038,351.6898780053073,449.5287962902206,181.6235443453632,1053.78080752197
1067.638747295467,342.5970351715841,467.1698839583872,159.75942088249383,423.77887036307226,4.9411788438592446,366.9221636179336,647.1611124133701,335.1988654375052,29.690439947374056,196.13762581718686,548.2725862366357,150.36599316903113,335.333070783616,434.5127727055627,143.59878572307707,349.639777419378,409.6324492228906,315.73823150530427,600.609358302876
766.9787618109971,294.8212131991794,486.35799919835745,233.74212554706287,438.5017710049546,6.019279998155872,272.958493378068,540.7796121043602,585.061120667356,28.351315484930055,145.49591713440995,529.5680676463871,146.17414435388508,431.8549094829769,486.45097339474034,197.7254744600249,382.7973204310892,526.2471463977571,280.68323732128215,905.849680886105
696.8840383437912,457.8807669630169,368.21433362681955,182.45032755458914,295.10581145481024,4.10650416969437,380.35954427768553,640.3298414322499,487.6868165909869,49.52328559217579,144.2950309425477,896.7959910616048,169.40291817634852,551.7136046534827,489.7947721443399,220.12300097822072,371.60435051809,403.9714808398494,393.57777722693623,1051.041144260967
921.4373274405735,359.19475948073904,240.1722633543355,233.46932940887945,322.03671379848026,5.499739239639009,427.5067678595318,482.6806930831531,314.4844144370315,33.09321463803769,155.09959010386342,429.3189364725275,99.93806692703836,394.56698086539205,550.9613770089195,103.78578890238735,255.7270500690961,565.5984154528857,414.50417601631483,1080.179976203564
971.9683528863707,341.27772642759186,264.0390116504279,125.18724977102777,388.22911513873447,5.189657001977295,415.83705000367576,555.1774628326789,368.63801045081084,39.46939446487784,150.60962287447998,661.1606309610444,170.58158675688384,396.4333898080281,584.8579399065098,164.39984134505514,329.2186272158167,453.20858127560444,361.35988367860773,740.6661388644319
1085.6074713696903,523.8843711429971,320.4850850465982,228.66000178012175,447.02925334478897,5.309329058614713,462.31820028622155,544.4083887693256,557.3324036510946,45.381365154436224,184.06144815511828,466.86877244119717,149.8269125214866,397.81346708231536,585.0908983397546,149.40081850798168,261.82777818588,549.9383206721857,240.8060417284516,676.6237913415728
993.8839310234612,336.7268619854452,410.01087495701705,236.72558030042688,368.5526127227399,3.94719041220989,373.5249325041212,824.0212303531239,405.85806975060206,47.31926525584229,126.47025464445139,668.8259346711446,138.84380826555727,474.4645317991401,450.1486689930994,191.0816187996756,446.5807711310106,399.33935156764585,312.9779356526711,788.2141476083195
692.0349937747615,292.25490300783605,385.1236808870397,231.70323252023437,324.1688763095419,5.721709705725138,396.63299210511417,656.7873019565621,508.7173689738552,28.86326749866232,110.92844336900387,618.7876656398917,132.2438105360223,345.50648932973854,501.8060551507943,163.5973900696634,312.2923784007109,378.2987171716041,272.47180676996055,763.564763170642
883.493813145518,225.43332229516173,460.2196543569775,264.7374908804768,377.2425876245866,5.3207711125652715,338.11028414312597,625.7533136686008,428.09993817627327,31.774404564467304,111.91342915030609,588.8667740586909,154.72470181492784,315.4451700148402,470.5429739959038,168.17061539186318,403.1022490471762,594.3311650558186,283.2356961915922,915.2318748481287
1203.994822654906,399.574429052696,566.7358962386763,273.32071710683766,340.5810669345842,5.3777894283161,385.1539176621895,705.7092226154548,659.7867642827501,25.44645886346286,149.30982764289487,684.8675609031184,165.1536783095396,407.8114270315276,483.5807882107733,188.73577299584608,236.89970401278714,497.85084017787415,249.57396443987886,1085.46352218101
1158.950572378631,319.09394113714285,458.80765131493234,263.6610794284165,425.0246117158795,3.8516939814143565,269.88329062803325,891.2954085936451,457.0617795015719,27.934093760517484,175.689686042458,573.1384968758503,157.92681912117473,433.9660258237906,635.6681034970395,180.2828331550787,351.2763949355379,525.5605477809847,298.5592356095889,729.6589532097369
1187.2680668277183,526.8732661569795,535.8634395676004,199.85888946373564,390.9159753656255,5.368046967082781,336.34350078964394,545.5952863492647,523.7711534474137,34.69188078289831,126.07853273825884,589.5864476827153,167.78802799237724,394.2832736499545,346.74669760527775,71.63567133468122,327.73850355678917,635.8705609769615,327.6074155880071,995.4316157559934
1322.3925123739127,328.59702936185624,366.2124906042669,279.9972821051129,442.888132157515,5.0870089282981645,450.1237607329462,744.8123419905025,480.3884330683359,38.50511314080983,152.813958614645,768.7514337536516,90.27089255623878,289.2909473891514,579.5230175319155,229.27297212519727,319.7657932178379,391.5239814039429,253.94130602011302,914.0181566765754
813.7510822530019,351.9920626378895,546.1455655374396,205.90895560047394,385.35886925520543,4.094665578122353,549.992997295172,681.4685761143913,571.8662087898008,43.36660964481578,197.14705638484315,690.9580133753541,147.8806340173755,486.159539845208,447.58725209162424,134.2379297018413,330.9839676730833,636.0916047215034,236.22642249230398,752.0749284912517
820.6512039699297,456.4930578258803,471.5490051721478,228.96955522343566,369.9959513487693,4.371725940786032,414.9634550537078,724.3125032321118,493.95913643495567,44.927294115657084,227.00609421537806,703.1754116713864,118.98174640145304,446.2753936176671,629.2257373663704,217.61097208896788,351.7208351159344,378.4306636988666,236.89353566631476,896.068990229121
1049.3297701177694,326.71700456482023,413.4384240769994,224.68678378574515,381.4950709885894,5.704223536324249,458.1903739087562,653.9375380747938,420.72414122140265,43.19121995748651,119.86299909669019,694.1041869324148,113.80058002167556,306.6497592834917,556.0873037915372,165.17036232464207,313.624333486464,527.673927697404,235.6827690479673,724.9066781881905
1079.9192817015257,311.1498156896791,445.40413095648023,276.15833617444474,463.60316233400323,4.154048211454357,479.78406548033524,654.3632343045668,554.5833534537875,40.12164114686082,180.13973585577327,626.6388066395949,65.07461250337816,403.23387516569716,387.6099242162807,183.47110577621373,469.382202478718,474.74425552843707,316.10461290529474,689.4854368982848
856.2329492594852,397.4200291339782,401.9911282082962,225.94683048434828,420.64066168378474,5.302388701100741,410.6360904710585,437.84365349962394,446.11094858542435,33.5424537692039,97.42999191310378,682.9855306751081,136.87053610274202,486.4824162289812,335.3909505204992,167.22052870874995,313.0814160074166,588.9485494444991,305.90575080283577,594.0880656570082
835.636576943742,322.649776143474,473.2260576413628,199.40854390050413,321.1033027416129,5.048843005112162,362.57527618458477,618.0096315926592,384.111200960863,37.64500439031276,174.23440892391602,616.7878483938189,123.84787322985815,316.85076627489514,541.3350325674272,145.94419228617068,348.23222067013836,418.66572315475486,248.61138617317545,763.7551078134146
916.9472585292555,383.6361628270103,443.3474944002772,174.96512786433638,333.5537046348516,6.911030066156959,373.82205465123457,713.5824523828004,419.60680717331417,40.300284739047385,124.55680079046442,676.9682675207031,162.63228077194097,434.5501098671002,471.59388208797736,190.21227710002344,308.30012714260744,454.69471966352086,276.0473747864812,1188.3293025145642
916.7245012305339,258.80038037636905,367.1907076428353,338.6557679294261,464.30061787430907,6.666210609825502,465.604524390757,755.7777267312221,496.02646799808844,22.30832881285763,174.24029859176744,726.3280139429131,120.88524807950012,265.1040292139447,554.8787545774555,132.09024638931356,387.58791046292174,396.360896438242,342.77362222891213,918.9947718329637
984.083412740323,273.19649723152367,422.74116714927067,210.967260023555,432.9516116106184,4.089594417572901,415.5919359590879,458.00838027745476,396.55710600231,27.772317335592817,147.67805589362894,656.7968859105855,96.94779271629506,374.3611144902011,344.06453655919836,150.24486977576905,354.286603652765,561.0146197800418,199.50451763089285,842.4890457008919
1046.086008520002,493.17188823599054,462.37412606753537,281.3528947562247,431.20681613645525,4.284770200945412,411.65904868819854,587.8475594794459,437.14492875772396,48.624114606586474,122.44126132050569,624.8346243137638,110.38922380831534,450.6383434494619,694.5943851564089,144.6452481990504,329.2501754859856,445.5923677456515,188.21629825505937,862.6974853680698
962.4117174862669,305.6937847029353,305.5627839069063,237.28752268011357,369.32299196190667,4.782794521286233,342.1603890166997,683.1905075571867,463.09969445152484,25.94970794829463,141.45127067279466,696.0593898433619,137.9467743855754,481.28275965993225,209.5282390214996,146.7969229437934,490.962364447538,334.2079854790155,234.54936936367187,665.3093666395725
1045.489182484464,396.88666158004014,276.10413318918063,176.134132589804,367.994756552739,5.527921787238299,423.2344215008133,561.9566812265185,462.0070842961125,40.3033869537052,144.26891691876182,689.1684188940152,163.17903187247623,308.6655134893264,449.1432843789081,146.4512694257055,436.0019697148147,550.6489030407089,330.0288391745069,853.4719861140255
629.7638453294577,215.89425193034396,264.56763342875195,234.58396531223946,364.84720931395987,5.3294207075770315,346.4830543657559,841.0530430957618,625.448679037894,35.63351388757341,151.56760036072464,834.8646405999898,138.77588707482917,427.8369937557879,386.70894396478917,199.1689112418589,426.01979691773136,632.8820772691843,279.043366608065,1001.8182814714987
1280.5338452794344,249.11078094500664,413.21362982934727,204.48802627860707,283.39721841420373,5.55768121138626,450.38428892260396,831.5454878251159,573.2709891125774,34.564585973862634,158.11461882502016,697.7679087143171,137.2750792418799,453.6885954151807,548.8258814795267,169.79796495483427,233.78800693856658,510.9713281421789,357.9330395806212,1127.0896907341908
963.1278430342602,389.784688796893,482.52951769183215,278.698503543657,292.99308363245484,5.944450625749464,432.4674934950584,508.50446163861284,375.5434533633727,40.16360880020822,107.92242287816777,884.0705947297035,116.63531156685457,366.2432606164339,530.6778174670277,167.3953703985339,492.22342921742586,546.4342000533005,287.6839968201051,1078.37558964933
844.3795868482277,342.6801658677935,446.1634062989093,231.19059462711743,274.43131666374245,4.91875787711025,461.4853741261711,522.4200767652927,541.8043690766312,34.94827247975848,179.70862037740488,701.8606747537347,126.85378547383833,350.2318456331235,434.10509656741226,134.05387301749073,333.2812055306185,381.38522581309155,167.71186817550287,659.9289740857677
827.6117011920421,417.39596806007864,461.18544246081046,291.81941610403817,392.6138611713804,5.568176703974913,458.68402147496033,644.6347762485082,393.897172047569,40.22224930105233,107.27209251126126,629.4099591250394,177.42377139489838,455.06207469850057,469.60293471545117,187.3606414345111,354.9416343196165,419.0704747852346,369.6817257492504,1019.9342728110483
1167.1451811706484,425.19566865472257,377.98653430639024,242.77741967751032,304.76506309438497,5.58987502477265,466.7644202930612,586.6457955991459,617.5637876740215,30.624846985961977,101.46813481830594,669.103774748777,147.0577618374478,409.85628346235285,538.7257281829737,126.66132820792606,376.97949105964574,451.24958840166755,239.5072312309541,722.5946210045087
891.7249996276728,380.9575860621632,364.5020871981634,315.84567205312356,296.7462811832532,5.083836186299215,541.028677738552,634.9788876356245,331.66448795075684,43.83902844760007,147.4549203208265,501.50042170696065,119.21248502152639,559.7047109068881,461.1402255800078,198.5498491252292,261.37868514248544,626.2153890167779,438.34296955079407,1032.0192677311488
634.5440150354957,346.4403872644542,190.06449964988178,204.26160994162527,266.7918731129418,6.7284943938484885,280.6540619059274,957.5629365593995,425.8881669362515,36.061363418343575,143.33636847349814,611.168688610915,177.69861928997813,454.79314011530687,427.17963979960837,173.80767506377944,392.7190807940873,539.2920625006709,327.20244733262945,1064.8487869663008
1105.7114734593315,334.98728864561224,412.18263166297504,187.0070939549251,467.64940729078154,3.730227107437626,363.16041086960934,710.5415622464258,561.1504745855043,41.33435543174657,149.22035617197452,764.5548979110326,131.939544463019,382.1720974401508,535.1199795828666,147.55870601056364,340.49625181327616,491.8002655211676,197.7946289430057,1131.0942636079044
1139.666903482009,400.68734271777845,392.05479962111104,238.23560517991191,396.8105522736833,5.098892500461858,442.0863144348003,688.0737635423341,373.273160421211,35.374400961159054,159.20035201569956,784.5924380016103,158.50220974838365,454.6340276057239,450.817968962446,192.0867094979184,303.8003518033188,539.4306008788351,317.21325009644363,1077.0377636304909
966.508686757668,416.7256519601702,382.0136775711767,265.89662385180947,266.0944532964075,4.246393908089068,471.6029248358213,610.3651033211203,519.802943045446,44.406604605292664,140.02668437227328,654.251467277292,159.77599158533212,325.62046560765646,492.80810847513584,235.00163333888656,259.11027099384125,500.17743001086905,365.77946924618334,1036.26694308677
1199.7298476483186,363.94658619780677,486.7230043366196,167.37339649396353,345.0358237434942,4.58544669511289,280.80067936988047,523.3577979167003,436.7866109575486,38.04533714382304,176.55054107133972,655.3533028523292,151.43976082192563,275.23454337874705,621.7876397602907,134.2058582318895,329.6877864458279,377.57045577019886,283.84543045404894,679.7272108177297
1097.348548719308,375.11491440232044,450.2038023507265,292.36023345114234,434.39670304817065,6.164954214446556,400.31858492001487,435.42415246715416,527.3175520031921,53.50370135207163,102.43608088360978,526.6781209242649,118.95884925490464,373.95326754271053,555.8590086541004,115.03476114612968,298.15453845101536,339.6118001418122,355.2202292001533,1025.262873942679
961.7234209549938,494.7289486836592,401.84171537744226,233.5735259562354,262.50213400291125,3.904792525556852,439.4426470383806,573.9999276631081,675.9035109409458,32.40455605770285,169.12627105254018,571.9575702997672,168.4895803748692,395.63434509135124,372.97822307093145,168.03230372873253,318.985649253901,441.03610126099124,269.3050413419474,881.4917625456775
745.6253814796895,339.2305442018476,370.7964090248939,253.40057204126103,353.0483984369114,2.717428222173382,388.37686734248445,770.7952111455934,384.1595220112762,38.142719303431164,145.4619351848213,568.5117240772937,112.5115250342178,220.76212243496275,665.0857326257315,163.24406031627797,337.92880610068875,520.3550574311329,296.0033287022898,875.7051387144276
1056.6722595966344,319.8589263512112,430.30415435664236,206.82114430594325,365.4431670716499,5.325693823406977,319.4378318177559,608.7644743437768,550.4892054024392,31.45383839356721,189.35422740247958,576.1142770658923,124.58559689190012,501.7972585799596,566.0222347230474,140.62102036215714,288.4256457731873,570.9579681889691,258.53984605470515,916.3055527938086
860.3041528419345,375.2552025836758,490.7169744302446,210.27992672343703,309.57008474761966,5.114218099347043,363.15649563620343,721.6689835865766,469.1863623684158,43.333580717145146,142.3521217636892,666.4539745990485,146.81679049056413,401.82766049433616,533.6513220435395,167.29843668250032,433.26632531348275,415.76893574804615,307.32036583758793,1037.8522929819605
1074.8250847917418,398.525336180178,427.45112097714326,195.03076661070017,407.8927247494646,5.23215876447189,418.8492779357227,637.4033455689224,512.614773956303,28.18798752019967,127.96209025188138,602.2856981402275,122.14817564289133,345.62879119969404,395.3518836523791,154.44060068040613,367.6903395148845,437.30556617321736,303.03350376404813,1037.196032171661
940.7795089008056,427.10768527784234,337.00261115357307,158.79314581278288,347.1057051529602,2.32479046189696,426.21307583250757,579.0493315649205,399.61299136738,34.329758164668625,165.2631252727295,687.472227364266,120.54476580505033,372.9636435806707,576.4598898731651,173.61311225712112,333.6109664306816,429.0633366977313,355.3776446770734,598.6207957504866
1136.7613547306505,458.815775595501,229.83462895918524,215.12447362135174,276.8420465958561,5.421744309819743,366.34100309840653,578.5254733175245,575.3774667835382,34.242360885301615,147.5103939590431,691.2112869966641,147.4244785557452,533.1723271850391,558.7637257645393,159.56698974338468,516.6339436228827,542.2484586537138,285.97942007864265,673.4111808859668
802.8985920551952,340.81853961435957,428.5527429436818,241.04201184190333,283.3626332162804,6.422480700005301,384.98204400112775,529.7290027353627,702.6208035974224,37.21170953219886,166.34387284217723,662.0537206163775,143.96131302548102,309.7916943540175,513.719354157277,150.56812566170512,496.07190877365895,438.2452255914235,145.09300054849345,1039.775794510081
885.5253090477087,311.124332751987,431.30146389791236,230.97822418978947,455.54358635907937,6.2254373141089,410.87634143407854,555.7029838798321,424.4864099402874,34.79760603124775,123.20285247776994,735.3986035102301,172.7067304548413,459.0666156759247,544.5080138748633,190.84950269181087,410.0733511011604,264.43052046424555,388.5220327791643,1052.5052871798136
873.8585994670264,427.51596901294766,466.5400739130888,168.88199042003632,348.6801616601973,4.826738237630655,535.7521182356944,716.0479481131464,261.28657416182455,27.06060764815689,161.72367936009917,728.6553375993915,146.91053576964057,323.87716368391705,469.0933866227401,154.07748180357808,496.27915088002203,433.7036612244225,387.81093109774724,540.1337605097987
573.5949584105911,280.5771296000152,527.4283184146191,215.1921392143905,525.426120589762,7.219504335609198,364.8337258108349,610.5890765439196,404.9299027099481,32.17469323732547,157.07637623030783,753.6321390788615,138.43559729139338,368.84524390256,616.0868837879693,132.54033644818878,213.08540364136965,513.5673179416987,234.85415253306186,1478.5006119853479
870.2366877392601,393.2795740781698,311.28682700942517,223.87687593716703,381.9537787897527,4.694222655206633,418.00883340080446,498.2406701806907,371.2806865032128,38.66042534238028,151.6884305974861,463.60862688755776,112.7633580283047,536.3311728113941,648.2425267551705,163.7215890193502,380.55512809015323,647.3655746376257,309.2549271422062,1193.3786491952521
964.775998200919,352.9280191537304,348.9670001983719,254.60880102832226,362.2332247631036,4.635920372437544,424.3997759755229,433.4339888251228,430.81037881715116,42.76079383138543,133.59356180890154,763.0907191515033,139.89270722044716,432.1440669245866,647.1477238873999,182.64967291995993,422.7930361205821,462.14348683092237,422.5432202872038,947.493093697692
1065.7870452454306,409.4945994961697,506.3396799298058,262.62924964626967,281.78231335745295,5.511806886052835,362.1692372013604,480.5894088807473,443.25692437631324,49.42097836230162,135.1129472361688,581.1254371005508,144.0728659635098,340.9343566314968,332.9681341198067,191.18383688095264,368.55351360778354,492.7308526027067,233.71856730115562,1005.428236926196
828.4386416567726,299.53231704844575,419.5425881615749,251.61053398254683,304.2494033525001,3.8146265524458354,375.75357834037396,646.1370415414574,492.2112802346496,31.70095106808757,122.25283861186986,513.3134024834342,119.88010355596457,536.2670712145831,601.2790679052378,143.9936444760657,325.57362856459724,373.8052755788728,315.95461864424414,692.006938475934
1079.947384124448,491.13441628177804,453.95947687806995,245.91955138499523,496.3663541791166,7.427831777334646,426.1053158406133,670.7619713551402,611.2486207269706,36.76378179680908,167.45431125688785,569.6467121670134,106.91911097742167,408.81946931020906,480.3467774069249,216.89622514029242,283.25286392901836,428.92233369833536,299.9644803947436,990.6414712044317
870.8826259218024,369.8320311468595,384.21193556459605,251.18193920808923,345.02566369814264,4.761672960102054,216.7266350021898,701.9488678125297,644.7163564991719,35.16685210003595,137.74321926536786,538.785235597875,167.86778527910167,386.9720031840794,527.6628272471876,136.69796246151583,447.9328614073435,456.1799320001912,326.24186817567005,917.7811558725155
1000.2137540131663,394.0754562694408,294.0976585918353,209.34521240835898,273.60017595250224,5.806336281976188,472.5652118022498,498.50071772184833,476.18972952144185,16.00124546118064,158.0920035528862,728.8463705909135,139.91037268541626,333.5792399790257,455.5240431467744,124.06241357458956,464.9107284019278,361.7067604400602,399.36077281575115,874.8603038678586
991.0669692242586,369.1589708129061,366.5239758648777,239.5186971961994,301.7921585280622,5.424302650010972,428.7844074578995,746.1459468280691,504.80350303432976,37.25826749211634,159.87871578879177,830.9352024449382,150.742339560184,302.3342001492477,665.8243613808061,146.6257114755674,287.5846719670634,441.27535884358906,471.98177519914424,1016.7095912070746
1153.718758624991,426.375687830111,380.72431960270205,284.7401635347079,427.0388983308903,3.9720202925892663,540.6481377576532,665.1054006606296,429.21619259891446,33.401779665790215,155.57778790320276,637.6848628650112,139.6698176210486,382.57450667034755,577.1533927400899,149.12982598059693,403.6158827748704,441.28846005382684,372.65442888654525,870.6163488891616
1018.2523712960773,375.93640536457804,240.37288904328233,273.35305471013,354.751243796712,4.275662152746914,480.1255654600477,541.2020861363085,495.92459831873094,42.1601484354369,102.53705094109385,530.4747093144225,104.15463698432714,289.0848011768096,503.7221201357391,222.64404621820097,329.0515225502369,441.30634344068756,294.4689611544867,818.8212256372237
1159.714086847722,431.7638452359985,419.3809881098842,209.7171164067531,333.55921620959884,5.669165034707044,358.11883744407737,651.8791423490874,469.79962746103826,34.40034603355935,184.51447184538898,623.6717295350873,171.0847104831222,408.5263832234404,610.3401117937209,139.4903272632849,463.30094249907796,592.7036567205208,260.90919445613986,1085.6029383911323
1146.092046277596,436.48190161704065,458.69988481041327,192.39310130332686,427.06230399211194,7.091477544140211,474.87387022892176,788.1288500287804,486.34734148229916,39.54533102560053,165.35915985790473,533.3853391222701,140.784927702756,367.5461957834698,630.5476620834534,228.25276544731784,350.69103151363595,598.3621089211517,279.52939500775307,1065.8389965004826
911.885920232996,292.20567478268765,383.05975033490813,279.12691772991906,344.77743569382426,3.9730501541602035,399.8993707104093,568.6476449040704,539.1142613750804,41.0103113276623,180.27770372345043,659.0858053014184,134.3929618144404,392.3138890493299,504.0352923992215,160.06660762679402,450.8561614822512,577.7553036691388,315.5137830170405,859.2267700002469
1016.2303895014527,366.25657334604074,423.3096510277831,200.09238163128893,297.7840764025931,4.613096834518297,370.70414406535775,588.0436453862343,564.2660928698689,28.468790596978117,134.91494267842964,796.815126869836,103.81878565307352,366.4830639534326,466.51098787906,129.75232723658087,391.4846479356649,279.48369274033985,280.7358955159478,999.0257258737436
1069.6189399298,384.63534879026963,351.722252258802,303.9178989447307,434.40029219270286,5.260082258216685,488.007535233528,586.0764658370786,509.2605239108278,48.28210657716001,120.50551122093196,690.8786570323175,156.7419243650261,372.4818987096281,422.77053985291593,154.00611201848386,395.00603271494094,493.7503929956964,297.05247763229335,754.5328094898177
975.0905179411441,420.94461540981507,376.9150079579217,177.12825958913254,326.18531772751624,4.23459319178192,573.1130454369555,762.8717791770588,540.5752336006035,34.225658827322235,167.813673011045,662.3819117646913,162.7590974168335,332.5087427462095,530.4766443198733,175.1852638281314,401.6219067344516,577.0715277899433,227.86191071759532,784.2795525033774
1055.8950751997038,427.03223217913757,401.4868557762961,155.79400434131327,276.35651170789583,4.534454858143391,146.70337522821944,726.7382120555861,409.2165016393898,26.578337333697682,185.67959796052776,473.6723574243125,101.40924670545353,371.16912586699357,587.1512734272783,204.8509394951328,431.1831355729998,470.5145422458662,275.7892548555535,795.8407611335667
948.3722299911341,279.2536023725371,368.65397165169617,204.63994801383762,420.7222659546382,4.444399004253222,427.5368852890587,579.268483117645,445.9740589061633,39.51001838354989,134.87821895908036,624.5265411797752,170.21615659203405,381.49556981659816,526.1962605272756,163.6468398190446,377.76855853725897,458.1008885171025,287.07043052885746,895.3924330074541
1141.9745878960266,361.66582069625747,378.01366224469984,233.55715217960224,375.3919500252726,4.967145073151525,411.76314100457836,759.4592599323917,574.2575433034806,23.003483918650595,192.16274471122142,612.2584101506274,133.56648370429903,416.0512998711651,418.3980922554642,199.04592976665919,341.9558307844168,490.07435244558513,334.8779667537444,1056.5830700950607
952.8171955910195,361.1109217585357,506.6490007154729,162.11825879967665,354.68122541510667,5.000338853119425,339.5965580227871,574.6675826191811,518.3273929769938,43.155997545720695,142.2569058137022,649.8785413501444,143.65217507420672,388.19022941221925,542.6034723360784,185.52199305278307,301.774987529653,407.685549513718,351.7690331263254,998.884273801794
982.8095316918887,393.79270140982885,471.2653387690699,229.51414033386928,461.0161691490321,5.546900566772382,367.53014355235183,596.0039448436642,466.21419443150984,29.62264255024833,163.17689740943413,562.5143289207864,139.6177253278484,380.1866777103991,421.9922009713026,136.3949543344855,321.35249009075125,469.9277587956812,277.1868022099553,1032.7160000350032
1023.842031907997,471.6879402060306,304.71464947648985,298.9252947787533,390.255437403295,5.042454608139759,373.4362642991984,570.3885604246209,597.5569364546192,23.739488792608068,146.97705430278498,707.5682049484337,152.2510950298266,422.4013498928566,407.44493313950403,173.60070902375247,408.1147951851741,661.5552609085897,301.65345859298935,974.0180066325635
1154.0125721789134,349.3407994169919,419.7645724087804,259.5624895283995,515.2225239388896,3.936278795828702,437.953263043619,637.6633553760818,491.50047884013765,35.76917284988446,137.01427020218196,614.6536480578148,141.8509373206439,358.98772207731173,491.2101167506249,173.89417176746403,273.5002033735195,405.09712299918937,328.0825764020909,894.726751215852
1108.2766459952422,388.2568180654579,435.35600398559,290.8572918261823,489.3639476984837,4.75705209622478,372.37188120600877,737.7613430610286,396.7168732016033,36.82813776136312,131.2800590604693,414.9757288054159,113.09790065336509,356.83897635343516,554.6858603399799,167.3293008019184,214.17838332093248,467.2011074257042,221.35993937446761,997.8412463101463
1193.1714448751902,346.8530541994379,420.432723031387,259.3325683664095,448.53347112112243,3.9915542130406987,396.5988481410536,552.8021554079635,465.5994130674054,36.65294214334638,117.69980682814435,659.1926597231698,122.80063033148522,413.5146776820919,519.0435705433815,145.1251128719369,335.4599492508967,387.78065345140107,350.69028191140194,957.6590485502362
942.6123561541698,328.067844356819,452.31775073213026,203.67319633373896,380.138244376633,5.736550052060437,456.2472104394008,753.3071848334478,404.52988662809344,38.13523962585088,94.74070557996632,518.8103020268218,110.51236451095942,435.2075360774619,429.17510685442187,181.02768174288212,366.61458873526857,455.793425659065,318.68963821443697,635.8511224070073
871.7783377185433,337.5378384864552,288.7641368909052,240.61323746361018,329.96832584459224,5.03288663584844,442.06561085218874,534.6184849187375,551.0980032979519,24.1211870366784,195.94663281897164,602.1104342178616,101.57943935099456,244.77994906495144,542.700401261862,162.40618115387394,399.8717079922656,437.83885914993675,260.12028643713626,1210.9369872439406
1116.3607048317338,225.81547415908648,403.9817478183711,182.0951617226845,320.8377435576814,4.001304248714593,362.26027686490227,986.0681370799628,457.00036952140954,43.43911471636083,154.44045116990864,789.0492433319448,99.82259066462416,237.80526263651487,599.7924289148727,166.6597042093926,336.3691436369267,552.2162740391017,263.17898561714424,1135.726012840961
1224.8939201217381,430.27849459125207,456.16651196917576,251.9982410437875,281.1699425398846,5.006164972252177,467.14314205743773,671.3911238704503,386.5090605068995,15.164673912477745,137.30103313595745,578.6520538435939,122.00668325596693,277.18591283111925,413.45631255662,155.2448012744405,302.2151491830484,551.0978194844238,283.11391244411595,890.335366142731
1123.0650229200896,335.529893604424,354.63893021771526,199.47313908021633,333.78865850233086,5.224557589069462,428.1585862937459,681.1419164185797,582.8967530442783,35.34928129295595,106.67076922817347,618.3614636309853,157.85737632759293,451.6986108258275,516.4191782558368,201.36487259992464,375.4117879502589,506.5153579420449,329.0552259172706,895.9204609063519
1247.5118873194076,326.640518053062,352.6168462504535,215.81813114767618,224.11688622069366,5.17294302728201,501.49135583655925,868.0343436596747,638.846511203831,43.73254834912215,105.32242481668195,722.6104106051184,188.12442819785443,252.85513149803583,682.2943530207742,178.81291004897184,367.6231163542161,546.9256667325153,275.40898372780634,594.7343291247985
890.2196687036494,225.32482287783705,496.49551478940464,306.59527028463486,312.06012505365453,5.516177018953618,353.66243563246417,689.2118524500585,555.6971760122689,39.67959457986665,157.27788937290902,779.9033033146468,125.87699953835613,405.0471844645908,429.2000378325548,175.3915999729,381.7597097712581,610.9736068070613,304.10627078876837,1023.8426552974563
831.8288790178502,401.3781722794588,584.2740791187073,171.09455080112778,485.2939328854234,5.654152179000798,419.8043476992195,630.9915616549329,611.3195442963846,32.34227171578602,136.2366202397643,706.6633507351536,139.72428049075688,322.5234492930558,329.5818780407527,141.21090186592318,278.6733869136981,361.4772549789669,247.56686681034336,1107.2440357536007
957.8694344037807,467.28407481154153,275.84287537936484,261.655748719187,410.1024830916506,4.178437171886154,406.0430911691326,756.0127898167502,494.155338036203,45.04283459163224,196.42103560107756,503.1565075821574,129.11439687251874,331.84535721112496,503.26968783340715,164.82077548420236,382.2704529642999,418.83163286234617,246.0865533041685,916.8747629485769
1149.0892283075232,468.29450983789314,463.55579655783725,280.64701384898103,380.00352713100193,4.555737527185542,331.321352132002,498.44485564613683,401.99933892156474,24.138779983753935,150.10808728012245,731.96478624254,170.11126075565477,347.1180664957723,427.79877650330695,129.66826371697618,390.89847876844556,562.8594622111005,251.11382617106884,821.9219091370381
1075.5310062994026,452.0202102533581,337.8998683313725,238.17126456677943,315.69008701865977,5.9459324158159035,457.704693761513,672.4694556009875,557.1023363038729,37.40203322428492,193.00757268858075,641.1883542566344,166.0275060046918,451.3800741202606,467.47973215964123,145.81779439277173,305.1985701351925,536.1959662960725,304.1464246581314,380.8902963971308
812.5675877949691,330.900641339868,589.3701132416682,265.1342065891141,340.33630250482463,4.6385100417887095,361.71411279599783,685.1020012539715,519.1755204078438,38.49245670867346,177.49953504380812,488.59526446861196,111.645878113137,465.40584784745545,571.4931092048002,118.33980920607559,288.7427974431807,581.6385703499459,296.54260376228893,912.5362987102659
1216.9689785844805,378.69671236139015,251.9928801333183,266.45077332437626,214.09870735616914,5.006227536364072,443.51065421420384,376.45332867885963,398.54071269767996,37.369318284419634,222.46409822691498,483.1006839427641,137.3318211081722,360.70896967431395,421.3860009779854,181.50656664750005,289.41313774215274,477.5867260637356,367.03614689173355,986.7879773535612
907.9443802077853,349.9527376906105,449.3511020994484,236.14066073580096,375.1081833039654,5.643076874878924,435.9753565628117,509.0125049255608,502.53906940044567,39.46672837417827,150.93799021274214,597.4258089115083,138.52329496937435,432.72642282299023,662.2286999764353,110.11502002130692,392.34104033996744,368.5789152421153,374.4581450268371,823.57496099399
1148.8486606770375,396.0335000338304,451.47527796775216,242.4947694862847,438.2423395500635,6.589793660140338,455.34674905612997,815.560661620252,423.1545301206655,33.87501520224584,151.95154355982064,547.5270278598853,140.15959488119407,537.2790967314252,543.9480158628196,160.01868676719977,412.7995735488374,520.0904477582764,283.71270492978994,1021.085055917903
758.3859921803478,378.9133926044554,485.71836488308065,218.6228390596886,359.33957988437857,5.197481133292609,366.0158855911727,735.1081431732189,489.74573301783073,39.210510646862986,197.90494284039022,684.0898982854416,130.70293842521934,535.9807492457815,519.8077213240333,155.18754848216844,348.97305684080374,556.9828074199538,243.17877807433143,1010.4904625621235
976.8127205680591,377.15815601103867,367.22785557059063,273.83308468019356,351.07879458491675,4.928651116316085,439.23682013074443,594.9328231453961,473.12690216464676,40.43428621987189,168.6848243559866,636.8518869289105,178.9282399249936,385.47458809164704,471.6252248805879,162.49350391305063,498.940201394319,493.8001452093166,156.71737566583366,719.9472121142958
765.6577653983713,372.7582071914988,446.40440781647686,210.04541476080502,471.14884699739633,5.721101190038481,506.06306467273276,712.9210752137026,442.5863548299011,39.4610251916941,130.15878864929252,478.71687202746386,180.4994027362587,400.52257078270185,471.789693748799,170.32317641800265,306.1682463046204,447.79351897860977,344.2671077236463,984.1044522386812
970.8438035863178,329.419845529909,444.85721610449457,205.67453791504738,411.00816575626226,4.03812630773777,408.8097246389445,631.7244582438617,391.3292489245471,45.38283327126381,156.83989988214904,538.5274582938875,115.63074272046451,430.33395271058527,590.7162886042787,98.76607194630836,347.78622807353526,547.0635413058369,328.32771472562257,866.9896558223863
771.9684996538116,226.67496006991664,498.2252007442215,244.0404428028487,454.355557826184,5.3402820400217035,443.1664249184673,665.4609307733612,606.2826928454429,40.99612344271773,135.74954611599352,867.8786796766911,148.4829086458291,280.6418838709374,489.55522634576386,158.35421655535333,465.76612405653935,469.7486478226667,221.58337532424343,1033.7518501513666
850.4383331644741,347.4127060528113,511.67304225671654,200.53111510315574,355.3874072488405,4.308015024523661,337.77878574054466,728.4061688717946,453.8689629665363,35.49552993916272,143.35938095492259,576.5318151645823,166.39282809044812,369.51087811152684,531.2526673248279,144.70473009057645,343.56301815565286,524.5078235254584,250.45574290878687,1010.7106054484526
1028.1079146225552,421.7996639189757,436.6035419463826,166.40526227821553,496.2981978094009,5.17004806567409,320.52726219423477,521.1837230692886,477.08188799673474,43.18939477927395,180.7140825533119,776.8742368431713,135.08426160376703,391.7255162665509,430.2594794908402,131.4788025125077,328.02950776289094,381.61189455784444,355.1419676660405,1182.4822967395944
841.0357115874375,398.90161962395433,605.6868915269297,279.76218388018174,536.5981595342314,4.708932982799968,392.1302467602562,449.64387060308746,550.226132997427,33.62434470389122,163.29661988085337,853.420120895044,112.1922316897573,399.683920831331,703.5618608594564,191.53019074537931,315.36554401568685,527.8228090173264,301.05402596555285,1060.6777066627371
846.8242838399849,333.60447499475157,280.9944234420716,155.97241957277996,391.6423860958437,4.214640140101435,375.51012370337867,465.7449761120001,603.3218189437802,36.73046010768183,119.03431242083725,627.4952816568,125.95585160668335,500.6118656516686,464.94578193596084,211.59953090137202,392.9623245817082,572.3637651411166,271.9680557257042,1436.1719730893124
875.3013685873897,326.7135958249186,505.74099067808424,167.70859426798526,407.85053282404004,5.681658814831263,390.5249156991746,575.2995688045173,391.3417264711402,40.41776876509054,134.03551418784235,835.0008717766534,112.5221843632313,417.7980640241964,591.7310973767815,154.99158925490502,353.9515019600902,473.42689035502593,226.41529715905193,907.862562622385
999.3368072993327,381.05919655823004,432.8605307589755,236.85613410720242,478.78896939858987,5.411328474142274,430.8867463762427,471.323749804833,632.7550005683332,35.213433333887416,134.2193045491704,591.9380978125282,164.33731184353172,508.1756344143879,578.0104754084493,182.3733857033642,378.71946219226066,493.1590428067551,325.53606427548306,705.8261911425323
1156.9512004482501,434.9423392328157,457.3830782639176,243.00751323616586,455.34278687065864,4.694718923913671,416.2453751433674,594.0889724967911,502.7658447706798,50.4533865318779,144.18482253423468,565.2842873706156,99.79587130177296,357.1692397361931,463.75604515335493,129.1388607071638,334.0587229063475,392.1665979199894,234.19761222242377,1030.0862844730843
1080.1921723572802,465.5732594205488,523.7017628578178,210.48251463930183,271.76316395314564,4.63535721863803,415.60601108204264,605.6460740160197,436.43438844613013,28.09056771600909,122.28792166574107,640.0847866114194,146.3397303623267,490.2304047991953,460.72708380088926,188.70458980289652,322.9716803422775,407.0771952550728,328.0635614093187,768.6712827819625
1034.1520650697323,582.646806261176,507.8190504004264,290.60041662026924,437.4180668985868,4.239606564263153,236.80873581818776,724.3177583264375,505.5085673454856,41.31727851402319,128.20727683681554,884.0613855710179,165.4387915873776,415.2285478655542,527.1192844969879,151.98221882517922,382.28477993249015,563.8224729513487,308.14933185280483,944.6563571612717
977.0837681087736,289.11746469769844,383.5264374257681,218.5087283271113,392.69112271135015,4.323805743999718,477.95463138509865,542.9142448551839,494.28595593653233,38.10568143627585,174.95059091392574,549.9684066487291,142.44936380654832,260.2234184038148,529.9652273869383,169.73190086907078,412.23065824643214,498.1378588538958,335.95924341956425,1363.40360573644
965.1499342023908,385.9184724635536,552.6036568352336,235.53035736163918,400.11907866310855,5.281264232369868,264.64439943560467,726.2991908924429,528.4925094271288,40.424685796371605,118.98392222710207,581.1466386700633,134.36503578595094,388.86910307815896,454.3249943650853,194.27567752345703,292.75399381512705,377.9415229363997,293.98415794984965,854.240972107884
1026.101706045305,394.19383794272466,424.4819708602348,149.52623414223265,348.3257770290379,6.58728639050117,391.68334716028636,781.8120373406477,488.0885497251244,31.914155060981685,192.85328264057952,764.8921422177256,144.99890757269338,222.3320472670589,431.7849854114137,179.2026684996586,446.1788821510157,390.36620352725976,276.1412198403394,1035.895893622212
975.0812357663181,366.68342934161944,442.01607809308916,250.91870981644232,548.5113838278673,2.925883412813587,455.5851588635122,630.7667935311522,446.7744441873277,30.278165201146052,101.97289203339741,614.0512314622483,105.42376289188212,448.8192396907292,496.00245749314263,141.97522265583893,332.4098205597898,465.0230721955354,243.14599423461158,933.205744794429
992.3074608901335,363.23853526659565,363.4372736242643,147.66989167982535,428.1981891517537,3.805009707702208,481.14830794472607,480.716920153258,396.57690251612655,40.39427433429986,141.0343233184117,674.2419643863018,147.3030209452187,368.8555492098751,452.84114229645496,179.74940482234587,277.266728617258,547.5692831784056,279.36560183052813,1041.1627899246757
1322.6656737351902,271.49765741697473,492.2879682536674,265.2823264437785,461.48859231114795,5.507264981715497,436.6196400473025,786.0331173195824,520.3558555008552,27.213149277982417,178.54429310297087,553.158084328196,123.74643899017731,459.53264491969685,486.3693298938334,175.31470922474242,387.532427932004,625.5490696202639,231.78144228049882,606.7865721373746
1269.3726346190465,422.84389169428516,421.5360440870932,215.47756056248048,406.73601329285407,5.203513710483449,331.5671908984514,647.8431060314643,516.6419895106345,39.510096227671816,151.28489518614444,537.7616298677941,114.12720704305042,407.78491693705763,368.6649365491747,184.72002335573313,329.9835748529366,444.34553201483754,316.2872618867706,872.3799046295886
558.2086612802791,334.6105293518679,424.7707575230411,223.06640066604842,539.1087124251601,4.721007520267757,421.6674965169257,442.5628002414725,464.10921054945493,27.409619898107984,160.6095395165815,569.1603111956672,103.4441992791231,404.2033716111022,570.2387766154131,139.11997550521227,294.77298020898746,595.6978229610659,396.70301140017943,867.0925511908247
650.4009068588275,413.7070597946365,360.9329280975928,233.98132518929776,346.02689603747774,6.886608069069403,360.86185620241554,481.7311722937326,486.67489933190683,29.107667186872277,185.66800335525497,615.9537373878579,146.50103999363688,460.1096087410123,564.3590556196754,155.42529971441257,335.20640233301805,470.8966646741973,298.7609019782871,940.5028711161394
744.5349729903364,359.0231850076357,428.2013404320533,252.91224882284382,332.356008819695,5.152989515430396,278.9068976595107,647.8594595635697,377.4085325787659,29.15166233691407,72.8688933188827,526.1257147353342,174.52617961304693,399.459382105282,571.1642071151614,157.36378540027246,352.77729257001545,474.99305653931765,420.3061562816591,820.747780084882
1067.3217570789895,244.49752560341025,494.6904707474861,160.45458884872363,273.03337550446145,5.8843098274033565,352.4200831184231,691.7046340043756,603.5405134990867,23.57709826044416,141.88969528472907,702.6813075512682,156.01094208771917,343.2505919800505,495.958901782629,220.77028809910672,300.45390713028,354.9181137222644,307.6655129431143,866.2648635010331
1275.941289843289,502.2703640051068,488.241171942192,168.38734274580295,444.3228759577148,5.640156230680444,398.0593844719478,633.7182880491052,551.5587494455349,33.43319249617999,154.59069295908597,669.5507345957644,179.8320459422414,447.1416270459127,487.05057644223643,146.00119824076185,308.7462416701942,427.4643640866741,345.1212760454277,678.2557791140316
1219.8043155748894,190.90693935145956,426.76304191932604,202.16281484083322,428.87373426706694,4.404770516279948,285.3918324300165,548.7010315467252,462.02039269767306,30.05088542618449,116.334002108309,679.7178483570115,116.29797695587658,350.0458385358611,554.3735104272686,252.8547214193299,291.6330810862966,621.6413277984989,246.4484775395087,861.5736813558563
975.9469833514786,293.3955764467219,442.1058683276123,207.57070926529283,489.3937494809436,4.019305041197775,572.526003707108,630.5315831906747,556.5649411366701,33.56202009569879,102.98407621279468,546.777622249673,143.3564923139814,350.7084967213895,629.2156577795907,157.76845741529831,300.0477234631164,433.7674023717632,353.15029271944934,954.4958720180653
908.8529990647738,382.8623338806514,522.1391035889786,259.2509712286269,432.7416694165327,5.899880849634191,402.4868222731961,692.6074949058468,507.3136907275756,33.95440738269606,145.85023425103822,760.0082845004156,145.78674233263686,472.9024743615443,623.7444347842805,208.53050277504275,362.31343664675387,376.89532635246616,192.4781313730849,922.1986187726277
732.589932415629,501.4586913393913,426.942772195122,326.0678175976864,327.7719776002797,6.64194250414219,514.327812881979,588.2381350401652,499.8680100831701,36.049567304666134,124.5854218331441,603.6068331094293,159.38119249723263,482.13976196300604,600.6377034227255,170.83024720940904,319.6823089351455,370.4322251933411,307.9650422531557,1089.28523868462
932.3758612577287,378.4292579434405,405.7724306921424,280.3372965003587,313.00669664632755,5.000520244708325,319.80010714442193,776.080910648194,479.27939580910055,33.556841870487595,155.94588921495978,744.8317665376916,167.61705691882725,443.52635791096094,607.6688211522921,133.4077342814287,300.99807058934994,382.07907325660267,277.0268357294043,1047.947559869117
1262.4314995187053,434.263821818961,391.84195934504186,160.8347895510488,390.7157392885713,8.123370097281365,413.01958067556484,537.2814472141137,381.0607624920158,46.250039284391725,178.80437463584923,467.21939816534115,137.28672769081422,455.98020989734283,569.0308230097163,140.27042363353712,408.6918637646518,456.86871614828607,288.62175659782383,830.5802354772807
677.0479768369397,415.2746222281345,648.4665428722604,216.35160926640765,335.58673931006274,6.395043748832709,343.60641721768644,513.9224592203796,405.8828621673779,41.645952934699054,155.05216353282225,722.4063058515821,164.4148241380448,570.8706863422933,502.6102373852959,138.28294540059758,394.4551621318828,469.86074898669506,322.455226491755,1097.3893417606223
931.5019751318102,377.9493333734952,418.75318724416337,213.18227712933125,375.8100091608826,3.900204557800759,416.32427235188527,695.2410407510782,444.52709711133576,38.52870660303895,162.0359807773039,718.399637039475,164.027787488415,430.19523739498817,650.8328666447736,184.16512823576565,396.17067009588993,404.37254919376636,175.78856319747553,694.168996141082
916.9337650880722,273.01449459285584,412.79853277625625,182.79656034102578,453.64048994958836,3.909164225323843,363.07205171896544,723.9750718179064,545.3504194806162,30.35151985615427,143.31577176352974,610.760085924274,170.95580334895183,459.28543534993,677.5459440841236,136.19222756718963,430.09050821669047,477.91237522320716,272.47191124972505,886.513887479725
910.8131383542492,285.42118202343016,468.14957823666424,227.84349431044487,350.881319492101,4.319778898158818,405.4303454997835,491.44221350806276,491.0085386184292,44.18074246945859,127.99651415917661,595.7120937249575,159.4857439659298,349.05480847240773,621.4241040888759,203.1838577867395,300.2894703796869,390.42904450228986,227.32582353361485,895.8156195181314
1127.7813362896693,411.61501214017426,388.5900090010107,250.06337532154808,351.67508949365805,5.855678328769836,323.1456668942362,611.0471678307921,502.61559499684535,48.66801820554855,159.05589284773782,309.64610386550476,108.96003580788792,483.53792521460866,531.6863476898764,164.68364476356467,398.71893138978464,684.2648126592345,357.0291248570763,785.9357880341684
832.6657125497458,384.7458377279611,424.94941455824943,230.0945875727817,344.8601817743682,4.275344557612997,480.24514643123064,590.6077166565336,484.23178273757117,39.69587994692415,158.2006675143509,615.5793779833018,157.07173037137403,444.51332485538524,477.1634984697695,121.79770016264092,426.6252336882169,453.34423739921607,289.8899364474778,1008.3109269437381
526.19894553271,277.12752199530206,447.36752680594105,185.36048338492475,415.22030526667294,7.325602555037279,424.775664743563,494.02253195699683,396.3403250618809,39.7563888669582,125.17178585698983,679.3143492337852,168.03681988106032,474.7015662290555,608.002805588107,170.32464950594778,292.0641945101117,593.4571356720501,300.8356219228668,997.5424541437033
1129.1926380032205,370.46001073460116,471.84431528692926,282.81088128883545,383.4932301890971,5.915567588073033,298.96073984968587,596.0471594914286,585.071678918233,40.368914793955476,173.81982851781098,614.5154086860073,95.31364992832016,397.24580413551354,377.7897943329309,139.04994308524894,409.8133618337558,440.63550869699407,220.25123949834682,1125.160996420475
717.8604785484841,391.2517041111038,458.34756986565617,236.97655240985742,383.1620783978298,3.57061171130332,439.90420336702243,846.6502891544625,415.087840646948,30.07233868337276,156.57252419546285,568.6355942394918,71.49827426850557,493.18208297027843,533.2121295085142,172.56915248273094,282.5837704025104,695.6500203858607,164.89104813640336,1263.6345208853859
832.68289824129,348.5464731049503,437.1725797347183,200.67059415018738,449.61948745155553,4.4883464974315315,382.4116566181123,766.1302236103696,555.6119097058306,34.999281872241944,171.52182287396369,812.790951962167,180.2293592832557,620.7026285454297,435.2529496489292,176.19390248702814,363.252196796908,444.6424374692185,269.6637039459891,1164.1373152726985
861.1987928583075,425.3347919878917,522.567585896407,192.6721060470638,284.53678346614134,4.5652245954221735,297.72011014665986,811.6364666987463,421.1559067333375,31.635498417038402,149.6087292194036,557.691069256712,125.61499638582731,398.0846996769247,548.9530124020713,132.32979025478247,426.1792333717289,444.13061912956067,285.6638945813475,873.198251227712
1189.1943289881374,306.65732872868807,435.88166114434114,284.97583118595514,486.3781164494279,2.1208816244374793,541.089908384093,571.5387741492674,548.5746406626147,38.697601749353225,144.03788221052994,716.6555108521878,103.87924783513591,365.37056524649614,528.8875645359849,153.38690209989298,442.7252573194015,533.4535392319074,268.3953687000113,720.3299051832448
1201.6266099108948,403.7012525583669,296.4027143113072,304.9651066855449,334.5735665882082,3.8185376125362627,492.1907014599416,590.5904655556296,402.5836644565172,46.96744670158863,146.1258247878674,649.7001676234778,128.5376973989868,370.85536475071245,506.4764283928714,174.4578974168588,414.98694361570574,528.9913745174821,293.29249674115505,1008.8456097040345
998.4252128676329,346.37241997901646,348.25791024828584,238.5064729798441,485.96928374820527,4.587031345870857,390.68202203750866,726.0904256281553,572.0748075319945,27.389229403953934,131.54164664512993,749.7393122474492,161.63865783280283,463.53312624100255,459.00734559214703,149.6083072564089,214.68553608588195,417.91449390348015,363.18947797589726,1093.7231012303184
755.6417663276928,282.8870347287237,517.6200124694834,184.4363341621385,442.9757049584175,4.914848889972862,430.26834926757294,652.6256733417019,400.37021325852743,39.653086747051155,168.51025096250356,566.8443069605286,138.5626788634604,242.74279126914888,406.80956126086517,111.77665928763994,466.111563874241,518.5740217820097,407.94002588462934,1267.7594078655163
1079.2343616295163,473.09982994983386,382.1229372440807,208.15647361031557,503.65727907204024,4.141859346335174,444.4783003860564,494.58415519910216,435.6131109812035,37.91130401169253,149.18148598212744,793.2762621626958,183.87191947831406,324.8213379905859,440.4614335656609,123.55240565632958,411.7759530720706,459.8877795311672,171.95327760450112,1043.7939931524274
1224.1744327337392,315.7062699089409,438.14722469348317,207.26172039717187,357.2111036851859,5.168519670028404,375.3395726124343,695.7858649463604,564.8965877221267,33.167635040877684,140.85394219062965,630.5503506956236,154.0729607514907,331.94005522551333,639.3832180711461,175.916040371048,425.65164166660657,494.8998316527729,395.90404035965537,989.7428405463165
826.7549848818219,418.62571896106743,393.5877728079878,181.5917330281748,287.06463752732174,4.306111957996315,411.7443412139364,822.131893740026,438.2720332259812,39.3606508383549,144.08871929327282,482.91282408445363,135.68642882537054,338.2009759147571,582.6222262803257,139.1825953102476,426.98087923374874,615.9370055556417,353.51321752643975,907.5136207942809
865.1550109816804,401.69410142996503,456.4831994826865,305.36270382118994,390.1598116151566,6.327841528082619,410.672730005392,523.4779301962913,572.7150882624044,41.937454946522806,159.66816015722748,578.4143516603882,209.61106511857585,346.1155525867326,563.3720870926975,147.27202127013902,469.94095343049236,493.41828507952516,344.0378435672076,809.663197349201
876.1454355290375,357.1481485435069,386.5247418382242,293.74210438253635,342.4491375359842,4.965397560334188,374.16407275140944,491.12475903963116,492.0971634410583,26.25914811746636,202.25131944661993,797.5163828093316,152.97373816438554,316.7131463502749,490.9790141685289,98.31245889412233,325.0714298663628,455.65872037207436,312.6951314651292,741.0563095321846
1029.924629956253,334.28110092379865,476.84785383849874,255.1059482760443,394.52003640893315,4.307675922970382,389.1761968048845,722.437654236943,501.20114865678073,40.145659709452765,125.40468085192556,734.6855783746267,133.0118417641737,373.3649085826616,729.2068779440385,200.14947177391767,429.12543780985254,517.5168634666359,277.73464462510117,1175.3646635098419
911.9656463337919,296.0904663271481,427.4795970588405,215.6472661200059,492.5841880230902,5.946140208540036,360.70155217651615,737.1255161645936,478.65857217633373,32.06935928848375,160.49542163840187,776.7677918339512,137.45094298043955,391.05901350615994,447.6687029851313,147.4317842613119,362.17239821744784,505.11235929977863,308.8639919532601,993.9679837872043
821.3544928944378,556.6280659962636,421.4450261740909,165.7632097477877,395.92788722930095,5.1967289670697,377.31143111096014,356.29591582356045,588.8633193934011,16.085513176502122,184.61727405053392,756.0754504262331,195.0534111883474,439.6532631609846,468.7440073549234,176.2974672294057,331.7948560899867,457.91988308515755,360.36614039641483,667.2529326070016
833.1752016399594,357.2406589645623,343.3533997817798,241.33431757961424,298.1542427432527,4.928754907241944,326.0113112488493,737.9777487102501,598.1731969198361,26.15742567759559,177.96165308574155,509.4147212763396,124.71448879454721,392.18449420302045,596.972863400978,169.63924278942986,304.30528820443175,542.3370169761072,273.389805528838,998.7899318496909
1049.5550039120671,386.1885397305395,309.5327543206988,231.77119084610894,452.63838867634183,4.304164832624487,456.884701221311,689.5739328483515,350.18735642832553,34.16152692023997,171.1333386540752,662.4246173631784,120.16520995376179,421.0990852093226,509.6193918936187,157.93495940017334,403.58835513119635,539.7996107582993,322.9125853997998,897.1089512057591
1004.7062044686597,349.0965738382418,367.1304043203852,274.45181364418096,361.92040268648225,3.6089942558037182,413.7837730751843,511.58456855719805,389.99959744714505,47.83948365884127,203.95107487581652,726.7500553996316,172.00781910949678,431.2933522226985,529.9651927494134,192.21651752880547,429.1932475289668,497.8500559942302,223.65351535532926,667.9485964083278
1093.7683465305522,392.71727349392427,393.82972748037673,236.12082130170026,307.06125762137776,4.083613468463808,404.6585752351907,297.2213517661395,499.33909223717916,54.480355356843205,138.1412679663306,613.7458678493005,151.30581410805934,333.025129488584,447.2356249033982,109.44798684682809,424.8914278290204,557.7291478668915,233.4716071186536,854.736229406034
1326.0462876604556,272.34776097907843,493.9050237575509,193.12948191399872,351.5057542891003,4.535338705345381,497.778841555614,601.9649415495852,442.8991082256498,35.891803465808074,127.26949903225128,717.0677249920301,136.03914074645735,489.85135943897313,592.4727427686421,167.42855837524326,293.1497190270876,455.1636940025534,310.992157884416,1018.5026455772863
731.200070597193,329.7079045221159,405.4399561800662,195.39304441369288,442.06385901907475,3.6507030149164548,328.0436824102608,654.5404668976105,416.0469451922434,41.63775380215009,141.20094307998858,598.0016466912199,137.9700499948793,365.7622409415039,465.5597879404746,106.63625094708613,384.3319450074699,396.12186101587787,262.5559253098887,785.2793279733144
825.6966350241792,348.202980170164,397.8139538982389,246.84473422400194,257.2333735440932,6.417893233962078,327.5161582054135,578.63158899437,422.18334385749546,30.964703156786786,204.2212142146684,527.4304506384731,115.89567139673379,405.20674677237065,474.21946903060854,165.62650154381288,318.8620340875488,486.24706715973485,336.2068879675282,1052.1226124917987
1011.254041505531,301.0160384699295,397.5214569252736,253.81328739079498,476.03786805249456,5.14130565758402,267.28930822684447,565.433836955202,568.6381409474329,40.31489875187078,120.72009087951487,665.4945462404742,124.98659882673013,311.0111153917539,384.3719239512768,175.83437049431328,385.56199536592493,572.6829700984485,342.522769242773,1049.54735074934
1039.9684234381916,332.97893311236305,334.85868835973906,280.6170231108998,346.8852618352063,5.893371572162504,415.7600508554008,607.2890344115435,269.42546404476093,39.619367217198494,145.26517198425583,704.5624632722133,130.12341797743667,366.4672776418296,398.2390741379225,177.94101908067967,342.12639965464416,561.6155052437663,335.24685989948534,935.0305581322785
1176.5511837995668,383.9309647967556,371.84575250240835,205.35867623145802,442.29302563599197,4.912384030797358,431.31113846061794,644.3879875635749,589.4046830227792,31.578432121185717,113.35267823602217,678.8035625548267,164.31211357412428,365.7430883470138,405.2939392737187,200.9679201866731,359.7135152030408,495.2024934879324,256.375860752053,860.4580716461628
1060.7613359949964,373.94742353321,403.0211090367929,258.6152123998209,478.6542156697589,5.875081436444455,409.19469394255583,619.8411100454889,585.5076502743505,34.404702895688416,139.51352393134908,668.1704753624645,169.9778651157562,362.1002174322242,478.24943632182055,187.1471437426356,298.427763446498,424.1372580964095,280.59194191109964,749.3006257402324
1075.1356192074313,447.71660390258,426.14662561937905,256.33616979648644,421.4390560811651,3.5023612527430616,444.1367321153113,655.8023658422642,465.7001161603405,31.462176610719734,137.62296255920344,779.2251977341296,168.16595862141034,359.90942200316715,402.5661274869939,160.94682443429593,199.72088004207802,465.439807359145,304.6095456927476,735.7551954710086
1065.0319490009517,489.6573365252021,448.20403919875343,129.33677083331415,360.6791055984613,5.8952659953285185,260.1663385095686,585.9922045078705,439.8404253441543,36.90998739024548,177.52367040130395,630.6107433215439,129.56074504586115,481.52200394681,541.7282582647342,207.92455422596925,332.6474793314543,451.70879365951674,259.50083347448896,874.8885438199999
1023.7185778940419,380.2195699991727,462.2993350716062,275.3330951215189,387.55044000636724,4.788767826818925,331.9752028822158,671.4545538114176,367.37943099202687,33.803348506871956,116.11871232544314,698.2473402444725,176.03504737542198,515.1161155997728,567.5647072850802,155.93682213652124,400.8497167166819,507.27322327784236,338.14604892001245,1034.355803860012
1088.8863128785754,405.69016313361635,479.4980673813832,172.13425870543276,256.38703747632536,5.576164948654588,458.77031467204915,430.6166809917175,243.28152678029554,41.32398104348857,171.75324936835784,654.9671249129048,128.75677929720587,564.1833628623027,596.3850896195468,194.9601789196421,437.7579852285382,356.82679819236625,229.78650966319267,902.0641233131214
828.7341181060355,430.613344801861,376.9900280593225,174.2500207709602,412.11620611245434,3.9663674879684825,422.80410997092105,582.8327376569669,517.0560573760358,37.69314215702035,120.17620200147732,577.4737678821998,126.61373090706857,492.2261135357516,493.8708283892455,156.17459444677968,432.15494276567165,417.86619763523424,186.6686955888248,1056.1808273885374
1120.2321758638172,286.54263516579545,313.4515768732373,284.4992512708453,356.7555671909903,5.624945043267595,498.1642538787792,659.5725938615735,395.3417323880069,25.19786872874794,126.79405871651682,752.6965358322839,114.82602551385673,447.8711789797364,475.0975482567494,128.24923126382674,362.9960809643866,524.9291970225647,303.2856111083338,1006.5962823652776
1124.9945035459864,261.86849516574733,466.53305586393736,258.8775979335914,307.2144729872505,4.021397306740086,420.75911617897117,686.2565832279125,507.0230579862109,49.9262180481405,131.04091590990555,753.6423962863174,171.81631166569485,356.0986268823405,453.7045128967915,154.50998004112998,266.71532846318405,531.5017939600078,286.067661664673,902.5534470894776
715.2259133948402,347.6062795399041,453.30063497555045,256.8997904897698,276.11939257941293,5.47642460568147,434.55918208175694,480.3040134080726,466.17536762521013,36.25645344429649,153.48171315316026,546.3343077439371,133.20151552558258,351.4453221236866,512.9800819122747,223.68140783933853,336.02483278186094,340.30946444006577,256.33261531902104,1013.7802559168591
984.3258287396883,350.57979242691357,425.5292954649651,310.43631520371076,462.2683006570848,4.12535706503389,288.9150564082673,516.4069422714213,584.6965444897944,32.85116869959712,162.15964756221638,646.7906880354417,154.81712262613422,458.951529759928,537.6476213003048,156.23861998314237,293.22119600853796,367.1927616102289,241.71725383508465,547.4268069099978
1070.129647771815,364.65383525439717,336.59569993142225,155.0717103604385,354.4325689975825,5.995207640029753,396.02332840507006,687.6436238375323,503.4023645178225,30.782145690837016,140.62177502166412,408.1154739394584,122.92320417178122,492.46670803585147,365.8035952060043,198.592700803394,490.5112294572077,378.46973586717303,388.0180092151604,892.4266746033677
999.3551264338349,517.9610761834246,464.6157697043211,215.93869428658465,321.6399066133596,6.881398599680898,331.43739756560217,670.3125720352308,541.4196770736288,44.078588531314715,190.21755521627088,650.7966639928967,129.8787895936424,358.7252810083917,492.52715329960967,138.7383289910072,278.1088447483969,395.50173529006594,285.54150758420695,618.5668898710701
825.8678483819488,452.86269730643704,312.2651444727281,173.7371752179718,503.8434126456948,4.8173063330548205,374.2461874438604,767.8815828030356,584.337180318923,55.45867723191452,132.16920216266274,744.778818551418,126.98095041392956,351.61083902725346,462.51150695382034,176.63740504563978,461.2056048418225,421.48279076335876,335.12053472511593,668.1577145604884
878.4205960640021,332.4137711548545,395.8751537096389,126.20570023363781,509.6494867185577,4.964965211105935,420.91382598172794,554.5092528232348,544.8674241174776,37.798757358048675,89.28254491902621,658.4294655251052,126.6886295207806,376.13921769637545,578.1094070931413,179.29288281973558,205.24998598207137,562.755687236774,277.60113599999454,770.062058512547
905.095116401639,485.1846723839033,389.51897767124404,183.4742199037974,313.9291065181444,5.437181495832511,451.23179477824016,692.152203993343,433.7888080652992,33.787019033074586,101.15177785174257,683.978889280535,150.78939317867025,417.97881965244403,486.62643043293804,158.6759879629704,370.53356642332204,671.1711347597491,275.17778819607554,749.6050709317159
1200.393127851962,464.4776885989342,324.3050432655924,154.8587517492545,297.15917759642764,7.163429603337755,317.697652066706,616.2310784143011,451.17257946749186,31.901185854517482,144.94727222923007,622.6160610249716,180.8096507196254,530.9848703965226,442.81372040028873,96.14935080338824,273.4708073672236,409.3684948484673,273.31744854025084,1403.3165978271684
744.5987124594094,440.50149877843836,406.8579497593603,238.1150480440435,187.69038431948735,5.967853282124186,489.60746003909503,839.6606942809652,454.40280351657225,36.49573003698341,158.50179476986943,635.1630222571437,156.86906784986365,375.45655666912626,422.4420073511229,206.8209082310391,339.9757504325059,578.3961689939051,252.75499606457137,822.4977402306783
982.4718083051101,393.5465097859154,405.60207444382974,233.80697892145176,351.2659790968726,5.260173718626134,457.1380186714101,654.2599819914586,639.6589557747376,36.055509918453794,136.5235385312549,547.3840389024091,136.78660655713006,401.3980358909099,507.7760626731125,189.21738303232758,323.71664381982293,425.0716040602345,387.1257399576939,1210.4918080177697
834.6037428161357,341.13469415366086,596.5188838581262,290.2138178705611,402.56206885440776,5.412764265599158,363.63684298423595,492.0480168052693,394.79308007091333,24.26831516453781,118.59034952626602,674.5146485436894,115.09683443867615,456.8959218444022,533.9357396173023,136.99975168386047,286.10840010055085,482.12794399591235,322.0838509763944,1045.7591147442108
958.9462627036373,285.93532389038916,447.57135121129915,264.01293272097604,417.1659240262907,6.639254885222252,496.70213419653027,474.3771137486671,433.4031394762583,37.77236384422225,101.79022033757741,728.2912964863003,149.47098306117155,456.52490306958293,445.3713113205385,167.1251411969782,285.5138808971302,543.0525578971503,217.39209880032976,901.7154779000973
1207.9016943647748,361.930893137845,419.2399833742537,305.27497684459814,389.04533552378473,4.2661660629957625,388.2602142303659,745.7986283880605,547.3127205827808,33.62119738365766,99.50679847535872,712.4846599171956,118.54224978595752,184.0641205424695,690.9493574833753,181.72893507434074,377.4986943732556,628.9779456199182,302.2448333792131,842.8152492953247
1086.558959352754,404.49059877682083,462.2727607647618,199.46412426574847,355.44081491137683,3.9685654885193697,340.95599970428896,568.1494224951512,414.017050391944,51.552529794358165,187.3402216733868,725.7384581478926,166.9384382708966,548.6620839997556,421.9152967954549,168.3455278094333,320.51226665549535,348.32789906822944,379.53754743322634,778.5664040066175
1083.7755074012493,355.3999591174435,494.7806181663137,328.8428710944467,330.5273198456861,3.8023373576926858,369.8378325329611,893.5114926513195,415.71995644703696,32.44559869517496,179.3676103480693,777.7365007079044,123.45079563985537,286.2535148808181,454.3220679894056,188.27060040330622,271.652111607468,481.45261703339446,354.99266606667646,827.684594034501
781.1628324243673,310.9407890146981,525.792243457015,192.83316269420965,402.0423495423398,6.372183165452162,282.7291767881502,636.2880845723415,353.05818531468816,40.648977663004565,156.18784175812002,427.2524484431025,144.78562911521172,326.70079828729416,440.32234808720983,114.63723536116788,346.5062832578844,440.7444720081012,309.41155637980467,988.5042063889299
832.0351299639078,319.9338957735228,293.8763420077261,283.75039908896713,436.4568843153433,3.839037000508908,361.2251743559576,759.6792909198731,454.14844353094463,37.90032486827513,177.21193156230675,657.7624157310379,145.2676357549205,351.23171609748357,543.9924398525143,176.79459777460465,329.37858826608607,551.5565164072191,190.6236742325964,790.5991665185425
1004.876256865368,318.3797711662029,508.4322106038889,228.99523091460088,449.6898097726758,5.903034675145163,454.40807488543555,656.1662682360155,537.0850549737464,34.323974456343315,151.77771037774238,754.2385061141155,157.22553381207553,306.5094409434329,474.9992624098092,165.13321195973543,353.4056578095187,425.63841982111387,294.285420907779,965.9304511734274
746.2436124012822,276.9091161439808,318.7942076036151,258.21328678602265,356.9423562755273,4.678565369007161,531.5101963386041,629.5461128612263,393.59533027467984,30.26825292422188,124.84630133254845,497.26243460477315,172.0660892691329,426.0789600458213,594.5953674269651,160.64940480971808,372.40420185860546,433.09693177547257,305.8646060018705,668.0579095336418
1150.8178907882182,342.1007557579379,437.01658800639774,212.19396205585213,409.2287958133159,4.427918239341806,380.2836221883307,561.0408480173755,634.8743771168323,40.69486507046029,114.50223985141085,559.5372695040512,154.927923007296,429.7730951622066,567.6881239355662,171.16761632719653,344.70821022301664,425.8359513455045,308.7472247499725,896.7924110992155
779.8540618317991,477.377257131522,507.1959083064802,293.85128256723783,457.70580340035866,4.367086785523723,358.93565818228825,558.3243754798041,621.7861335249515,37.793707517509844,142.43207301469545,554.0238660335791,144.98763500594734,342.8461499041149,336.12054670091356,177.76205748753597,184.12272959516562,375.247935374868,330.75785446291496,940.3650074566899
684.4550860732732,327.77541758017696,379.72142492952497,181.49257456826146,404.017185547116,4.781786445908603,281.39337464644643,606.7637632828656,490.03723421651455,37.238691597548325,156.92194802113292,745.3455302317911,154.52977405559668,507.6729104822755,524.7535142793536,125.05843837657395,318.10529847080676,493.1302855488209,251.81247974604855,1091.7629267035588
793.4367193267699,307.41187213289305,537.7664775054584,236.26598558819896,273.7077825311303,4.227191758706878,471.76852677844823,657.0306754095864,372.6077586516058,43.05950402445684,138.27248272102392,471.55631877756093,113.0468474718073,628.6911074933614,347.9269453468241,193.8306157056367,307.3778093675362,417.7130836953726,218.41113808312963,904.264301245715
888.84087674361,326.4429781059341,348.24259457899933,286.4731953164041,458.22633945537643,4.366825136908436,497.00829369765574,612.9997326128442,590.8044286705151,35.38758265064732,161.41388163378627,616.6696338240946,131.7469505634812,302.12066568782194,546.8870061937431,143.85847115237777,372.90579476254857,516.6461822560103,317.5095226609075,985.1554015514926
943.9672234730293,257.2626388453653,294.2285028614799,218.92330127987165,406.04851658366505,4.327240206724069,370.23175351605033,520.4126712012605,467.70066540700867,35.29745773682939,167.96700425609993,659.4918148460458,192.75297365543884,423.88820365662104,488.9808725024067,169.92594386131935,420.0611162619989,538.1402161670176,263.8167910353424,880.6763745164338
1239.498249521496,491.1133646075906,507.8790118612788,288.21134016714973,330.2556185830294,3.9689918201332697,340.37429844801557,520.9912631584076,401.11571292903767,26.885858248118062,153.41965377127224,709.5407764825727,184.88886617999452,386.7357735707626,629.2737890022935,185.5735899282388,305.15417445464504,573.5413346613855,335.3981127379534,772.6526062137368
1069.2303299919017,378.237890872267,331.07582735983584,240.98107363523704,267.8993648922836,3.860181162901857,443.86274898826366,786.8877790181035,573.8073100452511,31.38941920238075,159.8798346511031,442.40488317517486,131.82708759040298,476.5642243957001,404.35368154116816,208.175437078588,304.9403274329007,521.8827379539972,333.7890377141941,785.6681365430098
904.6623585803364,366.5603418021123,427.4387821878982,298.69806731241795,426.7262734667165,4.598442709233122,503.13815728594204,535.970670039467,511.4586020857535,28.018589052908425,105.26676372505463,556.839359877662,171.77476235426985,495.6632746790957,594.9855985167535,218.31565794270838,268.7208282978679,398.41030396057374,323.19435338999887,996.6911335870291
912.7352385642005,281.3300312233749,369.4089645823237,136.80467157763496,419.3078240006867,6.295969441758847,493.4410342811,794.4116722095778,538.4503179784735,30.07343871268262,167.04234761234042,672.0433363254102,176.76823832633,445.3619357914277,551.6247642306109,231.47558977671673,308.32620386290967,552.6394710267771,334.88728587274807,803.3762253226141
931.8343849909165,468.7381995260653,470.4118338282516,239.54291811428797,315.6383312157464,4.777335786959238,413.5815460626948,554.1997828517582,518.2924352772028,36.15924775624982,187.80957135196252,593.4896570211351,141.62941653484887,452.0510194092251,413.02714352549685,127.41111091969114,335.7690224231212,469.25424766097177,144.28504244544027,679.7834789930995
891.0596380652389,455.36141190867,425.2533638337554,252.4473774488581,382.41334174678485,5.826225009847095,353.98180195881275,672.0252174646996,517.0726798885783,35.49915999405819,200.31140619752938,724.3046491885316,139.65985061624815,452.14164783175295,410.4192808158839,190.09505782079776,409.40885364156406,688.4039282075058,271.59741577885865,1099.6818764341742
946.1898815379454,409.6108245032747,541.3706576246171,225.17760504149356,373.58756275690615,4.670633562353894,399.00638104311594,605.7797816592673,498.83625058442124,26.454052356170273,132.36287414005088,593.1564272920099,166.7495621408451,418.9205064173294,599.1118480017699,131.33834652297176,372.5721941976464,491.4242038810798,253.8875670049726,1017.772846373415
784.3579396177403,418.73853578650926,406.5270370390699,280.2465629716299,270.6373488469666,4.831860158444413,503.2834579455723,630.422887912224,478.91484570132434,44.799064349876886,179.79016429709148,677.1851571209875,113.66945929439201,492.6619639870812,536.5827550825828,143.09554557533409,326.40655785738534,593.8260226057414,282.3286993446449,849.2856408407205
827.7063446748863,307.19205171268027,338.073136560883,249.06816170161704,399.4936311654604,5.4572579559530725,358.5665211928145,562.3139974961887,543.038590323522,32.01298432739597,149.17435038907843,405.48910444113756,111.55984803250712,603.3141085508881,561.2616552244297,124.46669393357604,342.26684557746853,475.12187607106944,327.91116088521676,828.8997352231507
969.0998142979822,430.19265002263205,511.1079541911632,309.6376749736331,358.2243253358216,4.354491948173081,386.09543851430806,511.0532558016282,435.99983159187406,31.31112985530403,136.80069189950694,684.7518001284296,158.0822831678184,364.6364572638446,591.5869159877597,187.98370924572123,235.52414979826352,569.7325733844598,292.1139688519367,713.0755438292297
1137.2495521197548,415.87097183337863,406.9597809750789,233.59449322282617,449.8660329624436,5.203185279303369,450.8239811934095,770.2402880000271,530.2513547803187,34.35559968656972,117.47365743701705,518.1735515830275,126.1822630663164,379.36183347134306,608.633369006279,146.38016869646668,419.9412740536441,522.2807555052597,331.83510997937003,697.060320155285
662.5437692336973,261.6462972369044,319.1281708379996,254.10537293341264,378.4903650308565,4.273416018120081,440.58532124180687,884.4225714866575,548.6162175452622,38.95845881558869,141.93806429251862,607.1006164211033,172.44286492343576,280.4763570227967,403.4240816011806,146.00456239575692,463.3710154665946,428.88823905181016,411.4380332285771,755.94858025541
973.7336041823659,352.33112829638566,543.0590796462549,253.7878158735475,388.69094041691693,3.964857452744374,317.4499174313421,493.58305452038474,487.1974023469848,46.84677327555679,171.69937912766926,469.0754790929713,147.90969678341898,413.3861663187805,410.07841250638745,217.83657090140682,381.86561796817927,519.9924382318587,287.81463265212614,867.7198153628495
1230.1368007803148,285.2691637236016,476.1592944562932,269.36787893188006,265.0531112655025,5.3903672379254575,570.5132431188421,262.0568716792745,378.5961773402111,48.696012422395555,79.81993500070226,658.3163335633683,134.8945916110054,349.5445545581932,700.5856495423089,178.0242071043988,421.2490114412496,553.8663642275511,234.99874462994634,859.7935804014712
1261.2966166033473,394.7014136065218,516.8377500328457,186.57270750246403,407.16749683698015,4.429261734735966,462.8215307075262,335.98735132883616,456.20250947750685,33.75818152269048,164.71306095347262,593.509154353924,90.55530380552045,344.00299160028095,603.2865490039471,177.66031226238124,291.7373526815595,486.91019032153645,262.23898441867505,1051.484164765253
1033.5202503247597,281.3372342484728,532.9444197716452,240.28942469878427,399.3911558357845,5.577935220359294,454.42625297519135,440.19356872286124,558.2798990203094,31.03155038505015,178.16264812456856,377.89719611002334,160.28506892566088,366.33984407516976,489.16435834032325,137.58546741756493,336.05252579833353,485.50629466672166,327.6211114137607,981.8656964778626
1207.7020305112392,387.3310502598195,435.8877176444428,239.98140756470198,418.16553267955055,4.803674335917796,502.5476536953042,742.2753431414309,456.365183462901,26.773672828398325,158.54734544598313,555.5415459357145,127.48024953292912,412.72719547580033,606.7914059003571,186.3967273963645,395.66954464068647,522.2696849346461,260.7109868179707,852.3297014331869
699.3802298747514,302.6967506858151,486.3928345731937,231.796535863236,393.6066078015728,5.858868237325447,305.9455069352143,527.5689848007295,475.927002713485,33.6281454383609,144.0019714897815,707.5980085793387,122.54923330696519,394.96599073281743,463.3398993721262,194.57163669033872,369.64250887450504,696.7439976288849,439.141372426218,1077.2777147331456
952.2066792967919,536.4088097690142,378.2285990764398,285.75613000066085,357.6018042741306,3.364260687835632,360.35864617606927,856.2406944881412,447.5741294008185,29.964005954767433,119.43469878284051,590.9577234894668,165.91612601744797,340.9622458298629,686.3097141648838,113.65866571226118,403.68386743309526,341.9783903820835,302.7551984662878,678.7877723855011
1099.7993471543741,365.46704516471306,473.95358137834967,205.01564494478788,382.3158572965897,5.783342990728702,451.44343502036884,739.5867798415154,470.7830375026839,25.78417637935658,148.87921683827494,751.7197659939873,140.28331371492663,291.54761701358285,504.884711848799,180.9320746942854,316.48526737424567,482.6054087059435,350.61117333371584,959.2010137970251
801.4549828245788,288.17396019264856,370.9025567462322,286.5294164649158,309.1974144797939,4.023800406445865,302.80966610832087,611.1908380240516,379.03574307604833,35.905267290607895,71.88152881907324,484.54924797663944,175.95976513071508,429.99133758195114,473.2341412635941,149.830427329336,329.359798990876,508.9692211523982,374.4105969318774,1068.029680109943
977.5931317388779,454.76109836196764,521.2680804895455,194.3192850588132,438.135336653922,5.190568221986986,412.72277864002376,587.2601212921129,560.1512641177499,49.02613933307029,147.05263244294397,652.3001745821648,150.41025223426598,348.33262073005307,600.8021448165733,153.9979695294363,347.85738196559396,474.1063879221698,320.6073370087783,1189.6601494445042
798.0443258646831,305.88762898067125,417.9807016809446,272.26842084371174,397.36587087496065,5.923569032739868,359.88048257636206,765.6951971891623,515.9191095314575,30.371337105401583,138.33054487073844,452.21324275839356,135.04937781377225,564.5568432164165,453.9861634555801,166.08889449436424,317.0205861616902,471.5569122491774,320.60058268490934,843.0360351479869
789.0208773394054,397.1465040533334,372.14415568380605,241.09011544704902,438.37059496947484,6.126399555146043,423.765798943157,484.9884077386047,458.6984530055201,39.82456787209982,152.48002438937218,538.963958742293,141.2143815576951,415.4368555111686,616.4979286172427,169.67838744972167,246.47695147671672,643.9563430682238,228.21740203004362,1030.4442829985474
1098.963532695297,320.0710905282159,423.5552311885651,196.32889245893662,431.13896531994453,4.4688745762348825,376.77505935466434,582.3469338302555,423.7242995077048,42.419549084340595,126.2049389667653,516.5421732699695,111.41558086921918,289.78700792882694,472.1891898984431,220.51035640126798,358.20551097295225,323.1186893621192,260.5458475782881,1305.0156987438163
849.8496840264415,303.8544791940332,453.4063472698863,284.69943035542803,305.878696048969,6.539083704330923,285.7832467135175,502.62477760356154,526.4504117916362,35.21362204074465,81.00612445697729,528.7053585532897,158.86678471756952,406.54266863663094,362.0683612107428,218.36038924227734,416.7005680776416,475.8665577693635,282.24252003927256,971.3247454635941
963.4631954450292,358.9650407380237,483.1375326450668,174.00233911201045,335.3362696025328,4.365158490269992,441.27833842930215,566.6536325721293,626.4177327383668,38.46774773721127,168.78132917696132,639.4441587950978,136.9559230623168,407.4346045501621,437.134018730168,138.81313390834532,300.98408532757685,489.1917112576009,268.51470842484787,1044.1581940062308
872.1471760352367,385.4815541046995,472.0874622425276,311.1010405577396,235.07988799482843,4.6987559371835985,485.5053283072287,573.5077361547025,375.5043848147614,51.57315007607976,160.26517992760944,416.89171950690775,112.69691110808213,355.8334578689529,449.5323532570896,164.8814276887439,387.44400008093623,407.853164473785,352.24986455009133,1119.890080193305
1015.9820801314344,416.1247236609383,361.50788677631385,282.03035988208336,362.6403885546593,6.376855824620698,479.5065551101469,611.708153442169,509.00988441920913,37.774887724817674,169.85547074524845,484.9251502782246,152.92611470371227,452.3499924779559,523.5655506867793,209.61321034019196,360.82761196578303,531.246437412096,369.54501255709584,682.5843651560772
1109.3019235308884,404.59371463584836,414.9416422348021,284.11711426981446,262.1584141971346,5.219982092722809,430.901371425003,803.9987074753963,625.2877499278717,37.60559518549628,108.42968502572202,657.9363766404349,117.89955556133083,381.0447738007386,542.8320347534152,210.3668118362379,454.45073872153586,457.6966920423023,280.08717756519366,1165.0691025319557
953.0154144297204,300.49744930596114,360.77858414952203,259.870969590193,443.3049138664074,4.6088063469125995,380.3301056124472,666.5305190047585,469.60592905376797,43.59705759006886,172.8757703325562,538.1827019843184,172.79050743523595,502.8453589374509,555.1270900799487,132.19719236491133,414.77593179140257,409.21968277967767,272.6061270369865,918.5748502692046
983.3785265907725,373.55993157166665,427.2124412672665,208.91043287138123,394.50809057275944,5.353258127593673,439.1623944475891,411.63746083773475,546.1212317385933,42.494045073114506,171.55863878803913,898.9568835201233,89.8177363522529,360.4254590518821,467.6632451916638,101.46630379070689,406.79443949314896,547.2586673333009,251.1033743419957,792.3802132066276
1081.5863095136792,375.459041487514,214.45740355384217,268.92935564274023,437.4757241303285,4.978778245035379,334.7629210619732,554.8265185099059,489.9422678061889,42.67668102918013,153.70353243929267,670.6396424982506,148.40043860887712,346.9333377253206,613.7004503338346,183.893294141754,477.7270339670183,459.9479949759181,263.3975307717219,1080.7315375099865
1009.0072235301077,401.0683308711183,324.86069218348365,219.79292863213635,453.78666909083336,4.371330135315187,518.1847135186429,525.9927883886202,371.83236250456105,33.9136288673166,130.22878067984277,476.8112921377285,139.28622991372063,406.8019912605934,404.7154778492255,173.08474460371417,223.30499583490783,506.34087243007497,259.7815953460964,1026.0063917099515
981.6114741505183,317.3616513706764,402.16585176389344,280.6944558220169,310.0207549068779,4.415325861518239,316.8940051564313,657.4626475445197,463.11490131314474,47.34068100620094,143.61990310713995,835.4458896671694,130.9185748371574,341.4667001433302,461.4675928977453,181.60383738156156,320.73607053717285,446.8357909497568,280.4259444935337,960.2890245123666
907.0216179030699,375.58228045903667,470.2487943766011,200.4913512977586,347.05312631307874,4.866784754432172,293.05792762427683,620.1232792863309,516.2580859013037,37.86608843920197,120.12957154802045,554.6964449493448,133.37749356741227,305.85308650080447,492.9960866633027,141.78263578315799,405.57036822877524,371.0122862766448,316.58773981277227,818.0459148858832
868.7998203701711,352.5524041696977,365.0034805362757,282.882162345008,500.13240384870386,3.7349055974614975,301.22968216869026,804.7133822559582,683.0678402904529,48.083384564775976,154.11639737475568,1037.8416578650124,147.1522290560929,443.9567740018423,484.14293415871475,117.08302080842945,256.7972424751705,491.95025765941335,211.62771348257877,800.0580913334985
857.3023682662339,282.35860175404946,280.51300874710046,198.53785436356873,364.7040164813651,4.729830660896609,524.6336473340324,675.3167320656356,419.7469001773795,33.60708486461641,167.12679034096652,693.3849437072996,111.39668914438442,346.7677372394947,669.1419329102287,208.38368167652484,390.9075175932908,498.79452376279426,277.1673923627529,650.3344270324478
922.3337877301327,341.9394528427251,392.66643247429494,222.10881926722155,440.5123696895816,4.078337266623022,396.7378043962903,627.8071810547729,575.9723990556843,31.479471764257195,178.8071808209923,680.648585881701,176.41380625932743,268.57270800211097,607.8508844805328,180.80667163442655,325.0418170870941,464.26486823132865,282.3371462735344,1045.1834846206257
972.0006274362814,316.49917968879504,414.04523890140985,244.36577620741394,440.63564168439405,5.468213426433035,347.0226557207149,431.4495745014451,446.25991129340855,27.52135927470347,157.39159329122316,625.7062015420485,113.15717977911876,300.62704188938744,440.9488920538022,205.4353154864999,359.0131454505655,312.6221388303883,347.5900499881521,557.5280131962454
784.9585934734264,411.1663587246053,414.188396885635,165.12872208966414,369.20955580498656,7.2407229301448695,346.91604461229434,676.6026634911896,583.2920247498704,59.35237851222489,140.27668891264068,639.1470277549042,135.5388136316187,450.39940339220794,562.9108536579964,158.8263876909185,362.9675648780637,433.817792187621,350.6381992376145,1050.7915999227655
672.6127628655144,364.5696658378632,358.03973449705893,283.38560060110484,435.91391776504696,5.634708784112969,537.6084731661263,675.9869526022934,447.6061462555173,39.101505664936205,142.28675445682197,808.5130568480224,130.05275623629458,301.12177241802567,576.1896260167498,145.6372854990622,314.49309967407703,513.542435828424,343.9356727375088,994.4062475500874
867.9140486343165,316.9364437574978,508.6495453190069,215.892282623093,503.42405329872196,4.308216600965344,433.21034390179955,645.2101891967534,564.221453845749,49.14806546541578,162.48463504331946,721.3955884838332,123.98295089227764,460.75072489269087,574.2046024971078,231.96747896550772,260.9857211237473,442.0834174587069,411.58352971603875,914.9446633987505
839.3551601225354,313.7914258922258,441.1074921391965,248.33270825990903,381.32667431338785,4.738028451484159,518.5850810897241,538.4841944982843,503.7279653117365,42.15912851835111,154.83869761414905,694.3342622573449,132.7945495680419,397.78042431397625,534.8864019028817,175.668281435311,415.8172937075162,404.14055827679624,205.00098815840158,867.3021872102047
1026.6967095241,341.64978898353104,407.24493648593847,232.33491264331676,342.85454482228903,3.707110642414926,339.1797109246287,698.64316779277,499.40321481120486,39.00641603166878,157.77826019168455,726.3669985045109,132.43761644493665,404.3626735611627,554.4731472072083,156.3234798747551,346.043931758168,581.8194410378441,347.7393066018835,1094.2581556050382
1106.754933037811,314.29353088835836,447.14946818470366,239.02285515399385,408.4566295971069,5.314205796522041,409.2653114667227,664.5378449228303,662.1945871189614,52.82785406379132,109.73313249302042,702.9829808170213,176.74638364728898,305.9877601181511,578.637720351953,157.89452528373008,273.77162227576747,408.451523578418,218.27337309098465,1038.1267012053736
871.5706484250388,331.97634699961856,463.9474981111097,158.59558500211523,373.29087127845395,5.14941934480172,362.71280453728957,517.1817365534279,597.9485038321469,29.094179915098675,117.66316395941223,501.0606356714584,178.72408228844867,476.0575811692622,437.17070349261263,181.24733111584277,327.015649340585,584.531741785367,324.26773020405045,978.408336854192
1233.4767797266493,318.7180011243351,200.1100620663809,183.87125698330937,253.3601855147676,5.032579210631292,392.9760833621108,755.4875419435418,423.1708589327145,41.11640018687925,176.60288016997168,495.0849440701918,111.3360047597645,378.4404781301407,301.52307245123234,155.8373480254926,375.2068320758026,495.00419435012543,290.48577765335665,1136.548835612652
898.8480175522396,459.8398113907494,355.2111450392811,133.42692426135028,202.42882539620717,6.216414363374904,415.8694141693587,694.5850913568335,555.6122510113692,45.196961119118235,159.47876596655303,468.0400964212684,94.80883595869771,294.80755764180475,409.49942078614527,149.81732954206598,310.52992455932036,613.8744719012456,380.1869834688259,797.7409200632874
785.399394491018,397.28000810721585,465.6796022935621,236.65832531959225,392.4621655205474,4.766031808122552,355.4248241371943,749.3648398021222,638.8367852624153,34.64170047122565,138.43357184925483,655.4528286840896,141.94853049750134,308.8812772510012,565.6737980577761,172.66751072587314,442.1304091283058,586.2876114443362,172.31991270409762,990.2660548092792
1224.9150151044892,418.12420616346895,523.8552992637465,295.0954206705144,443.09351490022283,4.383294103464632,366.6560250540728,540.6375304061327,437.89969129613274,30.092178562850037,135.95901905670618,720.566447957097,118.56403618659809,408.4672121872929,490.72002649360064,117.17687497252786,375.4816730137949,441.44625315371013,193.90230162768182,1100.4316037317233
944.7272910299077,353.1023469094318,410.15305649958833,215.62530752344898,339.63550306487815,5.185756905802316,400.0288721962027,587.0132864385457,488.09519950700826,32.66337326162605,142.53969018175002,589.5995139503235,144.6905373908247,260.6285671215875,627.4564165050066,171.0214627511445,436.92146044555136,295.6827061147952,259.99289895684706,919.9872136637626
1017.8373543187232,347.89998248783724,444.5954722842361,239.88949185077664,438.88178227337903,5.729463305687899,500.8616696880546,498.29075533330115,423.86136991208923,40.25646111130649,143.95279874536715,523.8794361201244,112.45720425573933,343.32656764989764,388.38989163495046,86.21854680323256,236.93038144666076,448.2259681373656,268.4735238247498,782.6023598493343
701.3272269107636,405.33282158321873,513.8677148924628,183.75177463258882,332.9258883559596,5.001098760985432,471.2585412960975,737.5126632740198,481.3269888216352,33.81175557592438,159.1639325186312,740.4210547501988,158.32333733463273,452.0625807757046,613.5415380207376,171.2870234981536,205.59867260256172,427.479618132941,255.9433983887202,969.528219344676
769.0801721317173,273.4501471313002,327.2143198040053,244.5004175700816,508.37349123130383,4.601408768928985,350.52133104272383,643.7624260491984,312.9570203847509,28.444034941438595,88.67999357949239,854.1130942538839,180.63902798967524,464.4771228025337,387.4839270986517,157.2874066240586,215.6494712893951,484.44181149038747,354.211209466673,781.2750033027112
748.866982026059,327.1236142823772,298.48482165614803,243.718352329544,255.68794707811708,3.5989788097518547,374.96089273460495,755.312378666151,401.00950817525626,36.783479249750016,151.7951758945721,542.0368721553735,124.29024952824943,317.4676780701122,445.63533732054174,117.87053662627284,290.6038141341505,304.25849333449963,207.59849722211777,744.5030994255148
1096.9463772714944,357.66260657012623,416.20974915618825,182.42125994306488,384.7569672914364,6.248522592203885,546.9006291134915,650.279575991404,512.201384507176,31.801434828073628,192.48038223303604,696.3845382827751,143.2051033302577,335.1473416225326,553.6655133741853,189.15253176994054,343.0092649359373,453.4838905741398,273.05430862252257,847.0719882034315
779.1988729874415,234.2499661182297,386.35451555624644,204.72927429280486,396.4128651363326,4.870714661197481,332.4801286185209,493.64654168594484,422.9015110796027,40.56238744114886,119.38721086576754,699.2982053289425,143.0330435460956,369.63093930409326,455.1233176358187,205.76155278573998,352.08745756001605,482.6827417866878,224.3739765777384,977.0686665485078
777.8715011927287,397.64086894283366,474.4247026394804,242.23565601532275,500.0711883237017,5.838651534609359,300.9607568963609,450.21260974797707,490.7239925158975,34.52525612205845,211.5538951840146,461.2331825060335,135.83448027903296,512.7989866508194,515.222860844577,164.3850398220621,242.5072715568906,477.75215121532847,238.38344308764363,803.6200127593897
881.87221612959,222.7245169802491,414.9401489338194,259.27227121251144,482.9882565068358,5.656743361486784,307.58858148229666,766.8301218228014,577.1739417278192,31.39577938211563,121.43882353278744,376.4830259204114,131.72489365509097,359.55690404823923,519.4078590962447,169.3815618875347,310.6177276901232,516.9154567246189,217.39246208575457,851.4816159459073
865.9614043612808,271.4538280899045,333.6510785402716,146.26485528573477,359.9922562849481,7.127395159169247,284.32204581840807,654.6940211047526,573.4252575137563,44.18363122864977,158.18511437096504,578.7640568073188,152.32582931111236,417.10997587339733,532.0072206365519,128.1438512651431,335.8658981634071,503.4020275340882,213.29581527711986,1171.8474174318649
944.4014404267541,270.22903475452546,424.3633491572966,204.84042602184758,346.2966480761128,5.088268584071286,413.44644593340826,651.5414505557922,397.4656735478235,41.62969418903696,122.07813144321622,470.2848725213979,128.21810292757112,568.4003272424959,478.4281607020421,206.4274118154404,423.40276315691256,441.760245489025,369.87123462837144,832.3711208847691
914.1528763890166,483.40328156898494,476.84779410913495,151.14203834556787,527.7777032859227,3.7009802813618267,463.45431884463557,622.6021717504709,566.1515113970477,22.44922467973015,151.7214542360491,479.3854665073602,155.7045382845518,359.87393557728643,541.3369992986809,159.59227372058626,358.50815913355785,458.5175097108662,348.33311211467424,725.7145631654319
993.13042286472,438.242807823718,482.3958101301098,189.28173738913523,397.9148434417643,4.738559639347696,451.9502358228078,880.1395004125578,554.0900816040651,44.64885389887649,71.32393448787741,582.6252505265729,129.39843303527977,556.4120763925989,523.1696979817501,191.41631064937312,399.91432727096674,605.4864540664955,298.36085711215947,1136.0854824519815
852.2379730662622,467.6981658579854,323.50263021260906,286.7227970156508,370.78156955746624,4.621128928120266,436.01423497585483,493.3709119916529,471.80282488781205,44.07975840244737,183.66504377567142,763.3533053530068,130.6724159654726,379.99538557398375,455.5461505393244,209.9336163822147,449.2840294880529,374.7236294090188,295.3346839470269,1020.2814390516766
882.9654500546278,457.8920202309373,474.21582561843286,241.47380828149514,444.9698840043503,5.0852372859528305,418.4747363574256,627.6522049130713,583.0634160683378,23.285257264664295,136.35902549627036,686.0507027739224,185.96011396483047,409.5604991737318,664.4244310935419,104.84374779275379,335.44655964644653,462.75859386644134,183.62818713638364,855.0949647630858
995.2525957345598,490.5837040731832,405.33008625294013,234.05952115238193,552.3897683226243,5.26397227725215,437.47574029064384,420.63495940026314,447.5228327439277,40.83402665996945,188.01299562668575,563.7994093463876,137.45883035642564,392.12705863182657,400.7911773197138,180.08223900091645,324.0083769040092,466.13071156328334,326.0784457369783,748.1616151248977
1004.5322926248257,324.10684083282445,296.5760356009775,200.19247422383785,359.299744121221,5.103887296983235,338.3155947530265,558.3939931475727,304.5352324568851,31.59786581086049,148.58891815157716,677.5789073235366,127.27841267994361,509.789241153435,499.6286647179537,109.6367238361447,340.23364781199473,573.0822267579471,255.6470998433939,988.4438503182763
986.3999312089505,230.6202874590502,448.508767334007,247.43238582052763,327.2026447739723,5.141120595733836,415.7434474494758,727.2583569265539,501.4200703219644,30.84192807571844,96.84428845593331,805.0511017882691,133.32052022462847,286.29612076345063,320.257534502281,147.21884417314484,345.1733037562821,547.7591902433261,287.8352766811805,1036.1533808888662
1232.7422727988394,441.1090254783709,384.2303579858642,208.64297019753755,392.08141364767295,3.866499509232825,437.3495500508529,704.9112504478253,479.28333252124827,37.653221417240005,137.51044177997773,740.6569376306855,161.45780013179336,284.8401301973536,575.9185787377196,175.47443184325854,377.11560172942086,382.0982660850356,347.0779782322214,818.5069771115056
835.3527579334464,386.34737896829455,354.83268938794123,221.43686443077823,279.341266935064,6.282941358610416,444.56669894042255,693.6260425414619,612.803646842588,32.082264416369206,141.85240455241058,640.693181170742,139.85539508660628,472.4354158876799,563.5111622477982,119.18668916281752,272.94659423571136,497.1220496309029,312.9640185670369,942.2338860425243
717.2942996534259,347.2870212802713,339.9937863163262,194.1336251802516,415.6700096648219,5.900976786695283,379.76176110531236,739.1083999586402,532.9804377238214,36.12272105321862,131.89459702365426,601.8302421655882,138.27360834667346,305.49181645024163,747.96657957844,191.3216683672894,437.1982885856687,249.75107845546233,234.90820032547916,1036.7733157083367
1165.4032481191082,275.5812390711977,420.807186400981,203.06553249793427,324.30370347694,5.24662488829362,406.50774210385214,626.8104240890029,491.3153451322709,29.41711528519298,143.31193216614142,647.7831751836809,159.95331965861288,422.32190579770185,485.2206243708149,135.2787428180544,327.7781907650131,479.82774784286846,346.72571974276264,533.0592077151662
1148.5563920792981,355.62907212555945,304.8678889789519,192.03388604050062,484.3232131425023,5.954133522516292,299.69012750328125,658.2965544282703,460.15682956572846,44.52682580187929,146.58415189292361,668.5399347135912,122.39077633426388,386.415255146575,500.967653375036,181.2627850293995,430.9460636209249,473.0019294143759,293.1954725403329,961.6966693969355
928.9990959784338,286.05083115252734,369.0891833642008,229.6230049759762,395.4205059708309,3.069575457820919,364.7707649368457,468.5010081845188,349.0585777986979,39.14481573849115,137.39288520724205,752.525325060898,160.73485131685118,459.2444118597051,580.3505691764015,126.54286843859046,417.5176124763233,478.42302696282536,239.41273651897404,908.8715946532697
1067.6396629628666,403.65215219124724,360.5063424953716,204.40866347412134,407.8314320521361,5.993767173561433,434.8036103662239,685.9006595139288,578.5830280423371,30.064502160782233,179.2903210247536,629.8579195169021,165.42913527633405,306.70817807988703,637.842261706563,135.5158960188516,260.49987612954004,542.9823509279511,306.97124726856424,953.5429961054646
1097.5227212893687,360.27708203589106,559.4050686622943,294.87720665495397,368.37938607942544,4.956899036193477,376.2426087877174,483.82182329322757,356.39974545743166,44.53533014338971,174.47391971239242,717.7454170528907,131.61223498330426,359.7476460747135,469.6934121047603,212.18882688637382,428.11371885919493,320.08121804553923,264.9630095761662,872.2033048597634
893.6804071204238,435.6339651659082,492.1945044898179,288.8582168296226,412.70566994715,4.560498112227835,384.9133385175909,838.9922480530615,649.9226213272012,35.30968916878394,160.82860603002828,569.9279306119587,115.67582603304659,498.63511227101975,404.6228147130919,193.11854293040344,241.48531043361865,387.67926557642045,323.668253030091,1022.5578375800933
1302.5335081039743,243.1381429145772,447.046061144484,312.7358927665082,324.42888395721866,5.822417969616616,469.3326721293423,570.7709322886875,380.91470937916426,56.125553761549696,148.11434249126756,636.6921907071616,161.32180521399727,266.1504427348027,526.336066417537,108.83919574634041,400.0361192786967,471.61615830164294,288.8801712672206,1165.0363106956095
809.9236458248313,494.1638836258745,437.2379468976133,184.31157657964783,306.0728238181998,6.448110432508999,359.5867153931991,614.9174839547711,472.5122241305641,38.97477994304281,184.67725349606025,789.3160834434746,126.00340289903833,456.13343058319606,419.0663631407769,185.94054051173424,323.7430707181131,513.3510097982693,247.70449722466324,831.3811952191681
1097.0521133822917,441.07873036638017,407.1076029611483,270.96379908973006,355.87341600602997,4.604514940211157,279.1187685484878,597.6287938210555,351.96084217321385,40.58781359626951,137.51296301129688,478.3133847738379,169.02338702983036,406.90132102268274,526.9599373791746,219.59096592734306,413.42685356282306,443.23607956489093,210.07889358187538,718.5655949290992
1110.065889588162,292.11250153773955,400.3480802625587,288.4468789562838,420.69544492306466,5.455035140093625,456.6653740200169,805.0654505604044,306.70936001891073,38.99720175941576,171.40338426158996,635.3259706253725,130.91854513926745,423.6874967555011,592.7889236657003,107.51020607787979,330.55506298850287,282.84344393694727,278.1597270551148,720.1850937175286
755.4858241495025,464.04338739045534,526.9742205366018,252.38607945278824,383.5815135197167,6.718430810981199,352.4271262265376,571.8965507551637,627.5085117337261,21.234135683344853,157.00234041265918,720.0917746862316,148.72698878010186,433.4991955331435,543.8246279219312,158.20999203284396,389.63315955187215,481.5921446010235,234.41954732763563,1077.941425428244
615.4232999951275,402.2889273370084,396.68634229735454,237.3262310385249,371.46226559045124,4.5599402613480615,482.6353588535416,671.3748996161494,597.9398184187507,32.14212941483825,153.51399856281552,529.407359245973,133.9861646983413,336.49359356454454,438.8295012745356,161.66676735490466,270.67734143971995,514.825663839515,292.51844147141077,1027.58870283448
806.1384324682512,298.09010206015057,450.8733762318551,226.1611028310927,367.0601009647599,4.548723367337687,509.2325434509473,764.0358091829545,442.21970028398533,41.23547970720717,138.07263013338732,571.9311462447422,178.53237691678174,395.4114021846857,528.300573137591,135.17342218947346,514.7284753550463,343.35966008559797,330.07139100513007,1283.955014639509
1040.1659335919833,398.68048933504514,514.0586717620884,225.98968899348714,314.6641612062438,3.7216661771837334,336.69901550982104,614.2807037152476,519.1063261724897,32.72432597722271,86.35641426210508,680.092815600771,136.98185252933928,355.5964762109625,577.5120963224676,155.45374387204112,447.70891725217496,434.9765198830082,238.8589395084069,987.143148011203
986.4773693016563,447.5020104265231,424.9982527513195,271.30729028793513,444.28205556632616,4.104184397987025,442.3834552440186,657.5719838632289,440.9648034171324,46.6275359157388,101.55685614354223,739.5381755542448,149.85221560423338,342.30154313326597,568.4097757076576,164.3593472394254,433.39818656794466,486.1775678669328,353.6774099216485,896.801595333177
759.6815115448599,266.0374133297592,500.35390632867745,210.59992044681186,335.97189645565464,4.833378502318557,457.3841210252441,486.05915474887956,496.6690626966014,31.93118345634992,159.43276863291183,590.315317770633,157.16351892124612,404.6208663433369,646.1036388490339,197.39389079346677,458.3098092235999,374.6867971722425,436.59789355132114,937.2089670220134
995.2097869088198,497.65725464461514,511.58016151664503,171.44775923164653,437.65034202525493,4.265847555069625,452.7510764500616,921.0091910645183,506.7140843468947,39.722181705232174,177.18403132378305,631.596354453667,128.483062559786,394.55290579671976,612.8874999983593,134.68445034478452,436.68497070300975,476.5784402925936,168.0493941275372,1202.8611289121582
1284.9264019779107,569.1489001625011,390.3756221571324,238.4194629705638,405.27410129433457,5.49529078198221,388.0971725069138,668.803517079753,472.58222237122226,40.24545363209724,136.22366935889212,768.6964251579615,149.33825704566,276.3650983330683,523.6901057606026,130.52123585820354,360.753851880588,411.2570914676236,265.7750787912202,1125.713184237308
1155.3438663468146,385.4884261457729,426.0193572607875,241.57090676622514,358.4715193236653,4.128987183804228,372.83165470402645,351.71333232362423,496.177509290115,41.74056134464384,145.9860503695629,720.8973675677992,145.04321736578004,425.0525773482194,636.2431992027009,185.64819653845925,389.28129223070533,633.3705610064495,260.8568978535537,659.6097470758232
907.3600798806523,434.7174206602726,485.9949647154193,154.28139347158697,418.8647845983148,5.900717391646009,374.78295669533867,417.74543114022384,293.1000980248067,36.47626529846145,154.07857668145684,426.42121097206063,113.2450344486942,401.6928518693286,502.76050009808057,214.00927024103896,366.0817425111444,634.3928140357821,232.8021366578627,925.638549693628
792.7202812320785,405.6873899963736,377.857077458282,212.26678487413048,367.9528879165541,4.186280943519424,432.9569695238828,607.8213424637323,384.72132343083206,50.0319220968873,147.5665995267334,709.0511784734397,129.4958498850221,499.96217703581533,608.5190553272245,215.11378796776796,353.31461093036114,545.1510767605319,261.19507058200736,529.0757534842749
1031.6309481794524,438.479930678351,451.01737452248966,269.982397544345,418.41261243926516,4.923728094042853,358.21585518718956,522.2174384632984,418.89064130703804,41.745487678126636,136.2430922930328,645.2414683772896,154.10767659227196,480.84972240299675,594.3150745723771,196.55721853122287,398.9481864623741,409.3645736822636,247.9460386858245,1073.1437257683556
1106.0269771839528,508.04621488719863,354.1822848419133,228.7821922649719,380.7845506366931,4.388276540643956,517.0151215764741,698.2119108842578,514.0187487022395,36.04229801977522,165.88755374919887,635.0902845950734,94.18802346800302,406.8872080178875,415.194886379747,165.28740282123314,435.99437073396825,462.736379135319,289.70439152376764,715.4475651877863
947.6331360081928,319.81653801634565,487.78550878226645,212.86511703745086,390.85320406199105,3.427896387493681,464.1275972163902,724.8447955909054,618.1753464670612,27.78914531200772,135.9767284173181,654.8297766963622,152.85459678462882,414.2638469211778,534.1632513680987,207.69115387531394,270.33606326750794,479.40583689095786,316.3004607726658,866.3979726329364
977.7952001644308,378.6124794180839,366.1392643638506,245.92134601222114,381.32556589816613,3.2958110849683075,432.69038721145023,774.2573046599233,610.0511135088027,25.508046599045123,169.2677892625189,437.1317127178568,121.18455813121048,339.7395028146254,718.8345437593701,173.8433058459673,416.2507020719113,570.098925475831,264.1961755653215,944.0350933623791
963.1500337264058,316.59148472044546,383.67642891541584,198.43901950104487,334.4242456842351,4.115293615361585,423.41680634841543,505.2922022289716,493.01201233406925,46.08412144345324,177.56163429743853,730.260990189294,142.27932832982154,460.20701289172655,564.153645078478,170.26606368063392,370.94286407935556,456.230425514672,302.99097755156333,953.0549335028713
860.8062797394973,403.5439788788325,417.98435310962196,246.22641732887078,445.5861487460739,6.461068614434353,360.77293661488136,557.4716807760558,580.7797886812061,35.124699941150816,147.00015380989052,414.4084187806428,146.58360576329284,329.92793453339766,613.4435213581835,120.36696194907918,435.93722152630426,549.5617282623623,319.2460196721778,754.4923793693245
960.8267819678186,370.9577231461643,242.80718531391258,265.0966997349088,350.4757428908466,4.628270469974395,386.91709907387394,624.0264383909449,290.84316912471695,37.091128819393695,183.06449724621996,624.5714183374687,121.69294541702217,321.003353627108,321.41516031269424,172.75322616150672,324.3277996074319,457.6571795130419,343.4225964538552,955.754834534076
978.4523788469767,306.14951532818753,373.57420297352996,258.09749916568927,387.9057361802854,4.263857101646117,418.82691879726656,571.292705724369,426.2560475210497,33.7055478408268,195.7709401789233,521.3176829910137,132.8421428994224,472.94879241948473,582.3122891594197,162.2037912662629,377.9049592919185,356.91439468434857,288.2313313000459,636.5038019593921
842.7562270285106,442.5110601109503,466.6930370528131,215.99851286036005,427.55401439921354,4.440392587109139,379.81173776436987,639.0247160382813,522.5077278272971,38.19877415699653,152.65791099749603,674.7077601539906,147.96233811352639,463.1933553770705,550.6808262325645,158.16495593131188,384.19164962010507,490.13210519840635,303.0500266000173,1102.0875895300169
792.0991197039737,424.8409218244717,680.8018103852094,258.40912052142403,333.48364724379536,3.7649271303059724,426.92185485636855,656.5014565058201,465.56500090988595,37.67405576494919,116.33551905703244,700.3968314573289,170.21554075326216,440.7329756400627,549.6405261019149,200.97110613704197,227.8214613664614,494.8834163226495,270.4338771718225,1067.5709638083795
1032.8246650867422,198.68380018001264,359.49863195219325,295.3242110391236,412.023978783317,5.263437659019097,466.5825710517983,760.9936304872753,410.67099483001016,40.438039099109,139.94390156072416,680.1797590124063,115.83049998926526,456.51922822526285,423.7690734622536,153.05344280394283,255.5624455453259,469.319378631928,304.5579609386086,673.8991812063526
865.087551931062,336.66879038634414,377.2726203593436,281.30977574613956,413.97946664182217,5.396922511809728,355.0413742284177,729.2356841610799,442.9010152374358,33.13055126381665,161.4176613757839,361.97116695108804,136.4064078594097,472.35809769171414,545.620631982237,152.7455776339285,280.6085765839508,541.8609066272774,360.24867743315184,980.1502606311423
830.0333178673759,371.80550918314015,500.6329676239623,184.85108727600118,371.2186976968084,4.758091472797595,551.5557469728336,839.4197872273463,535.3034540948767,38.62016584665837,176.1802133554731,650.915529073295,155.89929179321626,348.28895271592677,522.2379190961547,158.60704185289526,412.9101532965104,515.3847244544523,254.35879257329015,843.3479817338015
1077.1155103695314,339.99995614181,517.910882886945,275.95098705571786,444.4613082774544,5.09424275995765,348.96200658514476,472.7026829393218,493.2453998709673,37.98866204106246,152.39389192196685,612.7382803414566,88.85455252245382,388.4716136988275,439.4919228990823,169.17164341185753,256.1999219559383,483.7353268615146,386.52737147737963,937.425925238685
816.3835564387074,306.85218223549055,399.82723582870256,234.52097806634143,333.1725234889417,4.523984002225319,524.6659719817176,564.5746196221838,392.4531853083763,38.671782392661136,173.220640399789,655.3034938016866,136.93021332761396,316.8117349179094,597.4188483546594,163.30633849425237,324.1573829955078,565.0222797457162,187.28985273512774,966.169201063728
1059.3225036498661,368.1356974720339,365.29301651314495,177.6064747487982,350.70524704114763,4.629666626285523,400.5485077033119,780.7349943848467,442.3720446052333,41.06022707358345,120.17602058611145,608.4375554842095,126.59484608632184,458.8195413480108,578.7891306646802,163.77986847701828,305.76517928731556,499.4178935361096,297.9595185600183,697.2531204689816
955.359869585506,418.82177572194,284.57743275224027,239.54806701399255,279.039239262852,4.749988404611592,439.5544050603242,482.15964700603917,553.4110842779976,47.071464583064845,206.188491379118,779.6477336318646,113.58276175149427,364.8523995562625,498.43307978791483,178.91900687158795,307.11619792030024,408.9091604995713,294.5988007205081,862.4401693299017
979.1185801128667,507.20141381946075,403.0646011084608,145.35793588731246,365.9393003140902,2.797597761799894,373.42003137548414,807.9123199735889,510.18774460054414,40.150492819573635,122.1245789460413,540.1934040686828,116.81251668311478,488.40034224678675,516.5539177335621,156.7624034636126,428.6004357982056,581.7260141612202,257.33747410993726,1037.7034573875344
877.8123142554094,350.9091861042501,426.48201912256934,260.74271024390015,341.2713768083027,5.403257065484097,446.3954641428958,598.75621873153,507.80257737959505,33.11014682298815,178.2953159082672,597.7150023663194,132.00944739141497,396.82666783591526,584.6063009916802,169.51487036505313,334.72053135164873,352.28050602161,259.93537769542297,1217.646146468358
785.0775512762509,349.2046472562124,396.5444617626992,221.50137013998295,409.74609893214506,5.2795572806163555,246.92467721830172,381.4180164251511,360.9053943909542,26.262827240051983,158.23187809950488,447.32766017140955,152.65517550546252,411.17738050714223,375.5453279502957,128.35004481931216,371.2992634627826,451.6276053396534,242.3988007255657,740.1490479178411
773.9326764918163,436.09553551927513,326.16705896793115,238.9813708302628,270.5147138116429,6.6223618510366125,372.92477059160325,715.2260025605714,538.2170458967672,29.32075144927697,151.0219266028069,729.0393345365916,119.9009803205343,455.7837152739475,521.5339929479444,161.12600264743497,474.0069231707142,516.2687230495009,257.82325635957505,715.0960109962367
837.7069007751392,268.21850560485007,435.85361605425413,286.63319468894883,311.0954914899718,4.7484966237190545,383.9289771812651,724.6333724546945,633.4901259624194,33.98702192224254,88.73586743277477,730.616683081148,161.25465468309224,328.85899699434657,505.6231463520693,203.21323872467983,281.5712657416933,394.922394721769,294.7992592026516,990.3736159558626
916.9532250296675,366.2987941882876,290.4920614622423,270.36455779564733,385.4912682218861,3.392945044683654,389.92593203412156,702.0345382309673,508.568977336672,35.00653620192662,152.2781621399651,644.9676679092,149.65803609843292,399.5806700122561,557.830787737714,129.99533451694558,346.5030087891766,477.2587438996939,303.2607779229376,972.9956742810783
1128.391046688424,470.6485763790317,201.55710842724443,229.08778890690397,411.41275389856025,4.936457648001049,555.7093347566897,741.7652642683244,577.0072167827127,41.64296385144553,125.00828667757776,569.7669885022098,137.90000681425798,425.5629302754407,604.6953011963243,172.89293624695722,408.2969528208132,541.4633512969997,404.1482944902468,1072.6731988242232
1081.3761088387073,371.1926888407128,454.4151205905209,256.88354066578796,353.0894195931183,5.79478056963044,400.9699695933659,527.4158217699447,498.36418561849536,30.81857270663672,153.233886886557,683.7194908877408,152.02864120870728,474.6734198109375,546.4261117371159,181.90424762627373,371.660721049448,622.3629913134973,253.171452093251,876.6111046074996
972.0200376489953,387.2352309201504,430.8135157908037,230.1205644700076,307.2542530109005,4.137923882284287,452.7539339306209,567.4642192588125,504.57253074229425,32.81083989747601,160.98099044349956,729.9088928318358,120.90326568311885,432.0302906059138,468.17478107883403,133.59403589039667,349.12923104648075,491.62555770372376,268.6172460977416,802.2114088320548
1105.9351839005994,360.1344387747695,390.60382626969255,170.55297070423927,444.9425486661544,5.00424465778385,360.78596583838055,658.0758783575282,565.6302951882539,35.72464532109518,162.86104838946986,616.2499314464271,124.23743710713842,367.7062795856365,590.3461123917139,159.73452601727251,404.9383857522048,560.4671779026276,244.18147382716938,1156.6910613965758
1067.4746426907207,424.29562622423396,264.5528800274569,180.59541144655074,371.74145238299576,6.588872695077631,274.1116258302611,367.59472718968857,574.0275250201646,43.1078323863032,150.630906167743,544.9442902453018,145.04102823298894,400.2839958488694,543.0090849285976,125.05103931030877,376.5264200453023,503.9101261958862,285.7224436077185,1032.3770984013465
762.3049790463363,307.8740131341741,395.57497730411853,177.8371950312694,431.15576797112294,5.479501749037661,409.75991028102925,564.5837928986799,383.50495762587275,38.24529372184451,162.4767287994396,588.7648343131419,130.36322765732092,401.2407292588089,515.3881791761302,201.3053102101552,428.96381015316865,388.2713226625694,282.81799543271933,900.4474145558261
1124.7606612595666,398.6262132887042,489.66525952150846,184.12523770894717,527.9482164395206,5.4994267297269355,333.2477263945042,589.8367343170302,259.42803151868793,37.84791762476908,223.88698174442695,639.5684861572289,144.3406612724363,429.47763043713286,509.85347196080573,142.76743168600328,351.8102025757959,517.1609040119988,268.3592749921561,767.6393524437653
1066.27370753449,268.11017201346766,598.500511902607,223.71968028122606,388.1521766230092,4.966341226222925,438.9289340591282,563.0989349070328,434.93357265144147,50.70868271656008,154.59652692046828,539.030201938082,138.56532627596619,478.7162526311847,447.2697632181368,172.93843306801458,349.44562754216594,471.29299169320336,207.53325495622482,814.1157256741117
694.6039814277324,432.57808053269,339.19822359553723,156.68998417740258,464.00573731358867,5.143172870799678,244.87783634832513,797.9773619427754,440.28847700473347,29.339642601984128,181.51202275076153,406.5486261320184,166.88309396898114,382.4125651048812,443.516785266302,128.23437845314572,233.27195891805923,411.17869926306577,265.7419139202573,771.3439915844634
886.379078676899,293.8863391212769,345.0917999936164,254.8382837943048,456.7806508892378,5.476508152121232,450.5795141495653,550.3611506031277,519.7613753467459,26.301139895626584,135.81184320222533,692.2780234550547,139.58218962071862,253.35080790216645,409.2195047706356,168.99097085596145,349.0443716673492,592.034752015677,307.06133388551297,903.3172336006223
1045.5526509815916,331.5934369565746,472.08911437559664,233.5783198744851,442.12467707500133,5.974080855893648,296.66325398715577,535.1290712579244,401.5173365496005,34.41386549124208,139.29280219798562,625.689184683721,108.75501706287685,358.77754686317115,455.7874699947419,135.1466384527833,467.459781614145,453.9262311099018,293.06467541496846,729.0051495592982
868.8490762833974,267.9431282585589,391.39168829805413,208.31448365221658,432.3635107797933,4.701976837303863,218.21436356739974,398.7519316537807,482.4377945177049,36.656633612150976,167.89438595013866,669.6097802804693,164.65131636798898,342.5698293117556,491.07404286106356,209.24055910621078,329.76080084388235,431.76199397297694,253.74482851863223,1020.6231924937597
1053.1748799408776,412.41307232511645,421.27728288526515,185.09685471955243,432.9180042630744,5.840480992558654,404.15670876386463,731.0709061317765,583.0819952368165,39.330448892064645,153.2461551027927,576.4733254989974,165.13784942209844,361.61316171851934,601.7007058904155,201.02555639048916,271.6263064138255,530.916522513108,319.2697797789269,1200.4219331147106
760.5565567446628,300.5836963141935,579.1395496858984,183.90157906502725,258.8367533288108,5.586674085551601,321.47662917526185,706.4731244019265,453.5652575902373,22.779573907354447,138.34772368466878,682.6033909824957,150.6530103661546,419.4494598096513,393.2640094312404,211.00259327439701,466.88221114686326,582.9997172199432,218.1354647689647,924.1259935587434
800.2250586743924,434.71379693903464,436.32913446751616,205.62658861325534,327.31765478168904,6.289868924293102,340.80484539177496,569.7458165041612,434.0698328495556,39.78747240217725,93.7060164014456,486.2227505695786,102.10487090499163,493.2388678834294,296.4884400406587,114.20107102866612,361.72806366321004,423.9525703731217,233.8229900060645,1085.7809474003577
978.4727323728087,410.91217534837097,578.8359621818245,226.25496954522478,384.93284836818026,4.916584229135811,346.82899041557744,542.9728640346918,600.7861969531666,44.56653044057646,174.15690290879832,721.6909139119704,173.56476218745237,343.2994064406077,433.6509162608565,157.3274392615059,299.3300731986891,622.6704059844802,157.50387954675804,847.9492860341371
818.4539641570293,298.14350462643677,340.59941481795113,196.2176842695823,352.65334440640265,4.087095045354604,361.3333371830953,632.0744666244478,394.99207731103485,39.068870320732245,155.91977721764033,662.9181230985911,162.20971204690431,383.23574241581565,528.3159302478421,158.56263156148074,335.23389856453343,493.1133335704826,304.50366483996584,1095.0060237368416
860.1411259677183,333.81195043319525,457.1540000608113,277.74403500271484,356.5003608538137,5.377782206316391,433.5847086401093,878.3665988085078,584.4483538137625,40.364066335112625,187.62575218561716,594.6328988913125,114.06447041388834,381.47511479192354,681.3583691256738,179.85955831806436,399.8086629651123,534.5670458663246,312.2755054590696,954.5360328185285
897.1000347265056,410.26476364146134,678.4852350578801,224.28523177630993,390.90672379711464,4.924736443634348,375.3984331104615,669.7696355840471,499.40258553782246,36.68160623656686,94.52892977111338,697.9411865220516,142.18699122706332,348.3242779532984,573.1804540742223,178.4011867018241,317.4115902476175,392.57751955389733,293.736731860497,862.1239014529261
1084.776012720756,434.6998922809337,332.66130559882623,247.1446088263738,457.13410933904026,5.115782072152344,397.68867918692126,653.0510506213551,538.5667534055558,37.066383648418594,129.7647396365819,690.7990179532364,121.60300663698973,434.40206839558857,563.2185317700392,229.3178444006075,298.165031750925,559.1820591713126,382.1413660699974,769.4261626795336
703.3188929633516,420.4508913530624,452.7359250519208,248.92641090717171,352.54169978492433,6.178892526489044,299.8538055283966,715.9717497191958,616.1259443234442,33.487370151432344,194.9535648311264,590.7708351280213,172.0799034751403,481.241294018713,301.82287371021425,139.2563821296144,365.8145358666156,380.1229638093069,312.1898010225001,951.2997985756414
547.4510745642663,510.151769920147,438.5212720618509,242.31436261471518,480.8153275356088,6.620790517038731,405.65032167822915,435.13733761936487,509.5344750004299,37.33198169862445,193.58059592847445,332.59336959005856,116.75103424961497,255.87513179590118,489.9583394477174,139.7497331347172,323.8754232805371,660.810919217935,313.9963237722828,861.1029574827759
1195.5459248950763,266.64912746407697,327.33983837951257,198.6367312912395,286.086520706891,5.585256307231657,529.5896058947045,573.8077623454839,404.6954503884315,41.00390966731982,114.74457071248847,608.9128936761113,170.47817084411005,500.0405700857599,779.5869702019572,240.72797319368482,350.63174750934724,408.3103543315,318.54464865454827,753.2700433028435
1210.8150540039655,377.0514190911202,534.640212340092,241.02340584103064,421.82457523045923,5.310474936125969,519.5305804061303,675.7801863272841,452.6398751325705,41.214034619810086,161.07641350848644,698.1733761709992,115.46730186473135,346.16696614851026,580.9494899830373,165.63997276333885,331.33251023568926,521.9975934986696,315.9426692715328,775.008652800044
1115.2822333729705,317.63241548740046,413.84357580449824,203.8075673794884,397.85735289628855,6.034023983504613,302.0068870462657,364.8929626736772,496.38252450468076,39.32811522202714,126.64058392665765,720.3385072331753,130.85026376752674,499.2325728603835,484.4807991101049,174.67574152797573,404.3861801566263,611.5451330013403,290.9955813260659,943.8015931696463
918.2292834630248,290.85896177365646,439.7977555446272,217.99004974566492,407.6460229119079,4.891534114465538,385.1567240913516,773.2478783624745,321.41328645265014,56.31730092259642,124.10917511400055,527.734355767231,129.03627486444884,460.46835435035024,484.18605185212897,156.05529452160698,379.4453800235805,559.1732801669444,287.0095158754061,937.0938613036175
972.5955706909687,305.4994899045307,396.600106536785,242.80995316968546,509.0314357815611,4.232558810817654,403.96822882416075,369.11366562523693,523.6030487819119,28.51132404752842,139.5945550846032,769.5868527494653,153.44411685208502,526.2753629685069,562.5201274225294,153.5024723030507,386.9491767988479,459.83938866267147,280.1092441443284,1049.831867520706
885.4387188345838,416.6081543961499,469.99183423329123,237.05942467431973,445.30903041235314,5.657741463843238,323.80095738849616,802.7250479008956,434.7146119152219,37.96270577378465,171.65559343118673,511.0084309078175,119.28132159028584,392.9975115042955,435.0210294040995,91.29446214089563,293.02092602098884,436.51967984087656,365.1648449261244,723.0181649508148
553.9932627825249,471.98877040599757,296.34437977287905,255.76938998110802,416.40639351574526,5.3407573485247335,437.05859539829885,590.7188252067795,354.11832157902603,24.767777128846724,119.56051021810545,674.1258949927451,139.28329449036175,400.61639327771996,505.9562913542382,176.8810895733187,386.3180914569931,437.7959465655806,318.2168198354653,1140.9977337033679
972.6874825850463,326.7197534306729,200.02668772786532,253.45047768261617,305.3864917203669,5.294466400526557,275.3365335868144,706.9565231152978,418.19978997809875,30.178781742054387,74.40024095252909,734.9014363214555,188.17483577638433,311.85457569831414,558.3687852547388,155.71196480782748,405.1393373050893,482.9955492523363,301.7604386616282,679.8082140877095
1074.470866590651,329.27823195046767,488.8659913252939,190.9602409668755,317.6903685897152,5.251620857933896,283.23535365629573,534.5886793633516,414.2013948758611,35.41411992536833,151.67198392630846,681.5928456404001,136.54559068817306,383.6033081925385,529.3473750240237,154.41388410736366,366.52437789604534,547.6506039402935,319.2007893659136,880.2441911981492
1052.1712187598803,363.6108964110199,313.6664641590723,237.55048795288468,365.6253546375325,5.0886137395276805,538.5827479025244,524.4977114603769,415.5061026429715,33.52877906024958,171.26689416750148,600.6083505804631,103.33888487587578,448.7380682331319,606.787605338932,133.3461157109243,257.8926053215916,590.3397232009012,407.8745277407723,1065.9630374151604
925.5872872320922,249.29009297730352,406.5412979528852,250.26447364286486,469.7960029573542,4.841808495468581,417.764842489131,424.2886460699758,454.1616323408036,44.057415633928876,176.42537480586594,490.48076862217107,112.63094027518926,416.8645069728906,444.5873528583322,168.30811971860837,385.2345403504919,535.7299449672103,299.88111350597325,1110.4207648125148
1432.0883334938276,284.76258249612397,393.37322606852223,228.5125433630559,392.58337548513197,4.022796837164501,402.7156145440498,628.0189789263866,422.67100397843745,47.85483686050194,106.73020169977286,565.3115676169218,98.5239698957675,343.6709811009079,489.93550668047135,139.44505745015834,487.74859027080936,484.5722986565764,346.5955259204364,905.8726409763078
1078.9993034517818,422.99419247218873,428.5366028401344,227.7901223331294,590.4972105182819,4.986759331422029,445.4816698381165,862.4670249513727,601.1822929563306,45.396830933162164,204.3596126255788,402.5268201281923,145.8918394291945,373.0312913728718,566.7854101053019,170.64552826342535,195.56307742554486,462.6462448242279,260.53624592204574,925.1763941756035
1171.3783227627978,350.53157858829445,247.67781242852732,245.6699921672343,285.36509497451954,4.679741105474134,436.6953751691072,652.11670135694,407.24722009149707,26.03007613443673,164.13567057823846,742.6496373438392,108.7045050662744,368.5799398115039,346.2146205444943,152.2284301193861,196.5236174984765,593.2821309114333,296.260219647921,1362.6180327917318
763.4255314316642,322.0778658191982,447.98144787469585,224.86851774444872,318.3060467706297,4.1875735887848595,356.1685019501548,557.7242734579117,510.10620962728257,32.21970797787683,156.94459136245962,609.4016401153391,120.48908643808174,328.5211888063115,458.0322324061477,168.35681917727692,396.0960147121976,495.1805257801695,347.2987430567348,1374.3574123697892
1284.2674371815656,376.6406490329379,473.4295245719044,242.11422702835486,363.5909752506515,5.32993879564633,346.2642444507721,680.4100303949474,452.7343046718051,35.80632880025662,194.57334713483158,733.8263431651811,129.58856620373666,393.01709781706757,288.9115386471693,174.13530282457862,362.5381234869721,775.4164026754988,313.3927766403928,970.304131827023
1296.3358408711288,336.7438278845876,358.3663051490955,198.33487518711422,319.9343287356766,5.393356831866432,363.3554891498144,565.7241615419721,402.23271774325724,39.78791320626764,182.98558277314748,582.189476400599,170.31054638412928,398.1387168108268,668.9235965637163,144.67514819879173,394.8491374943661,521.6731992865472,332.0777890156984,611.5759173600757
933.8347402125689,390.29375694482,526.6346382696722,241.6884551691982,483.46118057151506,4.499666826253051,428.3999615751417,563.1431692316771,342.3417605116816,36.625355290084556,138.24579736268092,607.7706075364126,178.79742288351676,365.33714058502323,510.348879958911,124.35809473111759,496.6443856234938,294.8148113982433,371.93477492168,900.7246682979114
1078.9817621318698,451.55986090076624,453.99325793010894,214.70139873555502,431.7153545416284,5.340566659754632,400.90291479781433,745.7037622608907,532.082136256257,34.99897920186091,112.36576149300959,696.5672050783762,170.76348659689555,332.48846808998445,472.4069983367201,175.3100411782715,311.1735962637884,591.132466964389,317.9434929189468,820.5433694653028
1079.7447452296046,373.0324716818212,483.8170758407098,210.2226636756484,223.10791035268608,6.762533177886151,385.1416538917478,893.0175255242159,458.9636368077719,34.376727409263935,147.57559889746514,697.9545238109843,125.32640514115975,287.2964833528616,641.7856095518005,180.65749839200532,306.09688196343484,474.26051205745694,329.435155426356,1117.5437170638434
638.386341299494,464.55401431283025,275.52643968087375,260.1959143756168,521.6220278584327,5.093838746057379,527.5041494975976,691.2586041431375,507.50768882151806,33.26128337098686,147.63641412591184,776.318777968238,111.71312637978477,430.52038698315465,591.074763241484,212.4482861889772,376.9489719518958,662.5533369915427,341.1796437634526,974.9828263726137
852.3659752942231,486.7785065598355,407.16978699982127,223.0289224538401,353.7900341291521,5.25681235977665,298.45580850299154,721.143246095161,467.12265990762205,43.02508213370787,117.66113180824632,506.8546882081157,163.86609654240323,361.5966432577735,522.4483703029764,140.89259099725103,247.2798791887586,536.865526288173,296.3750437765802,694.685281476602
1142.7375206188553,352.64714845194715,545.1982344643562,173.7808583330824,452.7837614462636,6.2284013391106505,362.21077562306846,509.35015030007673,408.54043470493536,42.634181055805314,146.30488792413402,584.5093403790262,160.34482302779216,523.7810357677968,512.9355885932434,150.56281779907798,382.6057454363398,601.7912174430537,244.56063605083693,910.6067144572528
906.918164021885,418.9809362257919,495.3504960239743,231.851350381748,339.2754114963037,5.588233449073776,446.1414629968794,806.5758642576811,492.266440101068,36.40255392739398,137.70724728847355,682.8831573672219,146.16927399477794,451.4076075522123,541.1768106169941,154.88211268435813,317.3380701130902,489.2194908415701,198.78608777818104,999.2709667788187
853.5675310584477,427.9655986991613,500.6822530010168,222.5358159552529,382.625755007714,3.4967811999524674,416.5450671332406,571.6151558576091,416.20989413781814,34.89760247506928,144.01492124860465,755.3871410499384,121.66502160898723,417.4375844369017,511.97568782037723,128.64756364909633,343.36263227085635,476.4371496192565,224.3463249871349,959.4054381187275
719.7289783042447,355.440125806434,407.73205527404406,229.23933361392173,383.3399681126305,4.307761484765928,388.5677563176612,733.4706221817904,419.3064239294638,47.41943107778351,163.48978670549292,750.7394941448056,139.56546616664502,350.6357223613802,460.56438619729244,153.73801581001504,366.52737218289695,516.3767497916111,296.4813459009136,671.6722074455154
1211.5850318934952,396.04486039394243,258.9314146224503,257.8942266852829,388.3639131711219,4.692827970184717,330.75138169042486,600.2787422348084,467.9723260560466,44.30072300910945,160.6720858733181,583.5574116325508,142.44381010311906,447.1613847129453,464.9310909799358,159.4044487013214,365.4895710061438,659.6463828622847,245.7608549783733,751.3391853690866
1113.4692628470732,322.47762810457414,438.2686488269501,204.1850233887028,312.72519899793565,4.9064414134853775,283.7085166022353,640.4698416242461,431.8448661840928,35.048848181025356,163.07949463778223,776.216061621773,114.44578016283532,285.16632037572447,494.4326488342728,154.5335939756799,387.92134434748033,436.93905761497314,308.971627589629,1050.6353522029983
783.167338500396,407.74583000385013,365.87404183737175,187.7462434850768,438.1951915352811,3.974692140322439,441.8994093295235,630.0765214887347,644.1603899301523,36.653552875001445,134.52736103078888,878.3214848059215,165.74257362418976,368.95949416019494,609.4275114018909,166.04096062661569,381.48615050075347,603.4020520702994,290.2471100363138,1012.0160985792875
1029.776607576457,352.54581548311575,463.27317352489024,260.5007368986031,444.9417372671975,4.1067212229064864,400.2875110481404,661.4055240410448,658.2123644951434,31.283168549177198,163.52709593492438,586.8097691709035,139.17005072410012,428.04647753855704,578.0769656490203,156.15388205601627,394.07222385359046,404.0772897854963,348.2366397268013,1279.3695517874344
907.291585982984,364.2963616533686,478.7757156000684,230.2866200914965,352.2709685440133,4.8287516602650715,536.0123351021923,507.6551068206451,422.88236636778925,32.42636257933596,135.59690037696282,568.5894610059095,93.88212749511753,378.286728495435,514.5939224121612,198.6455609204515,441.55753848736424,387.74783091355084,248.559605371021,736.3740138181855
852.1989864789052,377.22048576520615,372.07101102125426,129.3137225710126,381.3056272302252,5.079939976906391,526.9464049315015,851.0208762548683,417.7742641856259,34.56078174421373,153.38607591629454,572.0373034048589,184.3471211775743,392.45520257036185,411.9685545589248,184.68924295891665,392.9270519369186,703.5579320052523,292.60741545637154,915.6137110076795
987.9429066563284,290.3516625005323,432.3350516887906,230.27191924165416,420.5005530980652,5.756755113186925,445.6329167241244,662.5599176521002,481.109188155827,25.094944125989862,116.19713689506557,498.9197531861041,133.47737834183206,298.6343111206898,711.0416811493016,154.94946697372671,373.7851264164735,422.3495118315629,190.4676282158061,842.1773504713004
1001.6265229331636,275.75001838092123,454.0835603079024,217.840628780507,310.6323122468182,2.5681057004376644,484.7281549349635,749.9769303987403,497.9295325417166,38.91689971503142,181.1407128823667,780.5758842046838,179.01393756095598,552.8252428862469,564.1549651199707,183.31668892476048,294.9105871972054,455.152392013617,315.83146650298994,819.9209983718536
1016.5870921393608,363.5672927421729,495.43963269287815,283.859642255659,409.8939488634998,4.310322144551758,326.66771903700374,674.6451048990231,561.1003605919876,27.280447606421447,116.39877188865343,678.5286966654032,143.08735405822048,378.905085615399,491.3449994125433,157.97228055832682,494.45071862928273,463.47720503155557,351.91074046806466,751.9019477112328
629.2726056672452,479.3763910103112,401.97069077136496,256.96641226287375,329.8000916390132,3.9515114514203145,453.7457066249264,502.3391613918058,295.16198195600407,45.13741766535656,148.6137693833607,662.913257809096,137.28239576087876,323.060139398188,451.5953139243607,153.21980997092987,330.52830382132083,542.0772462171408,285.24375054927594,786.2574672983324
802.7670611043945,272.03157948832927,377.6869469239872,205.07290986455214,367.1210115466834,4.836597682893378,342.5414243201774,769.92478882209,496.76162360951975,44.27173430958912,133.49208157823878,439.6459823993355,103.88639185865287,406.7472848383821,527.6442172667075,114.53167418616891,350.94952564312143,524.6064176868449,329.67063198107496,1365.4523579928864
934.3999086296271,241.11417068502254,414.66710501582907,263.1783886201148,308.8283327265113,4.635575274983261,461.76326576,623.1550064387658,580.5286762560618,25.329518646908447,126.91360767565138,661.0566101124675,113.74919249142533,480.47810901508205,683.1751258116744,134.3874767592408,380.9263341896316,403.6304123392725,271.66957926921475,851.4498705017813
1024.8790778760897,431.3347648407586,436.3546546038045,246.48856792286264,364.3529013135739,4.962875257433499,390.8295708373242,594.1717732827883,572.1002147835572,39.594984330071966,137.40207011883706,597.9617434388539,123.82404673772587,475.1126200377918,514.1220497136825,92.62590849216946,328.44309430701713,332.20910656911815,241.600875921,1039.1815380093024
828.7586189042595,381.6440097991392,321.9049039938743,276.8300012924475,409.11002243130076,6.113579745528485,396.87102508161144,750.6484224428675,487.33266612871324,41.884402837527624,148.3516877836894,918.1420428106294,87.23224692532742,427.1415934570275,475.6161299117748,183.17881555684534,465.122422028761,471.03717604614,242.9489491450181,815.2810028355481
914.5767595214852,458.47689168576795,301.5501873437793,217.32228254654436,391.98604728824137,5.217635545674093,299.35032832809554,726.4622920015873,483.2149870727426,31.996029398043746,209.69545896065347,585.4034843007956,188.02027848318718,620.7483264092608,427.90773812855736,129.1883103011868,313.8315145267829,473.21271502592697,289.15108931684085,1126.4758041061868
1182.9040870581025,305.6491166717175,440.41342574401244,179.71252053422117,471.38998746196637,4.34154912477512,369.8460861535694,411.7918308754088,459.14646792549655,40.52287173572486,176.02165533787988,510.0399391141789,167.67855368060054,503.65491205952696,593.3513897095512,157.20068166032817,354.5771966398145,501.84126849288185,254.05566838257528,1159.731003653029
1250.1597552118333,386.63474830607703,404.12546851592145,174.41863226591136,390.3536114851083,5.8622046920253865,411.4051665007951,829.1586589824367,557.2496482980102,42.49635592139688,150.0986767680148,707.9757677346229,164.26422416029797,330.12952847086615,445.9995917354407,174.49890574951397,415.2211271190415,397.6822587874692,196.94287327138596,811.4288102911844
1153.4824948170838,271.23385463835353,439.138669881541,225.24633161960938,414.54861277652003,5.915649338921992,391.2100688921907,434.9545977576714,549.942016211546,20.20767781565783,131.43121678961225,710.0263409739326,135.36117973503477,436.04214368815184,444.98502617245896,135.87609311311542,523.3817371089426,332.86042705674254,314.4346199901545,934.7714328316233
975.0478239196577,371.25390418982823,363.71054902480637,248.55956012619438,365.16479618625146,4.7593393909509984,260.0529155147428,667.4025997047565,406.8291263897409,23.896458181875595,109.40676361411136,549.9473778895631,129.86147817757876,441.21423979845036,563.5202307331156,159.1507019927378,375.880809457281,471.86608153287875,260.72080644435067,702.1515653494203
955.5923060366242,353.6702739300762,374.6240094654268,204.0393162354597,424.2655497781927,4.3353563495132565,425.13717684626573,649.5160445377891,463.3910506004553,45.07766807807601,142.22209041344863,594.2401297043463,184.12685512358692,397.1081888653068,637.4858881286148,160.46746540582686,236.24114439635773,453.69085099371887,383.4905100528874,924.1665503842377
1091.579335041277,498.066697019174,435.24857976418826,235.21889224172347,432.3232755265978,5.22184123004282,399.47109049400325,690.4301310231424,433.1398047473517,43.78334759117393,184.05872610993737,860.563023299951,176.350273642742,420.20853280469663,595.0604119411482,158.64137943742463,334.0445248359558,464.8330408627958,314.0328997339136,763.0691510921615
1056.9400498679038,327.1250281596178,419.29366611904055,234.297251282604,514.4877528030835,4.565822062543125,330.1400295180949,731.3379419034029,542.4879711681757,42.466224944600455,214.13732112638172,702.3515064792731,143.40253948195226,434.8073438021005,488.03651617156044,184.34129382284033,290.3766194388315,499.38380875049353,341.62588475550336,912.0597107380179
1007.6772490460806,338.1371112398087,392.83532930769957,171.39560705602995,527.5810961496059,5.331624543789561,458.08432501633126,798.7950528726309,525.6949472241454,27.063060338634628,112.03848596535414,644.4179928756829,127.22163350257668,362.81201023940025,556.6197345146321,176.23220523216335,363.1660132051727,519.2708044471249,329.8764052306466,1019.3190008610659
1013.8067826242783,309.01227241573866,492.29942739356125,264.0884228198342,376.1563664672569,5.776189784896204,514.0512808089504,612.8246902840331,513.5807796827692,42.04924739002446,127.06563436403209,617.4372970932528,133.06241676699997,357.6452328810583,587.1295944208226,171.93969749660488,394.97922200087646,548.6043960838858,279.22137803064044,787.0571042033271
812.2821228602118,246.35491611913773,420.4881680667349,249.3488346005438,391.2422283068753,4.552789253617823,392.9471475280581,719.3596526883352,475.3513781441615,37.63189310233358,164.62057217610567,605.0329186914782,143.0676380414772,408.85177062271225,600.7876158246506,157.13013891833972,314.90082421828026,289.8846454753908,351.50773092001646,1024.3376346901985
791.1384593499744,309.34919776094904,339.9802838965995,268.7175649107708,374.91834062062514,4.231850374402704,459.5928631156046,471.5948403483925,497.79133322362014,30.478364250759746,170.54014024382897,637.6439681670473,188.62286243655086,392.1977279585662,582.840887268328,151.82060120504278,240.37038002327222,585.2883753947746,334.0195754699302,964.3443430932161
537.8396779103871,313.5190316699096,362.2281925788521,234.221974502155,293.723007221769,4.900185208504756,297.6587462515282,590.8410886667689,368.1170156693599,36.977010161485396,111.74311407234273,847.4752156537259,163.5387755397859,517.8806442970953,427.2688517715686,171.24947218670658,292.7331073594959,218.60177018446262,318.03710753410013,965.6651789939509
1005.7538656286897,317.29795171914543,496.4839261672747,216.09532762693135,431.70335949443836,6.159238323597102,406.7181302391567,586.8739251851179,480.2466417264529,35.782595705025656,147.08019860930048,532.2471896210441,157.07936719970223,321.8185868789898,405.60185336121725,160.13783711252233,373.00422043010974,489.04465553922125,291.1760171861885,794.2472692300399
766.2037574250544,238.04542189122554,376.61658693158495,225.3350278458319,414.4858662007143,5.4477921768657565,394.946193307049,612.4728169405917,532.9091897980084,45.984786578221275,127.51335181952507,827.0276628678632,140.2272231605666,308.51027170969024,514.8462768649379,184.3537081950044,304.9913030072599,473.039047209283,326.24892302726386,567.0378134669061
922.9802827067177,419.7990150567992,337.3120828223569,191.9351493504287,342.8383062395011,4.815176882508897,366.4311139543239,565.7175411976343,491.1718615720897,35.853978244683255,146.06334367858165,459.4387096113294,117.71835398354301,368.4844417258804,571.2819528893588,164.67198155354671,372.07429671625476,540.5254786706821,238.0549067782983,1166.9435409543964
1286.739570832931,425.62888931376017,373.4217580767729,196.12740128578895,309.0461086953506,3.2591598946406086,510.8905786648285,655.2480296915769,431.33188149271797,25.603694975012726,177.38278295166785,718.973884614326,182.43189742297628,512.1399128161723,595.4790505619687,167.26102420756897,356.5658774928973,316.3720923584951,348.1071061892667,1055.6095182521137
1088.2626226860625,237.13025788572276,389.5150038841353,240.3885309869154,393.3718694971102,4.920220582191337,258.37296856366714,646.4013016809632,403.5446889281159,35.46106528600294,122.87806598236116,909.5592154778149,114.07629388528173,486.99601222279273,535.8693539397003,154.0443901290663,273.66101188175344,432.4545612950676,246.99685829265695,959.7429638710046
529.1652552937237,373.82323657159117,490.6125638266864,196.51150882922906,264.6038829737783,5.265931464585973,456.9399020007092,702.2806276208743,519.763318053848,35.59414731545674,146.85556484762975,577.1724416145394,141.95994936960568,407.2790837489348,478.10090133288463,176.17780973493987,349.923895854119,564.2646258389041,229.77091540172412,920.928930425874
654.6867054040824,296.48833422820724,508.8903190792796,282.8113955525188,301.5441056623794,5.818774792945131,526.0184416463109,629.8347273298468,656.9159994277474,30.14770675176508,150.75140207725372,739.8738831244419,185.55432302223335,598.2247586915406,503.3293247367604,175.75894871590828,252.40613218599975,663.7772199339527,277.51133982924136,1548.091707212179
880.4881531097369,336.0802394620792,368.27330910395364,219.03308396430685,387.6226877960444,4.716359042303269,318.5460248347372,547.1505757163587,513.2785520621914,38.57407005109658,145.2235924840127,582.3503886440126,151.05233953076603,394.41165606414296,557.4063655291163,158.74299599212782,325.3966619437479,438.6403655846767,251.09264131955,927.1244543913573
1033.0514243000232,439.6934079780684,353.2701478263367,184.08481755118962,387.34501378548845,6.294259367636421,382.28187356740267,508.41074592138665,620.5312374419816,31.277891712437388,151.77875291906452,694.304811734717,105.81006153125662,426.34564977727416,489.90412100620983,157.1980082425974,304.55213037482025,375.6221816654919,293.5673479152441,921.8317357645303
734.1100601598939,259.0995249284179,457.64303807810546,225.27185761458162,378.45522100393754,4.821239362672679,475.95362417541367,684.1243394013227,605.7590508502685,38.63006114539471,140.55104004222113,605.8170596307565,108.40309087849798,301.48620873653056,483.8252563031453,147.46524957848874,423.186817480101,394.18788737000887,304.5426993748535,987.9976577690816
962.2374887400705,409.05126784437965,395.6672608467899,229.38236238576252,410.8085468513548,4.588216915812466,336.58587455665776,744.0733430645722,472.5982793624726,35.77887962423593,138.14771711374982,685.8905177086086,131.79985862915532,352.5301660008046,487.7615078761724,132.07400667639578,320.605475656129,425.4463257776662,267.09651944455186,1030.4962885728532
1068.6209956358193,343.0024740793795,492.748113587089,254.6989855801317,348.1467356668515,5.394239739380556,460.12774057085926,694.9824028503326,638.9102766846044,36.15217214548053,152.32146579015443,638.3432813491811,142.66508238972176,410.7280256307698,537.408138062406,168.64506414807687,446.37758793459284,365.76928245256397,348.1044717067122,1122.0996973209349
983.3894116171708,501.03642861134006,494.885951188522,278.6369162453754,315.2828640271442,5.383635048702998,460.89765841489236,460.15802185632754,418.71903896243265,33.84125830190288,168.1039744088872,592.3148912824095,74.31751079104869,475.7814601037858,608.755491341735,168.8118334690059,346.41351330733573,465.6122772444015,284.0726975020081,828.3280597591231
885.2035380535132,376.7809195153346,443.58282277437746,215.91895691305552,310.9988271240455,4.872161199124687,352.03101901812937,701.200353935507,532.3399686556938,36.946093884894616,177.53928980655104,705.2444691760284,148.5406501261114,486.6632235294883,495.9604211512277,177.7730716447796,333.44397307644886,352.58387301759205,340.4221403346248,1017.107226946104
992.9994946171352,449.4797951225235,590.9017448562435,257.76602192372775,453.45536425384296,5.685116472234711,357.0358216195598,624.6573381185234,497.73201832468436,35.617270579370974,158.4164694525283,662.001223314732,170.30361876667217,448.95659516234446,590.0504771816828,145.0688318735929,415.27940615834,411.0411407285436,252.47523092247081,1096.877876191234
857.9979555012442,360.3091725319454,436.44011197155606,215.30030282531473,208.5373337117414,6.607305521705554,336.3347414379631,428.5265773081205,568.6268373843754,38.66811487686739,180.3089551749064,466.5516457118233,125.82177797378296,501.47712698022156,548.5666440582472,179.28740730746637,385.24174058465405,414.2860494299179,250.11605819513713,885.4081207220505
1104.008474241979,392.9940412722018,319.9364972408647,263.38929046875086,409.83325473814847,4.577119460769645,337.8230322849843,814.208373441796,537.8534651902501,31.438824792160425,122.42811187910743,735.0320699310597,168.8323895702731,477.979948399126,488.2499732840271,149.00902743933483,406.3892179277054,484.5306321586766,331.6260126817448,1179.2505128615544
913.2812872087021,360.3961966712872,304.2923029668476,184.24707226567406,347.4338974405834,6.165441852687476,396.1067322135102,526.3970194834145,451.8340583943079,47.59653479012793,127.72647899651412,690.995275763496,123.15003186491587,307.73056402195846,378.2503805682471,146.7880470125978,343.0794576248609,522.9856406023356,351.4391723559095,931.5158291567867
1142.2334312233513,351.4690766309779,355.20780547468104,199.001593787405,309.2944095932088,4.359303863274202,453.2197159951415,626.1762840063595,338.1407394421975,42.41762738590768,173.22449764975676,645.8487239335011,140.97224789607665,337.9505224856876,505.3857734750011,193.53987442382493,488.31018139709624,513.8502992340243,357.60818234485475,1113.402596695675
728.2457015617543,385.2277579158676,425.51584320592394,172.9879398436643,363.524474323076,5.798761721676161,459.4165886472343,706.0867369710825,389.51633836133595,43.37857243751635,160.89821664110045,561.4683363699631,155.02152910948786,440.653038994053,511.0012063015246,199.3420116367884,398.4465797904153,436.3713538336513,237.41597653290486,1050.4729627243782
787.9422630545449,309.9414839462091,518.8894988595849,174.2169962596478,329.5968798620708,3.5208328278425016,249.07405325496188,697.2673127824339,525.2129852768851,31.357289942531352,154.45768053558467,916.8924697955708,98.23472654984869,456.0339082955803,549.3692430008437,172.1491830827001,253.9218264736376,346.510340710126,239.0086090904586,943.881550971587
970.7628680299479,427.5887801796015,423.36365031786914,183.36353868578158,450.3064142121298,4.927271728288215,414.6969537592345,757.9193612160801,460.7001970081793,32.254201634641284,130.51355992198972,509.48364556143656,170.60871738657693,527.6924993251689,569.2338030010217,194.09509335526604,393.07427589455216,650.2486622056635,214.90434266316197,1061.728353194449
686.4416991408589,357.3295720488555,338.3814844735953,286.76697116705884,437.61117016325204,5.0094586406853985,430.6072712254458,509.2843356541191,324.9784853742386,22.36152056151034,153.7135222205481,702.8240959724649,123.53568270943111,419.4082897764896,508.04779764530974,164.30679336010226,361.40482645489203,551.1996290172626,286.48123657094146,1289.3571263710858
958.7974873627281,280.03444255634645,457.69893157633624,166.34476375303205,382.8361412286053,3.723676293408989,525.0706330125615,715.3576951185194,468.5263602750779,32.72094371974113,151.9666257767462,955.0076085021612,109.46952357719728,530.7226859011125,450.6972779118948,175.27983202191126,308.4145732825789,371.2279207190136,278.2362504615802,874.7248434604502
877.7325079383544,429.25061563013526,418.7460547342022,288.2845318701376,353.77473317683217,6.213257259527721,383.9504628838453,669.8467160693866,512.2512701636809,28.8578787092289,98.29971300538352,722.8472871791143,82.21279545255345,466.2164254457153,593.4049882577021,170.4159294453985,352.27170691356196,563.5038892401001,371.1723283105782,911.2447843742145
1182.356042191633,325.31168999385864,508.25714278113185,211.04616332681627,310.47132070142777,6.085085387816198,373.2200751976796,620.73413543265,297.951907442097,36.23954002001183,148.79036741785472,617.1873150870517,129.46885815706594,389.46828954523215,522.1790326618982,141.99360511189755,275.4375660824127,396.5709648248261,267.6144414677137,1278.7137321259888
954.3403976726559,393.76640636817586,391.68636298095,217.55076575991194,333.8733795628366,4.719671320192902,389.62655212715816,571.2729872966202,464.4327433196152,27.763529158243024,155.949920192848,628.2351633383174,131.85199195519343,436.8966591358399,567.13094817152,119.489729470209,339.9777237290958,534.2512373342349,248.20155349069668,890.9115826221582
1093.358352232141,312.4344955078808,425.8873306431566,275.8515467018092,382.7333709470906,4.358761352631234,418.92985333246855,464.7678508669611,405.05287226429675,34.81942730036305,197.95864050146972,442.24989256920605,155.52913124301864,397.2657172806958,336.19996669108684,206.07685206516453,493.46554416549696,462.3457715464639,223.4084410926128,1085.1571988042128
1231.8285058553697,305.93410801647894,486.5381717775645,244.19810761720038,402.3546544331856,4.853903987374802,402.6073495213295,837.5401171553754,393.32143437818945,45.97493088757718,114.43858536610762,483.3644230739318,107.23800637949662,454.4754386595211,466.6961066949372,199.08990149213815,401.6657928906082,602.1520653225326,366.047823995984,1085.043141625572
858.4934972583136,447.3440871304056,327.98332009825594,212.61006394204537,416.491678757024,4.970839401007118,427.26566640116084,605.176385480943,612.4541764011346,41.37471956441978,142.39538598330628,712.8717914150051,145.6601136798119,290.58896390877624,468.2747673040756,152.0595034815521,440.0177403184431,314.76168030702786,334.81968296950384,970.2571153483406
783.5075322031944,352.820383302085,339.0376162128469,255.36366587559772,302.34726800803304,5.865600020063503,390.71089579537164,478.45331641398434,447.25610930588715,33.36379500260779,124.01152101058399,879.9396303088281,93.11634719601983,330.5616364336937,492.6020147881881,117.51309333873755,320.8550161146901,556.3547874444281,220.12768049924676,1147.37198750538
1045.9548162298402,392.8412375114894,655.8469014420867,204.2412313137519,483.75943927774136,4.835589571399774,361.97059083421334,412.4019544859845,462.9232642058085,30.200769234707835,167.9746942600696,561.8102154101189,164.72434510372383,426.2129384717189,342.0749297854035,162.64285013445888,405.79823072667,532.9778317774758,343.9917682868453,1160.5061630245043
960.8549396225949,356.6247057864141,498.3496436474129,209.84228006693084,328.81025090582517,4.665958658621927,396.70883544404364,668.8346765466767,403.5140500003051,30.465367207699405,149.20113651458757,567.9775264585882,116.79791403805403,398.62776525171114,639.2933588446595,182.42251495021947,350.4835879223772,473.94510065314967,300.05238387312517,586.3498355979318
746.0053656524587,401.89819115482464,466.23080399158664,183.17240365060718,287.3301404117107,4.205299558078645,455.27871330030587,605.8678035279894,560.3711152423539,27.143706141254814,107.37648321177488,653.0190488467827,100.70611843173941,519.6968046844986,522.9406515891931,204.85753559123833,185.56500930249067,421.48665639207826,379.8227147169881,629.3051108436133
1120.5030932449702,197.4542043452974,328.60811829476586,224.43198272508468,356.0082701335691,4.607798468753009,524.8238726590059,665.3201524212297,385.27247830641636,44.69104984368429,126.31782913780202,713.2165573537744,154.49058751259773,386.6039324503609,479.60464274387414,171.22903090148267,361.1595303606355,540.7307733416642,343.66439558690627,916.8462829147354
1236.8050808663284,395.099745032889,420.64509338380077,231.80904653179886,408.81570134757436,2.405380801617811,444.0227710103446,665.4322019693979,495.96095782455603,27.603069107709484,147.5110545877717,803.0369474385041,141.48288227391296,394.3703575578454,594.4588494940301,188.43634269337443,426.24091895449624,617.178633726515,235.6740040098048,1083.0920507485994
718.6150080563167,357.5851603638731,362.2080481779284,229.28307530846854,379.3523562044682,5.7167323564308665,450.54496199014505,729.5839126175855,365.85005647608966,34.54176978606836,101.2825994471691,608.0690672690379,132.77418485121004,467.1120382737873,382.5993926282649,170.20415748550258,238.13956281693646,581.5738814028354,300.1313077504325,981.942846919188
767.8238945532761,344.5843385127364,520.9534254507582,195.85325393708015,446.0083670166749,4.979964118772144,349.32322084776825,538.1391398420225,384.7739416794998,41.1520259915,119.81468311202731,515.9637338104261,179.74859953007342,462.83249705053026,566.8393798906153,147.75638370075,328.9979854259241,317.3969706180545,310.9586802186881,924.9481783361948
1252.7502571426498,369.02091336734253,450.2218603838147,274.43822114749463,415.67562049161734,5.799831879365628,541.4440149532289,557.4247051714948,390.7044609793839,30.81207359224431,131.55033526161455,902.4981680690285,128.26232224057878,431.7613590654044,629.5439761959498,160.61930565907213,494.3822955592956,473.56559840300247,355.2970176566416,1091.1615578114909
989.1763179691802,215.0306837524245,402.2022641527422,301.5886084313384,389.26306377319384,5.090205428655152,353.4211703656533,608.3021614495236,493.42684564832166,23.10464466028587,107.9118067900171,735.0590452334924,157.24540364617124,352.85872455583444,412.5944032566255,128.66030748081587,371.55882553166805,527.1546648305201,291.04190829548895,908.2106412360006
928.7055103895574,287.6258614050156,516.9805471500729,246.3077750726244,398.7901462135324,5.001570681715283,441.84843715963956,641.0056628021383,503.4247416597393,24.820716128106028,169.11769844686816,498.3419291812379,153.53587619278755,461.2930393181149,567.2311077700033,144.4443971103598,354.82349736720215,461.49217626159805,252.42197002917126,1027.9526062206614
829.5588781078469,362.5446576664524,344.0510752631083,202.43805831332327,279.65291315949844,4.722365904342259,514.5784251151422,557.9945951331566,411.83366800379076,34.06027545103615,125.00846773237049,774.4117934229752,135.10489547847476,599.0916424859284,623.1032739185739,199.12607523179406,299.291836689658,451.28267454433984,324.9773705571212,998.4624629094006
785.9734480528722,340.8606199261734,314.1775740562862,195.84345908388917,441.1705926400795,4.370915902439386,492.7476628757298,456.9417069419852,520.8434913184834,35.70299369344337,160.41887325841543,685.7943827297156,114.87391653330955,407.41872778396794,392.8914152285733,144.2501898107724,405.9744972510639,521.0676290562488,299.9574494999476,921.2941272353107
1131.408232379395,355.31713347288564,405.9290382083335,185.05650134394256,541.8414302402481,4.40775013275696,307.9899290717159,565.5410986752628,495.1568672146577,41.11596172625427,130.4625131902738,749.2244504784811,127.91019386057778,395.24886079398766,578.5147327100422,172.83269097730707,343.1363850854184,438.3381634319665,365.9820782381564,933.6643988298046
964.5065970360981,383.6157697807201,467.7913467765591,256.68520462689435,329.0079017296741,4.830997076359276,400.86114975579153,694.8360857497534,600.0089213752523,38.968397409314875,163.0702804243896,482.3048163587446,163.5213393585292,371.13763431748407,522.8617752972326,178.48646082592842,384.7791507808678,418.7470628242609,309.549447456509,974.1856608041769
673.6374384127171,344.134595203423,391.53906688225436,270.355050450689,308.82334199225556,6.240406426962021,354.7779219559571,718.5067031669405,613.217729769835,39.9163045232654,138.13376715703015,506.1185752669121,196.82760597921123,451.7842067313802,507.70044468847095,120.26384245655927,412.8868095773013,453.338685971938,347.8493790769135,953.8551779781601
1161.7174417441602,338.58803588537734,411.85146907371876,249.72960846881716,449.1524163694302,3.273169741257433,450.33212464889715,561.6549720339617,594.2552447331028,39.43390006147203,135.56051173541178,644.4715972080999,138.1006441844509,404.84352557147366,470.52576215063044,129.60196759063552,391.22919881715467,629.5769836893448,285.0886318142844,886.1728230681878
1141.3455073704197,360.10849316384,366.3438269897083,236.75302225864843,343.7202735180161,4.476699015859521,399.96382328253196,573.1607390461206,375.1721613777496,47.8471823017575,112.39884713955216,689.846452740836,166.73342880826,371.9822824278229,563.0747095681655,210.9526916807698,381.77301086927747,432.32658505434034,274.102422307181,911.9874706590974
1117.5638985599783,407.30338684373163,506.5931748041341,223.69594823047984,489.6536272843639,5.047093454599545,424.6242806970771,633.9442563964599,365.5217393236354,43.92694204251224,137.80735364290288,631.9782000541397,188.0817999636904,466.78750955431246,549.5163098054533,211.6484836238251,340.06926769440867,557.5815484244413,343.8276392713209,753.7553972167963
649.0822706096469,305.9249110943803,543.0780385617304,251.25817837482035,352.1797858655288,4.181239884411887,335.06154441129115,461.13408204494635,390.04568013651885,36.18944605817378,119.34539317953315,726.2493938259245,165.26515744141355,380.48868013311335,641.6059904060875,206.81622104597187,376.2313860678365,400.6535838921809,323.44117413609086,838.0527664012473
1047.7908819446411,361.90313672900436,543.319832705795,272.36531330933474,539.8651934944132,6.118661929143961,393.88512760239894,562.8976002993239,392.5842537650707,45.14048766604514,104.00769145402475,612.4990527915164,127.4462143802716,363.91108274786507,363.5947515881944,145.0450169009244,304.88162020544604,596.0195033685476,354.67355797484277,939.6480802218931
778.0497886660237,205.08694141181843,442.1447034410924,251.71515638836854,424.56636971994135,4.809875830038566,419.18295545697697,516.7825807249579,463.3441425097531,46.52166907150513,170.9352883004694,495.0382279469969,141.76579619617968,369.74488354205147,531.6176989263557,163.60523329743165,386.5114865426831,599.0392936662171,302.01415949094724,812.0852982446231
613.8992140212304,321.7682919376078,307.50797833684373,216.9718512790785,351.22483817202817,4.061806646420228,382.56870692939816,590.1252363088577,472.86566089181474,41.912986336384996,145.31938032869823,711.4010391191769,125.48695348255433,300.98540470612033,468.5208551565505,176.8826309727007,337.62964372800207,446.5778135593035,266.12047297872897,1013.893714104656
946.4728282206268,388.0505358446339,367.0991709914066,199.51975627507312,420.70230298694,4.327778703973407,455.2863462935291,716.3987095063741,433.1378887400706,34.69652170600296,133.84776441445104,671.8561750739674,166.78041305228038,445.80383089346515,512.2174028104732,186.45154976691944,350.51145595423077,521.2979036838797,303.56902215049195,790.3503748970927
1021.8159749246487,339.4861907035146,450.4302361017357,288.334587091973,455.11298706232753,5.3323946599453755,412.95450447478396,516.6928678374493,408.38239019390187,40.689153382491945,124.27616573633769,659.9016064483334,137.49481926860457,517.0123939742294,456.1435061853889,146.38081426766155,286.7238433362132,383.6976685119894,216.43599414066398,1261.1012801033908
929.9140819917237,485.39969572846815,396.64015035189624,214.5894509992312,312.4045840146918,4.707435322172926,483.8425236819261,477.8522865934207,565.481626667075,38.59294717165039,171.38267808046342,873.6601476876306,141.45846572260785,364.3739984357634,493.5095262888873,162.94073483907985,364.8123225853918,582.8655940939916,328.7558817234262,443.55877754981856
976.3443630221926,473.52225422265576,393.0006495618199,203.23286173845383,300.93090726053566,4.42548896436497,320.3291536295761,640.880058446619,467.90067887795675,42.19783299866608,87.21865863376081,789.5892901390466,114.32676162715985,245.4998691532895,580.7382283248273,156.98761960702842,430.41425070229275,414.0940970459417,293.00832826358175,940.965512072216
1333.4994777114264,464.34554791238645,482.2881738345481,308.3637826694971,288.90305215290755,6.741891844359135,408.5270091044934,935.5659302484958,563.1614776849063,27.08270352159437,172.06850194737692,646.2395849223526,110.9225637654097,381.5325107139427,429.711028225981,138.92486777526048,327.9599547399902,450.87791093096394,215.41375693426681,800.1940231952552
640.5675821516047,430.3431725363255,448.14073315750926,224.3478874558059,345.59182468019344,4.967604066564409,339.9799678228602,757.0519830637984,526.494135745588,45.13235334382986,126.87662422577989,640.4445040476625,115.19061264438324,489.1878193362364,593.9692204633973,178.3289115152127,145.3949959845504,289.86855498565643,143.86014554531886,829.2886506068068
1007.2233970345876,358.6022419835961,356.59341628278196,236.8752220975181,335.96728347969565,5.537019436985015,385.75212680528284,462.5005267879501,633.8674089513615,33.504119369289086,145.26716173400993,700.556024197238,142.1098245913078,340.3170807041305,414.3172391993929,143.3071999527743,291.32103245837,473.0201427764905,283.32132989180104,745.0406086997472
854.135461621752,308.20177975858235,286.91505423225277,241.1169477552837,457.91687938310343,2.850522379934383,360.5824349978524,471.80087976360437,573.2598020873972,36.90258403930732,129.8538657936856,653.5491418904495,166.13020968349085,370.663786592182,556.8826490493989,183.5322970489703,204.40895199401317,637.0448070485503,307.8097412131322,930.7063078245585
1101.652287465056,361.68138846229795,328.87809519470477,251.0133266464834,422.6405561067347,4.862629244115707,493.1065020090715,564.9047385809897,544.2591548194049,27.12822289825546,84.65272603190996,543.0352151265859,139.30374575866335,460.28544815908987,397.6616053323395,157.2690410287244,402.05798533431073,338.81507408714975,159.17984380622698,889.1567095975967
598.7089056061152,306.84708467660505,451.1596634633187,234.27197919531645,407.0314147606076,4.52498815718463,396.61998648510337,654.9632005605984,578.4802283256907,32.62168797629094,156.6826036334976,505.793166268808,157.35990318035937,417.3398486825473,474.90031329694153,217.29973638903462,407.58883527459136,551.0321315735425,302.6899744013219,934.9617335471166
806.5329980721755,397.07404259202156,474.22987568884827,196.83012589292787,391.24372114814594,4.212175871661911,339.80272165135955,579.8519343739031,445.42904551896106,34.69509540322354,179.2181584829647,605.4334791641578,126.84762599617,386.1140883411361,560.9814169143167,223.8486589104895,329.49937231089433,494.912902771978,367.7051689927719,996.2123701955755
957.9385182500342,462.7582975869389,410.8427231073149,205.24879517156847,392.7207603026241,3.5173761681804017,552.0574408358557,397.35971458130064,424.1892327372023,41.74937765022088,141.58815108608368,587.7768397295778,112.65436647343165,639.2522298281333,548.56789818561,190.79162217193698,406.5624482667588,612.1115030192451,292.465886920238,931.4579811529516
927.8366371514056,330.5435796510835,503.51784725997163,249.33475203090924,315.47803365904105,5.196482867196108,415.41450710107165,392.3898451172413,543.4289283754558,44.08191974288628,125.97507678634578,389.2721880549174,155.64738156579756,339.16171936321905,505.99034972626566,108.32999191824419,385.20097015310455,455.0061528842399,264.6895489953701,1022.5387704454446
1181.7388802726657,359.15203445718066,549.037617306649,298.1782598103166,195.19469334264681,4.912286395906208,434.3422279163703,651.5485762301863,496.05611028561174,33.210335577016664,110.36785315937126,670.6181908554931,101.43220369676295,396.80214518672983,489.06806825980124,165.5737938657474,400.42023565853634,639.3886693586595,332.17991960299247,908.550706246403
591.9135029391725,376.7114441829885,410.12360088125166,244.4522119282159,406.0647768290872,3.851475047493805,307.6602962586391,686.4187018544849,466.68087970191533,39.44366189430455,191.21686491513182,738.6985609556394,154.25066828308965,448.7364763493713,586.1605054554125,135.95493500804176,279.1805240719203,367.62970549300815,247.68442402421192,1056.7364683295052
756.1468585334958,341.60985289452117,353.2138338555411,257.158023116904,331.81615814890347,6.121771453668298,398.07151890003024,502.1797733704963,387.4718496075836,39.565862794808034,134.4083216330265,572.9375420459594,150.594657833219,434.82457819814533,586.4716949900713,168.85073324849392,340.1952041781261,434.5127480843141,333.5176244462826,873.6363251111535
947.8144598549205,410.77694797104397,470.4796589521121,313.426426467881,349.45875911679815,3.675791556420346,298.553276183327,327.72798887553324,391.5963554918153,28.719441359808357,135.47018694254342,520.4349204767777,147.44078359699014,529.8275796160897,488.2477332073828,165.70119603074377,422.7991464864325,345.8636051131433,345.1105824315017,980.7321694709397
1034.8941843792043,395.76072451693324,361.6702832452752,201.1548238627868,419.77302261916253,5.709609290761399,336.5973728401351,581.0279720520983,626.3974017062407,39.97289659138587,201.22625409860976,577.9406474870079,91.65855547681184,475.3961932339043,474.5315479096634,125.10619974549527,434.07173732112176,395.57767162495446,203.1854361381436,752.5393699994393
992.1649584438818,378.6661186950029,484.88542894867317,241.00284818385632,304.85489776635484,4.396756596561408,342.6385975221918,713.8451376554104,573.557838839869,41.88193110418348,165.97968762530263,574.3036802317832,213.62367401741233,482.3823647454517,549.1853471226026,183.2821555920878,388.2137271199285,587.5689522562544,229.27303805881058,1080.3517621541005
1113.8498196611322,341.18545605188694,387.3188750253224,188.19180330708215,280.15834809106525,4.55503992477151,482.4020664655795,452.2226948321089,404.4493056329045,37.13533037265423,174.32650837072953,636.10221156125,100.99988873493886,441.9217455346436,623.5128070004941,119.18506152522727,243.37361613063132,413.1790098380629,281.89362036052444,1103.6472842900048
1406.5059806513095,374.4589935793276,428.0015542607961,192.47466849449467,326.53965494892,5.33606393963669,490.62597242104044,668.0660231392043,463.6002388141228,41.98525654430391,172.38131909013958,581.130192367699,197.88850742601892,435.9017699680354,581.7411908398327,184.58520946920618,280.89776688239186,340.82756603298543,264.8342834771487,989.5039811110516
1117.465436513219,540.4268849348255,446.6841078157425,200.41138676366245,310.85863024697545,5.248643616292698,465.3808771137303,553.3068871799977,512.8147227221365,41.33681683615829,102.34388372064402,564.3046897677895,149.35669588461653,492.9341123288731,633.508377088174,198.90342855756683,357.67834169450623,471.9619144642862,276.6999006797528,983.6657330793313
698.082580951121,326.487376642905,381.682138685333,256.2232777502903,345.81147584895734,4.875466423966595,424.30898461298693,741.0192399994405,463.85132394200326,51.74824344527563,159.9222392366485,590.055935119037,113.82714352726624,187.53920872144548,506.0505289479188,102.59460459800536,550.5969549421353,556.5559842330522,255.2473446323871,846.1775229751289
728.507597457565,405.8818747247324,328.4152480242252,275.2603132351179,246.68139354980624,4.8353743143339205,324.81967865539116,639.3064080402444,447.1923947419172,30.498958535281144,126.26198655784125,760.7552646207362,124.44256341932567,338.6422744587371,573.966503269595,175.02057865603388,275.92604135814673,450.4873604678218,243.79114006804974,1133.0445171282574
657.9089149198235,412.36646890760363,447.70778711759704,270.66664589631523,299.1862560193554,4.884516112465631,432.47011820062966,668.807031224861,466.106064873161,44.08991640032067,125.96526402953869,575.8232025635006,124.65506977347121,313.0194233678763,553.7926087436268,187.252173322929,336.34718042617834,464.7174440017252,265.3844640566982,960.2993203540166
1032.8734691399525,430.7656540179057,359.1114650392122,251.7402414872043,416.90379274011735,4.049952775443303,458.2551077878188,564.6204136491101,530.771959534594,38.60634370158905,127.23067744258417,575.8009177089543,157.20809617789695,458.0157181459206,582.659082999226,178.0561271840416,329.3327427011825,617.3841297472418,335.79311936403974,825.2085833726317
904.7283497595065,336.0858844481389,261.66885537317995,266.6046282124541,438.11676326934395,3.349021941467445,497.21096256975426,494.5893729163746,502.1154332096988,41.80879248602431,149.60948805758093,556.866145054388,147.75163995283467,390.79964787201,518.8153759165486,190.88748820205925,295.8713547275599,428.3554204901272,292.26912089225317,1148.3806345809778
1328.2996140292798,472.10718118668143,352.2725733595946,246.5524144674844,308.89608212909775,4.91907890358086,268.8583784132271,680.3691446533478,363.70906982258145,36.652932232691334,177.78331398147708,644.6870594362277,134.26798034472023,429.4697762154051,427.878186150614,169.6635821864313,372.67952185289846,449.5985978032652,160.06080347478897,928.471881138746
867.5866867404752,336.8787188036384,398.94293505772634,192.96494051716746,431.53891440004287,2.720863844543067,414.59376947416837,717.4516357974694,658.9345844807895,30.38010176880124,129.0692632589779,578.1541853416161,123.80256137817061,385.23181532385314,499.6983281952214,144.71086633422738,328.92124850957697,469.60948364955465,296.8005217024736,1066.884541018274
851.5173189172051,357.0368064427349,347.9275441584832,261.66143055766315,380.2786997815417,4.535558345057538,269.8176632061849,533.9702185818061,336.80314338358403,33.90753655493082,111.60207859317808,528.4216198599261,175.65070390538534,467.9928746651821,422.1784030940203,135.61160304587574,247.745226938751,448.85784212851513,331.8459184020649,991.7575633648975
816.5094632400677,265.96748962133825,359.1156842985046,227.71736494767836,325.0102780156552,7.836477694033237,204.62962528467102,605.5281187615013,590.5401512366974,33.49386539573319,163.7628967174305,485.8934583068507,160.064044041942,485.4402493028765,461.58178195797694,168.62372751660058,434.38259060781587,637.8704631405976,325.42969544081075,1151.406178348329
1005.4137951661539,417.48283504106837,449.5190464678076,131.39427503918864,438.5970554213633,5.105988300890682,434.27281481833154,468.5726837540777,570.9324067580319,42.41339694042668,121.9497673132504,484.0004831554678,149.45492722818926,422.1283265571476,426.6496124251239,175.26378727163063,222.58582733999174,448.8906241797687,343.82455975601863,931.0156895673193
865.6956991134596,469.4300898547465,491.49784317807763,217.41169026612573,359.7011064572353,4.775921674149914,388.21912241628826,506.5544003798144,509.03878670259394,33.37913691348741,157.9200133170593,637.5590397847153,88.14461489031282,369.9818889624599,518.8247786985221,169.33535904061924,369.31267746908276,500.2876039385722,154.48813258399755,937.2945051996832
1005.4530828507131,373.7767628570117,341.1054293362411,246.07822197122763,466.7093360833352,5.936919498716602,456.51109436174534,723.2797009111598,642.3316977558125,38.67976529677004,122.07098405685917,723.5953092034662,128.7306637955351,377.74611498885764,538.6061464532022,159.65846855949766,356.1961307706648,521.8557805944447,262.4874365294121,974.6835437921574
860.7004011403806,374.6907905516791,285.09264940551566,303.69118919564727,294.73393512609493,4.797604024820077,500.43623841852866,858.6367641517511,423.95707023504656,38.13653646433133,187.80679233006734,704.5115886142501,148.86602009309283,379.1467724289813,545.7760449012453,155.7010687089275,377.2104093552394,574.0597626998654,328.2481219105801,882.4342680139305
715.3560447285655,378.0431978234702,480.33171999890214,283.9194263868426,357.89072400598576,4.2062573032965584,418.14793396526846,564.3057594871937,464.92341268180525,38.423216257065874,128.86888795847494,626.3605658215715,124.46729309164392,483.4377619751939,597.1812575653931,192.11316255768546,410.6428856396232,424.88869500952524,354.1712910345349,1058.8053027690983
1115.5983417117561,452.27020804530196,578.9683218533402,270.1490069826762,434.23538476166027,5.815045929193772,384.956478072806,666.0378764569763,493.0343501471215,36.89506407820098,167.33271371340481,696.918987479045,120.5746120601243,447.3448335522531,529.9091816116486,163.98489439451467,375.4486302325948,428.81706950873803,287.5501775787263,1096.931546560166
895.9271860876835,338.5185697833235,394.47489947398316,313.93749012968186,444.20834679561784,4.133088358555375,466.06474277415174,677.4415811605922,464.34874349294626,31.880841039045038,127.25987694007793,511.77476021993783,155.0980466407222,347.10657262602797,443.73103045218954,123.256104309617,328.5546082476381,434.59221953165036,319.131931789633,857.9114292561981
845.5767418210178,434.90068929551285,517.4721863734936,260.99970474060854,405.73232422266534,3.9553586237624945,331.55985882790503,627.6370866747844,492.9829676000302,36.87357689440052,121.70764645597149,547.4224923925299,124.42623455171226,409.30271588853,494.35393447642684,190.06872242428494,316.71328166079303,522.4152953042668,256.27462450171583,776.6439311683655
1137.889581310606,373.34324520148937,377.2711932627774,231.63604482801577,462.439303466956,4.645905401600181,411.9927791834124,787.2532162254317,615.5552006669112,43.29285839667535,144.98114227404065,401.11248671845317,156.793896410881,405.53565771876475,400.24997870851445,131.85581510685057,376.1108979290314,426.5975422341986,276.42267126458495,861.8817146444622
1030.8124263201337,445.12354731708456,383.4486378268035,197.60249867099537,357.3359550440601,5.477588359197583,408.00158652365644,692.4608882210002,468.77359480822656,33.518490510901096,101.47628189291072,747.1265119773074,114.02327472550883,520.9775144196609,449.3958739281122,130.27500229123436,312.885612100887,492.3999285380129,308.5103397101602,1005.7166782346296
989.8438670545739,210.71177323629698,445.33219561574833,243.53907714802256,254.9200910452222,5.4726857327794125,355.61258072831316,848.1346710869834,382.54729855042245,40.20898610883179,153.52946515936753,624.7628731503789,143.3907136070209,529.7402652648119,490.66217907592073,196.3706148192106,453.0954841794632,428.3118553029075,228.63896835415449,1055.2685801862112
970.4791900027188,364.32018975615506,287.7674880109357,198.88072159832146,429.38428895164105,4.41651718510218,440.747956930663,650.5530855913405,539.504823098321,49.38572126356681,137.72704268526644,512.8129640585704,119.9662237930236,460.59798450220205,516.9219622916074,148.79030629473195,425.55455757185234,299.53843827265325,291.7882550031426,888.7711838076639
901.3509195703255,361.57939706710323,422.63047927943245,291.22367441257654,334.4001581028954,4.6163281147505915,313.3960790867325,616.7709589505655,495.0446700732712,42.31310968328666,156.81443526396865,630.3744056225172,145.07941320012552,338.47359965663054,497.8794851849413,165.5464032179396,388.17238712702124,503.32484236627215,290.88025736208687,803.8876281252316
911.9524793443509,314.4249359026478,313.3079811712288,221.48432753010505,329.14554840956686,4.4169831332678005,446.33974872488807,636.8936201906557,626.0117437407621,36.25293356857669,164.53921612803228,645.7605572499652,88.00643995003153,218.18033892153636,532.0645311875172,124.9622157579171,291.85086813112537,705.8071179082219,308.25335648934833,1050.4822869120417
1265.2875399211873,390.78703730626023,270.0329841429224,281.7791380007332,383.37099229677267,4.287066861955637,445.0713284980858,452.1594692381771,435.92832645865894,36.55317334124657,161.93049447040747,519.8438101340412,117.03082103200704,407.1981503244019,430.01927347456274,162.45070815944518,305.16349468179317,496.3783547738773,298.1649483144933,1026.565713814377
1032.5719546955681,346.17652837174217,279.9250638974605,253.9111654241508,311.5368043237152,4.176308217849021,219.3435107734947,528.9353923194243,442.98131505227207,39.89220701283639,178.61790357087375,488.74067717243133,173.37303750465807,386.9261705166787,543.2402269607916,147.73956587167413,311.41360114481654,478.7395959882779,270.11853380629805,1106.7059270750092
1180.5206766115343,308.37156499187466,482.1531936040426,324.2041955852976,447.890786250769,4.395379405692033,372.53911884106213,565.9541094454502,372.3413122500022,39.39280167612683,161.04847097872852,443.56276075343004,124.31767274412074,393.14652709134634,408.9052293260738,160.95422912683694,310.5744200317492,456.3732934309078,306.9108546893058,807.5823200785385
1112.4452081519541,322.227332252369,397.2467174277059,233.23702372647617,355.77804372974646,7.346564391204581,235.72719648191688,1055.196668294503,482.0913175201996,44.20504079279294,176.4193506613455,685.2447473650788,173.9965614137808,403.34881080657834,526.3810136401393,148.99110627520588,375.66274579210113,421.47981207618096,216.2973630264371,960.9565046011468
1102.1695183290205,326.1983626938088,511.824268853357,268.773787273899,424.9857007285961,5.586013747275655,395.5530742026359,759.0525501047875,446.34663638248986,44.26346293482896,120.57911353459606,668.9755421657507,108.36337026427687,453.7045590689599,516.9421700853844,207.99496084313378,497.6420911558389,470.37845929355274,244.61763343404567,864.3580668801876
844.5011535132428,396.34028234640374,505.19235113164217,210.33163118827943,459.87977858141073,4.229686554993942,448.67525992144374,548.175202343294,359.5197131786356,45.90783616789103,161.16245895158804,730.8818871235911,145.1289847536927,484.9553191512713,490.7643137875987,142.67933053124062,381.20895756985647,445.92146286770344,271.0709857632936,942.2485693061684
1133.0771809563064,371.9256477188155,403.9699567140638,250.31504501850557,422.3127632745675,4.003745877558194,421.4018202871639,699.5240030917822,614.3354991520846,32.10779274087436,114.68155961435511,858.4970509140281,136.0498489439214,358.7777948846402,626.7044909649223,131.86073366729647,277.01758720287603,364.3223962479957,363.05306575797664,902.1724250058661
760.6805302637263,403.3144153752364,320.40486909313887,258.99675396436487,360.1771692476093,5.4862000832387245,285.255345899019,713.7138655056117,510.15919564350236,52.8589242235665,134.20826752660523,649.3187530088499,165.9513833574512,421.34765873601145,473.3455993988241,167.31152535800692,143.01911588627416,560.0386470421319,324.8021972871642,1216.4757035931516
890.9983695642231,275.0382878751851,457.3103682410775,257.9006362533434,416.12205215687425,4.058971914647161,397.520816202182,563.8896795172333,364.0921650475401,38.27018517586373,167.89993376085368,711.153992186368,135.52364935095443,406.4669128119599,456.56117358166756,205.03072083931238,408.6229470867289,447.63943365023715,357.0198807223726,1084.659724370919
933.9225297530774,327.1056275427485,436.4647491714428,224.37908897613437,299.4115737737911,4.9118081357335965,380.91599948436505,918.2536904913289,519.3516214821842,36.33547158987589,136.64669581814863,847.0976785484139,119.86313298613833,278.99090105555206,447.4866648136302,141.08231579439865,424.17873588976835,421.5724413137626,272.7956696238244,960.8515383625537
1213.8096729497047,366.9050936306826,482.57424006457916,229.01397815794664,353.9885439771742,5.615846026401657,346.8254980041262,710.0688745159785,397.4637663575901,37.9903227437636,210.3000915091044,617.7805328208083,137.26623964000837,367.6977665425792,452.5338239704278,138.05093089996674,312.7936570914751,592.4599279777439,204.032987500285,889.5949986675541
1024.7382024262604,445.9755510509126,406.2416772218106,255.59286996490545,287.440125386152,5.740341826029551,348.44736188381324,660.7940112673092,392.10722751167,29.875107846454377,129.80618703401953,394.07489342372855,146.52163537716433,439.58883631846317,499.53061038741845,181.7655316058373,314.2623222971989,543.7495486818516,205.76630199432174,1051.200438144152
980.2914241221309,398.8479260000224,456.9283920111163,188.30155400349173,393.0798301616377,6.246648285001342,407.63124740693445,609.9852675271796,383.52963909825684,49.24695655903811,137.93323419710956,646.4813666900801,124.35901332859397,155.5693552816093,503.92906527986844,194.69265385108775,227.60737650380312,486.0097025656888,287.1689096694538,904.008723452887
1049.531564328902,410.7625231438865,415.5904974363658,195.096908847164,353.43470517768316,5.692294964624686,417.2815647150438,538.3865590187697,521.9710936904098,41.78657669160264,159.2634493093081,564.1124476591589,87.78874050362758,523.8646235833204,467.83246658752034,150.211735344571,445.5153122818016,439.0059127932077,344.06897070093504,792.435442943017
881.2701496035712,351.5445464003704,325.92180185740125,234.69911660168768,361.8139457217764,4.454804019747809,370.5288916217275,715.9856155069872,405.38520748847344,41.31411386298675,102.12249521081347,707.4732298848181,131.18428396799635,451.459394242557,566.4424376617836,162.5123319091679,306.9050458324838,338.8765899259305,201.47204633383757,888.8289992809441
665.0322081546358,293.1006312420897,454.0582524976682,204.8143859453986,509.8708785058135,5.319584506864775,304.5685496110463,593.0730288984948,686.2816289136622,36.26788003860617,133.65123642477357,554.6761530988354,137.3165121340986,374.27661332493534,626.7255971736213,210.30687951697968,334.6731162595787,416.27192033833137,409.03847216594704,837.1235601225443
943.3433250391554,290.64880733084937,447.4898565147144,189.19437870577056,365.85239987627295,4.3203734490162935,353.99768181217246,634.8330678746402,438.52867059893964,36.063814522676374,147.23580223766913,669.9767688539295,141.94166257640038,340.48993486101324,398.2044816783965,122.79589856913915,291.52471402533945,434.16855552295283,198.0984210286777,947.1325086452126
971.5635990398598,368.6706801895174,436.893222163394,187.32681307535938,340.3894606629464,4.59716387506518,415.74411654323495,447.8953118556734,362.83638248579496,41.05464498171989,149.98901777005443,577.1500085980629,133.51731681006237,426.791870224503,513.0031146531236,212.7200592056726,270.806328701031,486.8206134244857,302.43385664463955,1087.2123882206104
1036.9530291689898,429.9021319092185,409.9326128993698,219.70150220026832,332.6632307767553,4.2861238134801045,553.0950523046052,784.8468726660137,393.21787778913665,43.665956059406774,99.42817809719483,553.1622837422868,136.2068621500136,523.423040236357,724.5986564715605,206.27426948479768,443.4660068376005,445.5537430722982,213.73129067568527,664.2499082083241
879.544530596225,411.5464354692649,471.11041732620737,235.2379807802301,407.57660767019973,4.656840859961861,391.99182683950966,562.9583120790733,373.87975432012126,42.211951256847655,167.5560805682718,586.7203484307721,191.04372555931954,446.6993750180243,551.1198857170431,178.28238321807908,402.1347307719382,405.8549226406735,269.971673032575,914.593864561962
1323.1292233479755,343.86617759688903,397.8512641074127,242.73508206820313,360.78910102338205,4.227177893814229,463.6437294722381,689.0338414610917,426.14923158090664,29.422976912363975,157.5591141267914,496.20316771358387,119.35443079745208,556.1985567905512,354.1470692573711,188.20261449384412,268.0870231554783,379.94241963831615,185.0504320538036,809.1277393696331
783.3929259588812,296.1566836930244,444.3253879727427,235.17815064984808,399.22852719125643,5.600625837127962,406.7958838101526,598.3464797786024,549.6553291642101,46.12918623296113,109.91146629062416,843.5070061975323,127.58044413872952,333.7355604065208,474.6254488318351,195.861051265146,371.50097103940465,397.68766609397136,304.9120766267209,737.5336281155465
932.3309012202436,326.9521419340982,370.47270620832893,202.43117174657436,418.7674823869115,3.841784465672088,541.6558376978494,608.0397737344372,507.36218434848223,28.012831938340163,102.4736767196535,589.1831981191722,157.1869857585167,377.22531358487026,327.177182518078,194.93003705855844,320.5787549907708,700.389371652647,276.1774920705805,1160.0074832746739
951.3773988956024,271.5651287145644,482.84979606726455,227.1139304760847,360.6641560495908,4.974176785724649,255.10374277894306,531.6238351104365,356.9335074794699,49.48954954691356,178.70841180912834,619.6261276534784,134.6230860459974,260.8699031317221,594.8351104562067,209.51401949615723,387.2850363477479,404.7603017067332,334.5164555939961,921.8541490592224
1168.658093507363,293.50384804926455,531.5393747302513,249.6759703680213,422.84554874033785,4.9854001771992,399.66937941118624,534.0260284394766,609.8743994369393,42.81262596783786,154.94947312703388,913.8528389137487,155.78419487116258,348.3742124448303,510.2970110200323,165.2571297201303,313.4175136391566,327.51377871798934,261.00434860954715,840.4451396188502
677.0803968748849,350.1904342069932,346.9057890891601,267.5026831543176,409.94052069979165,5.282728684671774,359.7642653992694,749.239000416699,629.1631890400532,48.37132805191915,182.80825452252964,696.7988871228916,117.8627426393691,409.8870062437417,518.1864825143634,160.19999032127342,401.6124839687798,440.9709081560361,296.4276397535984,913.4361356214322
851.0495078231733,295.1076528166207,406.28267178849853,242.94171683109397,434.0766181125759,4.430973422304646,534.1543484487025,595.409744324329,526.789707482671,43.717868849851406,104.31793385646294,676.2275400558021,133.79058105376453,398.388738348647,447.3741335836608,191.2762983417672,345.8623870781085,535.709020943125,285.8560884989763,677.747222804718
721.3232881299407,389.2329915114562,276.73413700548167,251.84659062112183,411.14078748442546,4.454292698959806,136.89005063664564,536.6637029997091,403.1958035420125,41.72272238308516,131.6507753789856,747.8136183178968,120.76037816022497,318.9060193626516,737.0548089544412,160.35648896642937,373.5052736882121,486.4054669614412,315.25010779646175,1021.3076820845013
760.5769729392539,307.3268346829308,319.45641626917825,279.97728674299293,436.3635239778598,5.6398186408165305,473.61775950136683,633.6540611897348,397.58229501245626,45.9751206580153,155.35728140050827,495.7623279359416,132.9101897476892,449.30879455183486,618.7152055386181,188.5762926951744,395.90684075029134,510.2549926636879,284.52733869612126,1140.2279149803517
889.0834712356001,339.21686131523666,281.61181686106846,256.0065131270265,449.69372092946065,5.297005842471785,209.21815884477348,624.5651018938659,580.4379345255767,40.187368606517374,138.74029726855102,796.8844064994573,103.10320158258374,387.50895494795964,534.0368822108143,167.5848660697167,359.58917063178853,348.3267753142923,280.85471049366356,1100.1221920510072
831.1965348247172,401.980889781567,488.69405582095004,152.24893929128604,253.73780940514735,3.179098849789836,479.47899783994404,491.72328354961024,562.7327520954358,39.21363180081128,194.07976405579166,616.1785028660219,155.4447040339096,430.1260744348637,553.7210276793247,219.6278901352928,457.19111506687324,469.9784177079277,293.40208072140416,1145.4043707804979
1006.9017089324864,284.08343893300787,423.35974938193556,252.586791876302,299.2491649194209,6.133071818756432,427.7797373277566,618.3190846519304,400.36171729167864,38.36618782741369,132.6406313713954,407.863368766425,170.21517447753453,430.5683875052246,539.3847308188958,181.86779808173515,385.3966412653707,384.67719062247727,360.544581413349,765.7531240190427
1034.255091141806,430.6425611896606,380.0031467697085,155.61280286914325,455.35572160878445,4.968489477048167,448.65313314449025,639.7825567462319,436.362329851259,31.70622422004353,138.56951021423262,622.9634562754168,129.35295375357842,474.4306029864793,534.3821188296565,173.13266527810552,373.6510896179281,539.3201278509199,274.4786229138597,766.1113030642742
981.8816954008043,425.7163316288646,348.0060951923821,208.23902853900267,419.9357680149555,5.101024931011062,479.92621927459606,553.2951865390854,527.6976548236207,40.739492634438605,138.41692589218698,556.9811375337772,167.995199666153,352.30407634835683,402.8260539255667,195.04595392015966,345.54347519912136,376.5291933337244,297.95630849810755,1191.230455233966
1288.8008942297529,334.83566872813935,430.8289803073932,253.2915104985142,477.2960419401022,5.99130631084947,431.28204412259777,516.6193188813417,401.3042717100326,35.62705067008227,164.70284191237752,618.70274137429,141.57964444018336,308.91027115368695,552.9366489829957,161.36831497056664,300.43332867582217,562.9812680362777,357.1151186109043,775.223137363396
1240.8149598870611,354.33516439305816,568.3941826197912,266.2027769430168,340.8207909196342,6.04604690961935,501.4168064515277,679.9203614918583,436.03073077698417,40.49807996002131,166.03807957912088,756.1567960834225,131.79537788793314,539.4563863434902,594.1151272936892,138.3198039519711,289.9195555377392,491.92345443694074,298.090906742364,710.2134829226048
1234.3295126594332,369.040828045846,388.47621955658565,195.3496083625765,444.6640917765367,3.019988541052591,359.07175224017465,755.0504343516418,411.35957552793826,41.10109729865404,123.23536399657773,452.13282907390175,105.90384582635522,461.60019406808294,490.1062145459201,135.48876196404422,391.8898653364571,665.2992677707815,341.711023791276,721.4104914479535
1069.3966587309208,324.06123026895546,493.205943457202,254.0048029859796,447.60970622960406,5.8658590757785705,444.88838357970997,581.1660831690522,515.5958509651418,30.312054431254303,174.32673004986222,611.4573347686087,147.65999439622902,385.42793586112015,608.888459076957,157.79522179822354,351.0936175928994,486.18652840008497,242.5641359196831,866.9557597195218
1003.5194458255459,481.77887847573686,409.14444872763386,241.16455361259224,341.83455097129865,4.25018257933078,449.6213856533881,566.8586966126193,508.92104680091774,28.73785615698554,161.2785040172147,614.7862149093557,124.3199240458312,373.4002739365629,668.2600121367647,167.25563001279315,411.74823575639124,408.5674628628342,202.26812606237937,873.2167047831338
1006.2257563489637,340.5177797018216,455.9649481124836,252.23091735396287,360.2793749261028,5.184627705539477,388.380116099539,667.0565060889347,581.8075099084718,51.89361362693641,160.71644106266498,746.9378281913215,139.1478403069307,401.8461220520037,652.9211770015983,139.23022486624527,408.4141437754968,437.59434819502724,298.32019397435636,947.8761391196532
889.9542488758315,334.8760345307811,352.57842805226085,259.2270615341576,420.851657124712,5.768363694940922,399.1192122693052,523.2245839363371,548.1305007740895,35.96570321872238,157.39150905851068,660.7998043426695,84.20596169106744,326.245809883516,380.40468377306246,113.98797842677305,298.89301610186436,476.04955161861574,313.5188422900041,1091.3272066435534
997.8556927138429,388.0558159604025,499.6976809179063,160.88175982489304,356.12815200369704,4.3196952826578725,490.0157109905889,736.7685105618589,550.1221883607952,40.36652101514434,144.7995624249244,482.0449738352635,154.6893567534152,498.12347104082164,482.005356237242,165.62026109059732,292.8932710484184,482.9725934479215,228.19913056410604,951.1985182195867
748.7423876806663,230.33634492358684,493.6479575124591,269.74512767339615,292.3456866504046,7.4851297486016595,254.04731880871336,484.9976369403827,526.0080840105478,29.19867588951961,151.34526894922607,376.26164036795257,139.3085393404467,331.4283548845643,446.0393787157135,205.29615898481904,396.8987011491492,579.6024073242291,241.7528887342334,800.2213864328646
981.0707978338272,377.48971802082764,440.2094378371565,280.04680923076785,482.1238676198545,5.537242661828632,543.4959053474388,581.6458219950752,472.3810661044786,35.650873938664,92.2642013787528,440.0222232664593,163.7709680639677,446.1750870226359,475.67459265043396,155.09994905051087,351.2223357525923,476.4245097164197,278.0689647168557,941.5420251384639
906.39936490891,236.458240680422,355.6754860531305,253.91672480244037,417.4097801857257,6.709450545220356,425.1741197076553,535.6449121733797,522.3442402366712,50.07558508028595,100.39051777691597,662.9425837185275,124.95613795877063,480.721280598077,404.13397220120413,179.28512854577454,445.1560104918558,417.59134745250583,174.13155622384386,773.7500500097082
1094.5133770725258,246.05543948984734,464.5099322863661,141.4999924046652,346.85933696938696,2.6405859826712117,616.3748298736496,549.7566660780514,621.920455373983,34.40390211799995,148.0817346140969,664.7365300767812,159.122684349461,236.55626257519668,484.81694129451154,191.26283111585207,254.74551970174656,620.5628009437856,338.30946932152943,850.7975246068322
978.663300642234,507.37712273406623,331.50984900854314,282.22529847554694,436.2913797310911,4.500800827125512,486.80027562324216,599.5699019273021,394.16390146208096,44.44972280977751,159.2092011357173,759.0254483448377,141.52846440546497,376.608073490794,477.4035681466759,173.53871000343096,244.85214016808095,543.5711161222412,257.6187375612766,898.9441883188981
974.2953008080365,323.3276181472192,420.0461128143157,202.11210722437448,480.80652121876807,5.839437166086629,335.77057428936064,537.5947335549694,284.4368985741189,39.535990893042154,167.34457424075345,582.306604428703,163.25220510677184,521.9241670235429,598.5856926382007,180.42775553612768,338.7611156000139,490.5760092971575,302.46027775419014,1087.4990330726873
586.7559564767364,345.9310136984813,314.7542705290284,199.0978428759366,359.17436325515496,6.574383722791152,454.71995526866954,538.4929571645775,557.2378163502897,37.843705974245445,101.48074436755334,353.64438027517457,149.04482266526173,325.3980142977817,486.3423789305514,132.91248418971608,397.8524839733257,403.78196416088724,223.61738463668627,1115.1643298471135
1062.3609255094373,403.9613000947643,350.5907339089635,200.86099718214345,451.0384582125554,5.207726432826005,457.0114020622134,713.6549570730302,400.8478730933062,34.590095240356646,115.80568402701954,692.3670903713693,106.00679872683031,361.53258061432973,516.3573338365223,203.10510829200405,227.409761381934,363.3061672679358,342.0883585468907,893.921725336989
635.1720718357092,383.74040427942464,338.16881333043267,243.0514340518297,352.8958258206725,3.9538939007429796,365.6853717740047,602.6543095880608,432.7067185866986,38.8597865963714,152.0815716021212,594.524171136823,149.58226599466866,480.0945716348311,500.07174911750997,164.05687663322882,423.7863370871839,390.74326392711333,260.07743462431716,1100.3574202042892
894.7683955948717,403.5620315426126,417.98542995390955,200.31097363945435,238.57083217677987,7.297243312256384,397.37652099053656,519.8965459600672,608.8952760538336,40.02683219296174,159.31427238463377,703.3337496459184,158.1846551671664,388.88364104056143,475.02503421535994,174.81126596708484,268.1156575539991,410.71558833843176,261.91168919716307,963.8128880477823
1009.8347723747929,323.782128503633,397.70723781251826,234.7192354584332,351.38885508140476,3.7902390702983846,410.39853226465823,672.7396972908307,558.3327797788464,40.03817930087371,188.34784476895555,736.6733796668267,170.39265395929215,280.29353964542383,493.63592023750334,129.7593627897052,298.4195298793754,484.6463179042733,250.38845122138275,664.5742458844229
951.125662662469,350.1315664201569,467.65124515908815,255.7385495661245,378.3131893083184,5.925678020859063,392.81776291978923,613.7189750779035,313.57428601098695,32.31524015097728,170.57666884625968,581.9317153775437,108.8744835081082,398.03917858453576,451.38688767298106,149.89426995102795,358.48414313437684,507.0193851982894,318.16347416304495,743.1133682020741
868.857407033104,307.96202826485967,306.75198588412024,255.7495541638091,436.91885279257457,5.896149483143569,438.1919305897164,603.1021625498811,515.7460702234193,46.551388694709686,211.93481814171574,611.8112531947859,107.5056224131024,282.5921769508956,359.3588167076831,152.54339127864736,390.6900911904361,496.46917117184455,328.8548736048137,870.8878253038393
936.5729973097569,339.97232295707573,306.3005692600695,167.19523598419062,333.36406057137526,4.127741648225238,381.686685728516,665.5810391799342,414.3358271127614,35.28230800227678,145.5679902799683,553.4600589475162,146.44990812055536,368.19576699192953,654.2922574778011,153.01399976064656,405.83070381223746,485.99112811777877,302.7173380873717,1171.0581971502027
1099.0139918805105,286.2495742641762,509.3788372725269,275.5958172629481,388.2065669391868,5.988814857043389,423.9921349747333,581.1115603490754,478.7220951636326,37.90437169854603,162.66569401649747,869.095327216576,133.68561195992012,409.8327428587572,486.8936728459453,170.8225318531161,292.4499149618241,377.90672281388333,382.2417359911433,976.7218638982001
942.4979972969027,470.2461778926892,505.5911923091577,186.61353408958888,416.44802670141377,4.652631209021163,376.94948739933824,616.3975805933815,456.92581977191634,44.69442739637063,140.8413228332981,390.925839631308,198.31364160353397,466.38941396677035,576.6765078400882,159.6187995193869,469.834616594916,678.1956898228859,340.68012529335357,640.0233283954492
1226.0434671624084,363.2041349035768,488.4636460214932,228.0297575961748,386.1506936508284,4.863378180236929,280.1847511322713,345.4077044052164,490.5335587850422,46.286735281863734,149.36425727769753,653.3213998569182,139.28649390462576,478.9782918122434,511.24391075078347,179.4392932464972,306.44089457475263,558.2444590449373,278.1991804389595,776.7565452835702
828.3832250854531,438.2076434310443,428.57802298232565,250.74376568008523,568.814989874538,3.1413897698259663,319.6902321223458,591.2742021146582,572.1355636901818,37.56390840538574,150.5618109278616,513.9551836015448,157.8525580209477,559.2040140373095,431.7641294824307,229.78686798501508,381.63118871720576,369.61267278496666,338.18037413601246,831.3931178613349
820.1245215337904,307.5790513430972,506.30870752043177,219.40582534905866,299.4426899064613,3.7619675466230262,428.3757970995736,539.7644544295499,459.1009646116563,41.04702924140909,143.1582475747656,628.3268900775844,128.57843252615348,393.33369476879295,341.06628765970015,172.05909253510777,367.137052234704,353.1284429565268,252.13870705427018,890.041274693247
904.1880965210686,278.6975295849184,324.1102609424126,241.16677951473685,352.43782993030817,6.557042563874894,437.4720183729501,701.8392366975547,457.68774653131027,47.24149880118869,101.7915248271077,495.53443930553124,154.3142387243024,632.6845083593164,493.8968716002928,132.69567446540216,378.9963773288938,482.2529690879039,313.68371849114004,782.9992912050799
962.7314440862514,283.49671599433555,386.98369944505004,215.73583725412504,402.1452988882985,4.661718830177969,352.95938271969646,557.4661844127794,478.7907457037687,42.71026165082555,123.0297013284151,854.9497139341786,128.91701027316063,445.26952933413327,615.2980679530227,168.58176567307467,294.83822858543243,469.914506021514,338.1831102878163,879.3412852839768
1080.8878545988414,235.90181305361085,567.1320784843444,276.04292491369193,358.49549339791855,4.9879594017958055,355.0257735990671,687.0198495569196,436.28344580131005,33.22353683451318,174.0923268966392,523.4370333335553,129.75108357283762,386.80792215021324,419.7619788538912,179.39392540253044,328.1406395355165,360.2016102045716,328.3487872514375,903.9016855525294
1046.2814084935771,355.5280143568544,405.4166904275736,380.07926848149464,441.0945838127265,5.7711730365133525,485.9917164341404,620.1307343129727,508.53930322807975,31.317364264080375,112.73994920085411,751.3267494399306,133.53893168210183,464.48986444874606,385.08840349418557,160.93465535742004,433.86901846243575,331.20486582050904,226.23046297875655,920.7201085104965
709.6849479649325,316.57400551370625,387.1292707336453,229.64763210192893,295.3188390783299,7.155782237716137,411.96493527463673,648.0084536768238,513.9340497517504,39.58235791999306,126.75795249274199,594.7208001601552,168.81600745044014,417.5715547873236,546.4122881805248,218.49887682110173,303.20208190516644,389.6966412471435,277.6015499251396,915.623248438396
594.9762562338426,339.333336324738,463.0104085548166,216.9557214551604,434.67782359505384,4.894319415432538,427.01166711536695,802.9380578002906,527.6734076903181,41.25286644059892,161.92681195688513,869.8342266872758,101.04227624030835,393.194295519839,557.8595966762939,101.58488584816796,275.43976926628466,500.4955906936652,235.30300837699397,1014.3541542798384
791.1843281289321,334.4678392207779,478.80631888625874,267.4760567113506,375.95366703694106,6.487611111802779,354.67747104017013,677.1137118294996,584.6063446719086,39.595644465466656,180.40752808539233,611.5365554543616,102.58860525632122,304.9109565239599,527.0134590546794,116.1020943105043,402.07217152784983,498.78306297819,366.88400039836404,980.3415824190172
1188.268808672517,354.12241356826496,394.90278925578116,217.0054082733008,401.4896585637181,4.429975090422044,478.1385544100108,486.36560337316735,470.6322183357873,37.862717838193205,132.54814919955294,625.6786485076005,131.3320119101519,286.34900390557186,510.71139525466003,161.44605748283308,378.1937397480237,466.68268792079346,267.27324613700205,787.5027336712734
730.5783073227043,455.36406841093844,380.83912192471394,206.7413637620474,365.1821624383993,6.591727696173459,295.1061130746708,618.1794098167207,329.58068697587737,35.550023775456104,179.80896831832814,629.815832271564,132.5923134914973,483.3172538444529,574.306178298607,154.18469434065136,277.35192110017806,453.4790977195191,281.0187041168037,1201.2681072349358
1072.1744817744684,348.18667270107113,436.8693106363336,239.98619297066637,358.742378423442,5.526075228507512,474.0264154355506,616.9535560761035,390.1160866286726,12.898237411767209,109.0632298608653,811.5367931375993,126.33553547010294,454.53897662530386,290.99474058351007,160.17446793058465,425.94027014977263,424.07329275085556,293.43225633286386,849.8149433894096
1096.0177793779487,391.17029510208107,436.3155175576153,293.31362782311874,297.155504426961,4.689350760403091,333.23083046691477,785.4863242876716,511.57285416128167,35.973239998267765,137.45122718916144,487.722327077062,113.42719884992636,343.36124712491534,504.87824576101224,140.5822453720198,326.32301541135087,251.82734830800135,243.62510769545133,963.6450193127866
885.0964808235253,383.2006752351293,361.2116731963131,263.8400753697671,438.4876016912724,5.632010195528761,385.568482616429,555.5297171675621,468.3781774690399,40.02765313173693,178.99137896381995,729.6743619628775,96.52941085024798,435.98040372338664,536.1369790167441,170.36713159504458,283.38528858204694,459.5375925156878,194.80440629573172,1079.1464276718455
1204.2328031815462,273.81542876574645,486.9829125469595,196.44584345298424,399.8093982994798,5.0394280406329015,413.3274019978453,797.2756813684649,366.580145941782,35.00106722891741,158.34159294343925,698.7023729333806,158.6849774592139,522.1521161759697,620.2821423045467,191.86982500176725,271.34727551282833,507.4803172646489,279.30243318427114,1068.523277320872
1042.4930359065625,339.6874595609589,392.21966060103875,234.51298455209292,482.4699884920398,4.11282584502729,389.0134683589551,674.2595365560156,515.1062425444535,25.289004370708298,136.26424319650596,535.501309953029,132.31645260276653,415.74443551441874,588.425252585638,118.56036987732705,246.87656245919536,550.2151728095172,208.57934519386004,715.7816831464341
891.2710440700495,273.85696616783656,406.52545922032334,257.05070201345194,389.82770812860446,5.033332788102386,448.995736983486,571.562855391133,504.70291563494493,42.56394016382218,160.75165562502931,591.8765981638923,127.06729057844296,473.57044504879633,415.12863298410326,207.80752345735215,401.2936289517013,507.37081768667207,357.4698402194786,864.239743446764
742.3358940392598,367.56726417410573,576.6890583473236,290.35534260945565,372.11147573472033,5.5903241261827805,357.5863022292276,704.137651515563,487.8154190665688,27.191608470209722,193.45910723664312,592.5219020886111,85.3633572044564,520.3970274876185,507.2100971009678,152.97899495182415,215.125375516996,596.6698163501206,257.6299182389727,1172.667078843746
1140.4796584648125,450.4939528059625,217.04875970484784,222.47599882177946,386.26290811023233,4.437415034993854,482.588995781016,825.1101362030743,535.2132794515346,28.3645952582364,150.96198776847297,805.1960488897206,120.41147546246735,372.9438994778019,484.8103888826531,135.91081512603154,295.0327621113692,555.0643128950826,335.0202048787066,922.6986259437745
1112.2964407189743,356.9217447591576,340.1373961123461,307.71612055163064,428.1714831659662,5.6111693459186744,445.03636088405653,589.7205187771721,503.41554762376836,33.29109198639088,106.58824206538335,585.3258697261045,109.63435034773366,394.02558819525933,512.2590257962067,179.44478480927216,426.7161723361761,431.152963302762,349.88020294570504,713.8188913559857
775.8732750633179,455.36757948801295,527.6852635407314,275.48253579597565,387.700442320608,4.36812788361606,341.2970747487363,597.7167331999898,552.4315922976157,50.529711273970676,161.72459943235253,610.9467502937417,134.06170833100265,376.0550336872909,577.9762296250291,170.4613980578619,344.4259046293307,390.3573618181729,286.46630825481395,910.0793981171678
1186.0949066802477,405.7361704082945,480.03405935784366,181.01097724615335,423.0046398245615,6.187348572484055,362.09986196052427,591.0442871854228,440.3597714935978,31.898326371148485,184.99364618685766,725.9594519907686,189.7946565980392,423.32079618871626,511.95070397841107,102.61708959419957,338.9872029421949,349.1421086593788,333.9723856105436,773.0019381309787
856.8613694787354,391.6754164199926,462.43994730449754,233.22334463653064,400.20777050272136,5.884418890525995,432.49198662149547,688.7460353647303,546.2926265675412,35.446339698679765,182.3148336695844,604.4926778156434,112.67679780771938,425.941392569384,330.16099188145097,186.71374686245088,333.7719136507683,500.20876791276754,208.4544716145075,1180.8097270937697
1033.8506165182448,429.61796782779123,426.7912201300063,153.8320701082518,332.1033209182973,4.299438242199052,521.5987605620152,559.0415049140352,505.3547584052815,32.669626130320204,170.41143605111762,687.0313021281485,143.23276353630786,423.99675420400337,519.9212529757755,154.79468785622393,296.9748166288934,494.66151792144194,306.93529047254293,856.4455969423482
1193.799792470587,377.2664847575516,426.3742183664716,264.2816185650051,327.1920930469104,4.095967410297445,351.68014151982896,506.7321858881836,531.3120399685748,39.73527558277116,151.1868465225497,521.2068025177477,193.77103641418535,424.1919498364163,541.3611163041395,189.64535390263399,322.35329870800706,381.1352438532957,191.89811404003498,983.9346702683447
938.2749400178149,447.3220270615695,368.3583727653996,260.07568755473574,383.1228777856861,4.417933933854978,409.29523340945366,794.2371365186625,407.4808082707494,33.10631788242428,190.5841186423012,699.2119372814959,130.60291104856603,409.96654010798596,381.0197814682838,192.54808222557506,428.9325939685992,598.2991879676471,224.72303652740533,746.0830134909958
972.2679062518583,259.2025289820445,365.33660493779854,278.2586913632595,376.97909268127387,4.845130956717325,510.54277137219674,742.0556506499922,495.6850010917635,33.36615398135305,133.74039470626707,540.6569535325273,165.82244035265617,457.6066262656524,578.1962480360324,159.48332585613488,445.19484520398674,450.163132915029,300.3463655930068,1077.194593142859
993.5681325457872,378.1719008303927,385.7559629513121,188.21711449346893,366.3738344449627,6.009313895135458,256.46017961976906,597.6113715097006,467.38355919302984,40.78944934680137,159.9186477120687,645.6926928771287,78.584951762939,376.27509629940795,428.5222993586261,160.74102554013106,258.5420730272894,298.9040159582179,315.8605299181807,930.1951764010039
915.7268098472244,414.4578798366791,479.6353958131367,244.3642607547966,355.83684211291956,4.042462980906712,340.3981502661122,620.2101565067662,487.7320295725608,31.453252030829614,146.46719797782856,621.4084698754407,125.88907329578788,328.2131553899746,493.86394313722445,156.75413130938682,366.239209237226,332.9525626353581,246.448288555319,1203.8953952503036
1234.184359615669,458.35642179643725,408.281360684409,249.91583348960953,340.8975937423745,6.300879491693956,603.9461521942334,763.5238749369278,512.0098293672688,44.89108190398078,168.19845850663222,703.7398323443315,113.18213456014384,526.0535454952268,385.2686781715748,191.5121226782215,265.6694992499384,461.0409848127396,292.7240088626532,968.2082008113657
787.5964526725672,369.50066867949283,359.20332575184625,120.64986537892379,606.9820713092383,6.500371805900441,413.7741932369101,539.7335497738511,565.9902755503371,32.206369931468174,216.39614805815603,599.3542186750856,195.8489668220792,403.19712066158894,609.5260516910098,129.31512182435927,335.2182883051953,465.7038343860317,232.464985833075,943.4996680415297
597.9070386583246,376.38631212751227,390.8323260721141,229.6064202784527,387.1451219270548,6.659160804339889,338.3632100036824,622.0904575274978,468.45415890564897,35.35929798440063,176.79198982584887,448.8416793137653,134.87867565869885,403.30029915586226,374.3940349312667,138.6383574241171,446.34007976695796,480.9200922769566,326.1112687418431,988.4663427616422
1289.9993223369302,347.4447464838932,443.2040834894309,210.0361748422183,477.28815140681183,6.088119265498043,407.11066137267466,692.0583080229264,407.40760662070875,30.76387172694121,148.0117198006979,845.390926766021,177.5279314892993,542.1318609670628,402.2961185537632,140.84157622169366,483.69985281193135,407.5566016684109,408.3663792781437,1078.0190209760265
618.9621747795269,314.3633441517136,407.97553093727174,170.02071146661186,378.26676037733523,5.926564690495135,285.1120439759799,605.4443257837764,435.6606755226882,36.447627993854276,125.14762715945386,485.5637438680261,132.46318016419397,373.5043691689852,396.2808894783625,171.38154292328264,497.5564256721499,476.97101516660524,253.07652050659226,816.1488318528642
839.8629920397909,399.2118619130381,538.6334916199532,248.10510919334132,394.81133747840084,4.2383056540871,369.2573797657888,522.8357966805313,439.96191112855604,38.1688134556366,147.12971953877744,594.7662845915609,100.53286567074213,483.4945861193988,484.9637191561367,160.02339153188066,512.7760961748667,434.8266143421725,258.6716262751854,1030.1433496170218
850.9720789956821,328.66570631967994,366.5202857850242,191.91984555431043,397.7925716697795,5.071404073164511,403.16698530594874,802.1965336982215,452.79741768133556,38.574559515375306,156.07320485331215,657.651221766753,127.51287733296246,463.40664368466497,473.37580197161935,206.66815084441095,205.62656387634019,359.787074795366,258.28914409214275,866.5232009563892
1018.0762591656278,266.1484243347533,301.6636667422043,169.46551434590296,363.54728947182593,5.239390135286182,360.36464896932085,719.8966733096694,443.8029317184108,43.70020683354453,106.17837408451811,563.9883202151505,104.31010387982754,385.67889036711017,407.867389308073,149.87603905026546,384.049188003046,544.2553939056193,293.46379966433585,802.149694324341
938.6668810181758,419.9976392596303,453.53243648653574,255.90686876927566,271.2974999062289,6.194959520354088,378.03272913565115,622.1510585643457,577.8911893157758,39.57443021122272,165.14888011685778,852.5193503398525,118.48574273558512,361.3760357302552,752.3446482166821,148.43683241695038,358.74176094426105,515.2844693926264,276.15585060747327,1068.1997975776135
1085.9733726444274,334.7295825129769,527.4462532460317,240.08306764134937,421.0941565888678,5.343646097291254,342.71586298015063,543.7258555847433,454.35821763265824,32.17222219828726,152.48927619360921,652.1543943829017,161.75235767658157,389.3674097636112,484.546893591442,190.237073060198,425.56870005874174,508.38850078816745,253.9494346227522,1116.7235693059404
844.5132174476515,433.68763695591537,267.05005272354856,195.2924598094505,405.6918774982387,5.940151319206895,497.32373433683523,657.5420467071524,282.72070021917165,51.47198003218804,101.9891851056347,666.7275970321779,175.12864043979985,331.5646850122936,446.0672686348356,175.9896280553708,315.3214539538815,326.37463550209316,198.65174636516227,1194.7399072449557
1089.7785901916855,358.59216689216987,438.69307281236394,205.57116447491472,302.67062961779305,4.753603627801461,385.71576740061755,566.2154010291936,518.1235018765931,38.744489419802136,172.49104541130475,573.000074043838,121.76039759563389,378.87655310033676,441.24944834103025,180.3334562275696,385.40032550816056,595.667988100594,434.261861871791,1406.1101280527846
768.7397965004685,274.8501172695304,393.3691880135775,286.69261943425965,364.9104977008303,5.953665372161874,439.4341046161157,697.3109208089475,513.1406366598271,37.50925731021056,137.87811059398877,766.4612278663046,114.42184067937806,407.1667087779339,568.4170077877798,145.8073751472809,364.8096249622944,393.42624964364677,378.27728934527545,1055.4812632829562
902.1602898271664,293.23719390768076,371.58530540426034,213.4167300931901,331.7405745955937,4.379089571354866,334.12873841262586,671.569422033496,434.73746852514995,27.67669861833099,124.51702817855332,745.7985898369506,128.6086855707471,335.31085486672356,368.6747387116767,162.23738708238378,440.8035562828761,325.8698404606038,204.65432123567433,1101.7234445863353
1033.2219596857763,485.1441245616094,395.77806141353136,222.89124709000032,375.3142742077581,3.7844347529649407,473.0856219807556,458.5703303537543,419.1382180265067,13.78299165946937,148.27452907796868,736.3309718879001,113.14378726043635,247.02353411590414,584.4197096893403,147.96277986306103,400.9289683643504,369.45181353704857,241.6405350409081,801.7503287958995
1213.035197134585,235.4173500683184,483.52052872046266,174.61247647006806,345.06517263773935,7.244986808505658,545.35734832577,704.7665099579627,698.6272341065761,19.768498600459623,122.0352883086083,670.7133896739188,134.550016235699,392.4089978948225,354.70642609703793,126.88908772008585,333.0476312121318,470.0264866928838,238.9198424343262,1123.0038643073685
815.9581665065516,387.27400694153806,406.2714152817632,240.43989937185557,408.6655815631945,6.4253586290437985,365.82882686715504,521.5097368358576,382.84622047841464,44.71809137046928,152.63849315621619,638.104265245724,161.67655384742642,396.81195855544996,311.9994569710451,149.12982205944516,348.0449146994606,462.23608609432995,301.27682045380766,1509.450614750624
1482.6051091235122,425.0388135265266,325.79740150340183,213.69933619369087,425.64733746912395,5.797120319630779,258.02944826212615,676.3552815215944,529.8050083288864,41.11382647994018,142.35803780804713,577.5302163108206,142.18479711969647,379.36384669754557,478.1563980485545,155.30286625504544,438.272895633803,564.5309751503836,307.29037241821334,965.8059075844544
907.584684504965,300.9237310433154,522.3620372601023,263.78495646924637,350.4934930595185,5.466954810936595,443.5841228446449,588.9039774194467,497.8144390333267,36.1030906359784,153.82444815372568,771.3054168016926,147.95626063099058,474.655199507292,606.6784735055587,214.9635084074378,365.7127845946589,570.7631093683309,336.62606898878977,772.4423407583954
851.7465148349119,360.515565136409,376.07341599143047,225.69160111867726,356.81322456670506,5.098837974091286,395.474723726813,708.5671284979891,362.6318821535787,27.688145403128605,139.8225505566075,655.0006416454194,134.4892947527751,415.38756535498624,313.67524705636686,175.08578172057148,380.0328342116403,567.3370485624719,309.6055560142631,968.1620310909464
958.3570625619399,217.97224690692738,494.2790951400862,261.68173976109716,471.9373476814023,3.7079704607140824,276.07174355812566,624.976670740205,552.7175193977955,36.60736433202125,154.85341231005407,676.1756599017705,153.38597462303477,441.7755903191505,539.4414020421838,172.72040652275294,294.8806554017856,464.25528361225355,362.03079658991726,811.5023044080633
1253.544737877216,432.8663904771914,510.3163615740426,243.64231382948338,312.49086797050495,5.13577590917413,418.1427848119735,656.2170703586813,544.9454105466713,36.27347640985422,162.5793524479059,620.7203780949578,144.7213094002473,233.21007634953742,368.66314814173825,184.1550918422488,284.1408129739707,398.8884686085412,226.90375727277308,1038.2179277125633
650.7248874034158,350.79957090583787,346.42471396499195,239.01885737215164,390.2339006421855,5.812727104865193,468.32212189498534,724.3705731146935,539.4076109477742,32.339362840693866,147.03222527492431,565.5982894115511,179.88353669963274,526.1523376058847,597.0036997824188,147.44084338410696,369.2361937528482,408.36014641456745,325.54063397883,960.6003613403108
1305.9260431735197,310.46255697252457,388.988914043587,184.6613094944101,431.83797694856025,5.09175222367705,318.2783511897633,747.4020390319188,360.5174584478307,35.15343821911472,148.22941736590622,670.3801861464643,119.04767262661396,370.4776619794799,535.3161814048516,153.7039053465237,306.22465936033495,496.78779875390387,190.28446739815217,844.234236346402
956.5239509702741,386.36828510411954,387.2644372882137,216.56359191269584,453.0096845193408,5.171664909970717,379.7769024257356,634.4814852327418,371.7793019806756,34.38855690957446,180.37107944287547,559.0685078861538,118.19850277383097,460.58419520662324,556.1933759148154,184.85629440935114,360.779421509116,498.5261133051437,348.380478575297,876.0176215239968
1047.744142505101,482.21780810595743,311.7275682122978,273.6809306970205,235.70553635446566,5.4530117804895255,342.36223280901015,428.8147144365437,621.1163120020194,41.56086210336332,149.46454684104864,606.4664071452916,149.0614615419186,264.7567972233122,609.8740846489025,197.8233618178978,305.4393939179372,370.3984973597526,260.9929866853478,1100.940835939476
1113.1237284408626,432.1643082089961,235.50634970280657,185.95639170935482,392.5707127523288,5.38572633912004,312.6243543264036,646.618523523695,425.22966292847997,29.648125102181407,138.98343991829233,716.2069460703967,122.34518412248578,419.96233542620683,599.269320961471,172.9599022994053,383.5729035486228,494.4805983908686,313.3310366300926,1135.8890662673941
920.0483118636522,376.8199456293902,372.20429239420935,227.8648226080077,416.2469688955123,4.411403355671513,397.43270251770684,618.3761556806313,456.971561859769,35.950331057288395,130.2288301824361,545.0258032341793,154.85950216051816,400.4807849377071,715.2971190844091,160.33525429456515,414.483822827303,436.85832887377575,256.96740521464756,700.4814629087323
1115.111475063332,446.2118986449817,470.23510585217343,248.860004371464,400.32167566271295,5.172469237686795,434.806909378545,604.3692726135938,459.8291436214222,47.22343684268961,117.83904612907017,574.7100883503205,137.63205953110182,412.3016664775128,596.9635209002665,159.3155456312942,299.59920606078873,434.3730902713042,313.4867369306464,993.9348087241688
1155.9920064818054,337.0072040320581,342.94951883457185,186.60984507452818,436.81174275346154,5.563942935784633,419.72200896957247,583.7920854806238,269.57050584547756,41.665904910017105,150.35921375676398,656.0006366040001,127.26122110275998,316.88102176714995,444.69573440292504,158.0971056264542,317.7307966731978,468.40446796144795,261.75434719273215,1159.7328672137464
1337.1682559446763,254.0008773100995,397.56420443964157,286.26271548693165,217.49790857891006,5.188112130825746,212.43662263099165,598.0857456929901,520.2214797935369,41.085621210111306,119.72203274158433,564.4761991044867,88.08396676714685,618.0228981201394,509.93305038993304,128.31003262336262,272.5620296155739,448.95249454549844,347.11321731487504,976.6157406937256
853.4331137304102,394.7088014423367,486.44666949314956,231.6398190450726,309.57815956410684,5.490860865218467,322.0358575549002,756.4429486828762,474.6948128640508,38.876599563353146,124.5570272104031,609.8279821600972,134.98484152683847,391.3115874932595,501.0602607569399,149.9226336246782,274.54767975098946,413.10112016266504,335.3224305910564,1020.7603499808554
971.516852130635,228.19706012642033,350.55524680122824,214.77339633655228,308.94950343129983,4.81084485203153,364.38499426658655,721.3853033456738,478.17150436965807,33.22113843735444,172.67885217752809,678.6992743948009,131.4571788589768,435.9400446864055,365.5248186510706,152.75996300520632,315.1418829394188,446.78464717554715,413.4916356917089,916.3364607270605
934.9213686361282,261.9955978845087,562.6582387456756,235.79675114803,336.48789118609426,4.528837128858212,478.6590619671135,579.1296854189151,313.59678499507163,38.89862809761705,182.69431918664938,569.7661354373071,176.53485057034894,397.64329019128337,551.7217072201216,196.95469683604665,319.5010585666634,551.4360594336615,287.12287589347926,877.8820953993062
942.9383744292434,439.4310988448543,419.6221960856636,186.0558607388142,382.08026144928635,3.8739894515539746,457.2317752121857,722.6417389671102,441.96333526920995,37.42008839042797,167.92583066634634,674.7192981123429,162.10024599366318,339.06693761900976,563.3759741881609,129.60154049343865,273.3127757220754,423.1954532474716,246.7802183155751,875.6753128777336
734.3418102824892,435.3479762086827,363.46057275289166,202.03753289722056,363.4312931573207,6.0851676305225615,466.24459898030517,858.2967478655443,495.4526624083655,42.636616315062625,132.60117067485112,595.1183384878912,176.56527394837113,488.09889452825115,530.7453073907026,195.84915475247584,285.03930057954864,511.0658898479012,311.51086390486444,1205.8090448058483
942.6166657432951,420.3525906370934,399.51671944331565,199.69465124681312,422.1019692566451,3.839062549683206,500.1555708626626,649.0499652656137,330.02889832701123,38.0533722469398,173.30605598420715,546.2481023295658,119.7624522301116,359.2512253844167,501.8668401211213,152.17179116013185,299.88366471013876,421.48860227996016,215.02023058659455,746.8625473627236
919.0269848375373,418.162709530086,345.4873584886891,209.67629646758647,388.63219616233937,5.885864104218232,371.9289178644859,559.1142396130734,504.7629991025632,47.4307456058717,130.74700181894335,610.9491370430368,117.89549737795733,407.81746339330056,587.4775460656323,152.05356357850172,354.5636419309869,526.0378493486952,314.86339391371996,960.2150947252846
1046.547286650868,427.1239873725758,462.52403632847876,162.34654160583173,454.2493148620296,4.058520961473079,494.5910624304222,647.0860035262268,479.18206291736044,31.4455904209708,130.22820917537757,590.4515953451129,70.49333252025171,367.80284766676374,515.6028531392348,209.99257756065964,241.72268628082188,498.6352806461498,305.33425330502644,822.2628636081964
904.667778091436,330.8966733939901,414.66050259212227,243.7290494932341,481.2849211835589,4.195001285384807,371.1063473165334,558.6541148319365,457.7228724900982,31.24418893563368,132.4022753887948,777.5142910289511,132.98268238151337,383.6323379697534,470.7408727290565,118.14552764387693,441.63964720339834,412.2764747576627,276.7619395586554,834.7571369365323
819.3075694360562,373.28388416735413,290.0880528897155,224.34663386194578,401.61110652087666,6.122517414564021,455.5906272416788,837.0732826637054,441.2619559775435,38.15653898622213,146.1748159309453,715.681569897907,178.6292962051767,418.3424796978719,563.1188990708094,106.58455770935035,391.65986162995335,616.0692455051608,311.93880679381425,908.5930546014317
811.1010693360207,163.75692023284677,440.2497723045312,170.28513563503313,244.5230302104562,3.7526083979651386,331.834503650028,713.118046915882,461.5040688334389,41.102217915543605,128.15013870814374,771.2349995810373,185.84906949749086,359.0918564820531,524.294418424983,158.54884229966717,286.0131273899646,444.4504222158554,312.8283083581073,930.4344726662735
840.7896119759291,355.4589945556131,432.39766147366737,340.403876068084,327.1377821510223,3.3326846592570316,365.9450729079379,675.8870503639099,343.06889853864834,42.9162012325556,189.7901550874151,810.420459733911,112.16054811237495,300.2115866328783,525.1951137714872,213.04726839808868,382.05987080223434,471.4675612304897,292.5985981784848,1166.0680941237006
819.3168293517177,340.9739842026989,699.5150738378678,249.4802554171151,184.36317355973708,3.9530301136568706,416.7091666779144,637.7267919753896,501.78606830820604,46.050990934813136,109.70052048532413,796.035616332178,135.28351818700588,369.15159529238895,598.4830163999379,126.76666241667644,426.87151443048214,496.13340649861294,357.11941118442184,855.4278996160031
912.6160312253712,337.66023111020775,406.0883588129368,204.72471214388378,420.4859234147234,4.442611588487505,360.76058157420937,446.23141316337035,573.3303137945192,30.61348367202622,133.44744349904775,876.7305003575901,184.67106918842478,476.2350294178693,375.81114494785174,182.40651508139126,442.87518834713114,558.229429275922,316.3855078427525,815.4650347635867
913.9616788071091,291.36576120873724,458.1766119008857,277.8357531773433,312.5854574876668,5.175296650016489,378.80653859157377,632.15080624016,450.17529286471586,43.132847032907954,151.71409479979815,786.9914357016055,111.23576834036477,382.7909343855709,531.9512780950595,200.21298982191612,357.14060082606443,468.5942844774569,266.03708488801186,983.3135036211373
904.8449778148167,359.79527387533614,404.730698355413,183.39278888912943,489.3251690764788,2.0091496920119116,445.37908197893216,296.07126409086703,560.7946047440826,28.927080378216488,138.94919689312914,780.2599873509503,160.72246087460562,539.2996010932437,639.1796686848647,177.14771754119607,291.55889679418135,415.541406415797,287.4686304475746,979.068523009005
770.6840505321175,369.77199287738335,234.20341850098754,203.27422637061062,373.0664945936821,3.7161035515749727,430.9542902313469,350.4754958540146,479.44379686330404,55.03715787354787,172.11200881569908,692.4834134718175,139.22520831058833,252.67869576739045,549.0897313987135,265.2725723132885,484.0639631735206,399.75571330868104,344.5394829546362,690.3376149920784
948.5569021728927,373.9922646114595,373.0527230825297,256.7400149992688,363.26571895966725,4.2367627701793635,376.3315953399692,522.5479542349549,504.5025869473983,34.84145003316991,176.99094319414363,806.9934571844004,140.27004694974056,284.48567683368645,538.9514257935867,136.9431829830439,418.920863377352,443.9599323901652,340.68082718420715,714.7317601408758
1020.3959862319807,326.50133541941705,474.0605285997127,225.4518521846781,440.5034357043673,4.375362507618132,330.06129401464193,468.1899397509977,385.53775001235437,28.54901492206258,123.82175940021249,716.4401763937497,131.70409114388553,419.9863570441015,497.40448880252484,177.1057106986643,381.8238124951375,441.5667884373275,307.01439850325846,748.9795645732326
1193.0169011293856,377.1402107951705,488.299003320393,201.01340269316722,252.74255518860204,7.038313223545806,426.69818825807477,627.7038416574194,538.1578629437784,32.01494651118863,200.16144633760499,732.8933392813506,152.58290562372093,326.00840845277946,397.3824397848353,142.60577545592707,260.0901895853643,441.0762341543659,288.6868787225167,902.343567563135
893.7909696781346,334.04616681985624,535.1605837696413,283.21789654627014,324.5012472733753,4.4108907706077725,293.71527492651103,697.0870089523198,476.3837399067176,41.75085058003466,138.4405487281835,717.5977700597822,173.01350696495405,375.27356563757564,425.0082897626394,172.9450308209651,435.1093848606278,561.8909188435243,199.9197190936302,916.2609602735432
1042.9279084873358,286.39465525220504,471.68143879335713,296.5654384458723,455.4464606663503,3.459014491829591,203.42171791830313,726.9620186869872,402.309281192,31.479443619598705,161.37489516011726,584.7134263459972,149.67952124773947,407.7606068121866,633.0372844447116,161.48763686661354,394.9428426965912,559.4485538794354,293.6937900837643,1118.8845363349606
1182.899808688217,330.32176774836637,503.75246622020074,200.3403418373274,288.98024785359115,5.34901643388108,456.0520187077526,760.8442085077995,421.7266563187015,35.37868734660747,133.84633143391733,776.3883890128895,158.19523448889967,365.5757944048663,606.8687957451702,113.87442740096307,279.83183952961537,508.57993299595245,300.5451288438376,667.9684755992689
1080.1376737616333,274.9465315279307,506.3326471598471,158.36625463442527,399.28975043483774,4.707076984246954,520.6802616647309,684.7139583570503,652.9446075090104,29.704488916520027,156.40170993290502,354.5417491655542,136.85409214110285,364.85493193305194,543.1182505447885,117.72596012003373,452.08688432859293,350.76512438255185,339.3203203010235,618.3999788478773
1195.555318240926,402.3194582556974,469.5647531494418,298.1522963610074,404.14044860866863,4.980481817839327,301.2556254498438,592.4250411825642,511.75210966815393,29.278679856137426,128.33703819025604,460.6979758740979,126.33883364252367,251.30024272220587,636.2025669924176,126.21191758428955,411.48900172014737,418.80891921565535,278.1776729746479,1138.911145366986
981.0214439974615,401.38171884840773,397.515539596583,174.27312903538052,402.31756664838946,6.0938635388145,503.13869212631425,648.018650057078,565.1524280878295,37.95280568779469,180.00596247464074,664.0948304139653,93.57466529096912,560.4212397198405,493.5131182070788,180.98964389712614,358.3463622218586,474.2923704596285,358.8768759194069,1015.1723971733081
1208.8949557649123,339.05300805105696,329.4021817876968,218.10100228949958,336.3528046850481,3.9223633952811507,337.4603272953351,869.6350202019372,515.9705438740073,43.2463306159988,164.10619534055712,750.5641391725272,129.2233305090926,505.1481025623271,627.9088221024801,204.75693015399312,267.3494911923681,477.1084880048428,325.2845126359391,944.8217343331116
1082.8793086758435,343.9979113327652,396.81215466117743,223.93513035480234,336.33865912738213,4.806432700467549,389.0321903281456,668.0006709206027,489.7903313637552,48.303124962511745,118.03760777290023,612.4455020573562,141.0584058980419,440.5316472197239,434.71966837787033,159.72391625069304,379.52292867711697,457.03017319254735,317.55572952229636,1146.0382626482601
908.6498041542626,285.72912046521526,534.7766425494351,290.13896038784253,363.19040292105683,5.979451680401187,360.4067221004532,641.5231079763572,486.81162011003374,35.06666627408914,148.33915755894307,654.5177094389485,163.96570477275142,457.70040503612796,545.1171847879812,166.83526111468024,313.7675558610159,442.6614943981344,331.1169950420234,961.6482237566097
1109.5883653590577,369.4161753258828,331.8881682425314,230.65428060688797,449.5824335984429,3.7071380161098686,413.57644210449996,582.0993966454085,417.3104582449645,46.50454368672952,141.43221311674282,692.2552181550241,162.18684765221101,433.44826089014845,538.7150555693722,150.3629596914281,276.38739331353446,501.659670627054,300.0788965178745,1252.3756083571548
805.0818563470175,380.71848426287,368.83743033875265,276.4281829446861,475.78644495234073,4.645323725976644,321.6482052737353,466.4157317159486,446.72379461608034,27.519390552957482,155.28576528368572,665.832993992038,144.24726707428,427.9319888394679,411.0225454613285,189.30683201749727,336.6696433698869,472.61788092484466,318.73608747851216,962.1844785855207
1060.607835203287,441.85585024907914,476.2802433614243,197.09434064140078,463.6368274359618,3.976720739059177,191.5010849779229,463.77482438864877,484.9443744731601,27.523482297008044,166.28549074580854,865.6827349521158,115.6558817889985,483.356198930304,494.03321795681956,205.4385907076326,402.6168295383013,369.65845486625125,273.55632512789794,839.0187953387136
843.6562830102209,313.8744038797955,437.6593445084233,257.7953877644647,332.19695764418486,3.6579346397303807,424.9642165496053,676.3292113271888,410.1344102074753,36.16536872829259,131.7422406654908,801.1243024939563,120.78944549349701,423.97412207198306,558.6542580989241,161.8507180182186,315.9367068306573,513.1088740016828,375.6736917017716,1020.7737627226759
928.6450046822683,502.5452468690843,357.6705424394619,188.69056816490382,474.7659514437563,4.695827588492247,367.22424584862733,811.6975201943029,582.9096429357976,35.05009884186161,171.3007221880847,531.2527668960048,140.96043531577132,398.50613950460587,423.72315775595587,175.53767724609776,433.3504571160377,591.9828413240722,254.83690614537528,1003.3526059487524
875.0672505292449,377.96952538649987,412.33925199341604,211.18200479755552,365.18968680109623,5.699703945026337,449.1993427391078,773.2279826648137,487.70678662939355,34.766151024820246,172.9439499318527,795.5483610667677,119.77862810129554,366.96659182903744,529.5495553370864,200.34976610049122,309.373211143351,421.12331369409833,267.3923891240321,936.6255938436398
1271.3904494563471,387.59378613927777,377.0709231910739,270.6438124046563,323.1487620394637,5.930158450319766,417.3293357261653,485.5721006975632,591.3718882364661,31.443106164298523,172.95669934753437,835.1665725162761,152.6754549673084,422.0134252317514,548.8954955575433,200.73136410180092,415.7078194772991,560.9385101047909,251.20417956568957,881.1379206844365
906.9460821776026,324.57265873230335,352.8936776060452,204.65695848355367,265.963667080797,6.297535165969426,483.5464408755676,607.9314768877582,463.61184834047265,39.70556098031716,132.3818249359855,719.8652560665435,150.8118018879229,284.05611616270056,465.20228872115547,174.4756182809416,411.10576196886353,529.7310772708929,197.0617189778439,1041.7923998762672
968.3084708771719,350.32643752075694,367.3952439213862,201.02134226443647,420.5024181998019,5.147212755628614,526.8785089995732,632.3812273354987,560.1785780265775,34.43552062735186,167.93593421732515,699.8098485451683,145.0762726621163,512.4441776186331,495.2016651736291,157.22360913652872,289.8458227042851,374.4919841993212,298.1891967936953,774.1526384284925
632.9443962596974,376.80624171463734,364.02125908295335,186.08901847881344,494.9648139261323,3.6046459639316826,393.19969436463197,653.6933951470764,491.472052147558,47.495653282895475,146.04847473578363,777.3242707461144,193.99979541401802,306.2974847157204,524.078720317395,153.61149676941875,287.0059681928273,399.31375166872937,283.11885122882217,1110.4237202680652
1211.0544594456655,186.8809004781429,504.1730177170478,213.3152128068525,339.3397526601493,5.424318713265466,374.0023891287093,719.1278089433551,508.7937639429005,49.14944040807911,160.93031106129783,609.9744580736362,114.96550519225758,297.23827013622696,478.5180741213077,134.60636349649334,219.31379347345379,524.2292327192622,278.9259966438998,1029.7055439595665
900.7849440335806,302.3297412881351,319.95243961388843,253.14550925489914,349.09811831825886,4.4362970121645,322.45302676385245,724.1761634516838,571.4500686248207,30.265757115360074,195.52465882306464,624.3817815910336,146.25480122792624,509.4905091736537,431.36768503246014,132.81616670453252,291.69286351154625,346.8447148717022,255.60555396581736,783.712590274467
712.2833920328767,381.2270723072519,390.24920326059885,189.3378273091489,356.3689788611548,5.202046919591652,366.3271043820152,614.6438168299934,452.8120451064991,32.204669591895154,138.58142084763597,508.8981724501067,153.9286283363953,502.3582090393496,501.8923403028009,156.74616728344833,347.65583094978655,557.2950650752322,201.9131001406252,818.5794805693789
1078.4661453218102,399.1573160003118,495.9814894093257,221.99453994287293,228.86114515278982,5.586152820963978,454.69794476129226,548.1359984933291,475.0390037835673,34.750795348986976,158.97319718109486,743.7105394102917,119.32377915362692,369.64527134701973,436.4342295919917,147.49287706235992,363.16088999401427,482.7525243130069,278.2010785711613,852.8512186874838
951.0404990169944,278.89256627680805,387.3041865042142,207.12909615693553,353.0669369778592,3.7274365479108145,416.6191914189102,538.0163545343996,527.8047901803893,22.398997505527753,140.8166706640933,628.6139394606553,128.52944156148627,262.7333806591803,448.3401805066691,111.96674587565903,377.26546303249245,578.1075119526263,365.48315127680013,982.9951179748253
1013.1277650233758,390.0184262549673,443.62314252155966,248.89035877196739,352.9043964083082,4.086736254291512,403.61474636432195,553.3763048800683,497.63272178379873,45.062130591213474,155.8342258919647,656.4970207718999,102.18029766119551,445.407066552423,351.3695462226642,132.27849680774492,396.363926180479,409.9713114635659,291.56052459499296,1127.012781273275
1221.0010764108547,375.0940944599499,446.85003440672386,295.2405010599313,356.3746481835892,5.3510696703958525,475.4755015331468,568.0432919172115,418.6851618939391,34.18572645259725,172.06947663135333,581.5146160597343,145.05650508598802,482.2781052182749,484.9889945463367,148.00769943133133,393.7110837384697,525.7873379848405,358.1510912626283,830.4452389287936
523.1180284077916,473.80011653943967,355.1840826138386,229.7465097302997,385.16572184553456,4.309209013202475,365.4301717153801,601.0890414460273,358.6091889328046,44.55431018518215,133.8546947579121,504.220904917075,162.8548780980308,346.43785231971293,402.63537040994277,173.40288524825812,379.90781286317,417.12577518069537,238.3554424698243,1117.2287827587004
1309.2586117313522,540.6435763683339,399.96954197471524,240.19198204744666,384.47953913781936,4.078935469613997,524.2360854640748,587.7679667830939,474.7019200654044,38.81849850396505,157.3868919482509,542.2658554974371,131.23784904304088,472.4812139136166,419.15867269823997,104.51582963268174,305.7133214273149,498.59729321092675,223.82977869198362,1107.7085191846577
1054.6165560294924,371.0189249011405,323.3398410982642,287.97003532063667,352.30869739772436,4.001695235714445,430.7444415963108,727.4619491060059,520.8111811720822,40.102719781126524,129.6273616277131,635.7360275286278,139.24179726558827,365.3160703074296,616.8427623888364,186.89339247210313,348.9584275126488,516.3449033148895,250.78945980906505,589.3951436070329
1367.1098790345573,354.2601599833722,301.4058891338495,243.02382928943985,403.19238528531685,3.780903362285499,511.98773946304084,414.55999130650855,537.2605625225626,41.09098053603131,120.95237818001021,502.1498192485045,163.1189295600656,531.5077474138877,440.7343927503773,180.8102127212685,343.38840534814335,376.14823088627674,279.6895514576457,993.8388997526683
757.8341742163732,411.9164985763181,327.6306918951576,324.53912664052825,402.34597829305625,4.896772035262482,361.05254574213365,683.6611035163569,463.41380610851263,40.42225134783479,128.91059986891062,548.4145337236583,194.477759974665,476.8048361208595,572.3457274633319,186.97377111534078,428.39025207548707,561.3862150814631,230.95346206114468,674.9048583973686
1008.3109115428363,364.6968331817911,343.4211190047018,178.49310585587534,441.26173330037705,6.063220144879476,478.0926395149107,640.2404252343429,440.8787173550614,31.55026028663785,157.23035462923798,563.9323456494842,112.58515870974742,363.35669829100186,431.35020422278467,184.56304279452593,267.7290127077718,396.7480906488707,309.0211395932214,962.3740888847739
869.0715917223307,356.3730686331332,345.09088891541336,269.51951969795044,381.6315697968496,4.672521479663079,361.9663611462853,575.2094935804196,517.4975095077773,47.55249743079453,133.22918248655952,730.3282688908832,138.26694800040303,400.83672467771964,395.9715332645146,140.2976860046341,476.8147406517368,498.5456640418113,352.5428402441303,1038.169451391022
504.75212876655667,391.14286170048774,386.6588589044086,231.93333765425845,317.64280667033245,5.18953198887256,470.51484389986365,608.9291050801014,414.6820589562145,28.144794504799755,149.94665589582897,720.1848383770242,128.04111800142445,463.7535567700415,541.6702784087006,203.08401512178182,363.581510426959,413.33337838352145,340.95963249976694,627.2825386145057
782.7057730355565,326.27791198698714,259.8173155762079,232.69358035444725,403.01572077135853,5.965634061779491,357.5999115452907,534.1007855802698,439.8845995883398,46.46689866515007,163.5697855699602,689.9717379637909,165.17766282881627,438.2255864207282,597.9239376385756,167.50422761220716,317.58081082866494,477.7833761472466,331.2527410339223,1062.7407819649009
1100.2814633031817,348.33730421172834,353.307972236978,234.0258328734592,454.20407785634205,5.180709117755622,477.31467619336485,846.0203645238934,443.6432488203706,36.049976193105216,137.22535610420198,608.0879083589739,115.63986376517893,268.0561589376814,514.635390447297,122.44900660637879,359.1182903229076,424.71714222393814,327.05849302793143,1119.658842268968
1049.3935489909134,391.747490436371,355.5970604448418,196.85189789120886,389.73312217740175,3.7989315788835274,411.78786624443126,815.7310355644008,539.2443665396306,33.26608495532744,118.9796066908921,495.16361912961855,145.74003033121448,353.0181116916609,460.16677796616443,122.3317376769894,297.76764775967854,466.81824089764797,339.97488478117884,723.0708240388645
940.5024917815547,294.0993947716306,339.7428281170588,234.97442716808865,309.792469504623,5.082262721574971,358.49990308698784,584.5066039797414,506.88947004385096,39.862832203246725,132.50436824594644,878.0907723557339,159.86844703648944,217.14313199875423,671.2553037139505,164.7126651390857,427.5487981463214,441.01256630554747,355.772227434255,818.2198664584464
733.4883774813134,394.02305923464735,465.22818395619595,186.07173086599659,420.7413081517508,5.749372829273705,325.64194621562837,581.4638817232482,378.39132339182396,29.110894235814992,170.2007114607198,488.05626385947005,163.6681291026536,465.0018009056123,543.3948172610659,162.6543114125891,324.3351727353254,602.8533940702599,309.5071228479334,993.1554925201899
1188.1382740372856,377.0091744527694,493.97135735054127,243.10231439610354,356.1866944339273,5.579440100174991,436.3857364274048,710.6237913674634,399.6923872190846,44.14231557726708,149.51271927841597,770.1391263510334,144.2098036727271,521.9017504846262,493.08634665318846,123.88661355312668,350.52017780754306,446.7143190924073,311.86072774532795,855.6377406801872
1142.2679557142728,303.3409582074362,405.27069897141297,204.7570513677239,313.72676103720084,6.360766463857981,353.013743011061,473.78624206375605,393.5255147830822,39.814083229141794,164.8317764646653,727.6277259530536,145.862457504932,651.4437782074892,541.0672663790008,202.72123645210746,258.6068685631818,609.1618869371542,433.899109631,1105.5747906295164
810.7762835236356,379.8910642673227,388.8335387023533,218.8433003827166,365.65004030921153,5.3519596559574145,438.42489513223444,621.9310440688702,635.3839213782501,47.818949220989374,106.46401363862205,665.9981078746379,158.4962040056682,435.96312055258545,623.9635211309767,130.18798253707675,387.6857731616529,488.7677387001527,332.6592101609744,1097.610778719855
1078.2051134457142,394.83376946185007,551.5151145556506,214.13428788335906,373.0542468427623,3.5932546025512346,340.58508573279437,534.186560791454,554.1563393367643,42.94040480752964,135.03042780681682,557.0127031677378,126.03203917497196,441.1750582471929,450.87262428779707,156.1654384314256,441.61634664529066,600.9215851018439,280.8005738769076,877.1931851013655
1111.5788909903313,384.12056847833446,510.47162535293126,173.44220594605892,317.05456470779086,3.2482567299918603,459.63891444673044,523.4582994008406,366.08168204963613,50.93465469691669,109.7191501011095,554.1850221510348,100.45572337278747,377.8519226312907,449.60964875067646,126.11189264281626,230.82220882310912,442.2363790531457,324.56615527595756,785.5080628262161
1020.0595258618093,353.97982908443134,461.19620394169823,203.87521071097007,336.5578813388385,4.9154122061203065,395.40102881912054,735.2559134632909,472.90607702427593,43.576324861290814,171.52783257952967,676.3930795595955,91.69396098879103,531.3200164548588,520.3362879277937,245.4705495063652,357.31819823807956,446.7699085493871,398.8559930003995,882.7742634850725
730.0349907319911,468.68703898671765,614.1320071272389,174.85863257192153,382.5679463799483,3.290506596400861,493.06464678970445,675.1912889457609,523.3548509321816,37.662792728632695,139.0268659701155,440.9948156901695,155.934353310097,500.23682469621383,579.4327349101642,184.29366801239567,316.77818576882726,555.0896607061962,222.0156424749507,955.4827131197728
1064.2685773339285,371.5228135046158,417.9207714854413,211.26832350062787,390.59149503310124,5.257673515698744,393.35489181135483,711.9282817635958,395.59933388368177,35.195215232807485,142.55913900933683,769.5569904526928,143.12938027953805,316.2444258439543,445.20431643936945,145.21932654466696,270.2099912762428,390.7746910954312,335.29352572398227,835.0739694214465
821.4910826753696,364.88152734193835,325.79357443023474,176.97243850605247,297.4927808652335,6.054927752244126,377.26390952071546,759.029148282367,423.48077407414877,45.58833594617643,131.74020939695743,632.8140112237853,121.39879624273222,286.1696256899132,379.5518170558681,161.28547032587068,287.2571891101219,463.7366136565695,274.4870489858177,876.9565910092407
786.9840994011702,305.85703970510644,388.6591117296782,200.96336654520687,410.24531242179205,5.692664611401412,353.8614151903152,750.8411899885117,555.0470290736068,44.660231352577824,139.98042952666668,758.1027076505803,144.40460550954188,414.17888662645305,540.9332644082594,132.8672641148106,338.21655965865125,647.9890181315212,287.37469994869105,868.6125588321235
1105.236768266889,293.50208617170904,477.7898735640798,207.96586266862596,223.13076475331684,5.332943117825399,424.2975443040582,760.2696742998751,566.518969920075,26.42971211653085,148.3573505858788,574.3971220770064,168.53503183601143,451.9541359925787,634.7550956426168,143.1139294035144,512.6532320789968,452.53714587097164,250.78738458473777,805.3928866433723
704.9385666591215,318.9587086736859,457.52105601598237,272.79345054610826,350.5890513122961,5.39754956225141,280.8149076593131,433.5608417997514,515.2444572393574,36.10346126389747,144.95110523266789,622.1124621600071,115.77899703841192,401.20840440813635,520.6957046001512,171.9542394923357,359.2508088352167,486.7672992053519,356.2206792948781,1141.2465073892758
1025.1360226035129,431.3248234190215,381.6699678794227,220.88628553648257,450.6410991338931,4.420144474043219,357.0753246835375,555.7840282489078,509.1214717928441,34.74592437799543,79.95953610253326,673.6937337564912,96.24143334388671,409.351233342592,590.2920868624608,127.77449609982901,320.54760944589816,354.01588044466547,298.14419298805717,1148.6172817701245
818.7373129039868,341.97826751021216,418.0869279711006,209.8254787328683,374.734609468226,4.237905389838722,459.92570261924993,804.1755555372357,434.02160245839457,30.56269498858852,144.40876596251226,589.933889757092,148.6151386963934,420.6982809499971,458.50815013227674,169.94649179753162,340.0763013987019,538.2486817074019,368.9890378209233,1124.426994606315
941.8225480337621,257.96670555258123,439.3889723481753,244.0386405658242,409.803206829779,3.424671018346901,547.786750967509,582.1948133674828,511.7477490607004,28.643147936716975,75.95095262654645,717.2895264806514,184.0023957706338,192.52214100985452,543.0427780387421,186.3862065033698,425.0963238279013,487.55569048345217,240.78247801165236,756.7508638922938
1032.051078095647,331.7403606190933,379.5445555320971,231.30935188970903,380.42507545899,4.141976708554855,488.6649052594822,888.6394257218641,360.8906993301444,41.10652158198796,120.08052603692715,707.9841935051184,143.47061050895914,348.601213307413,385.99819674994615,188.03348640586512,379.25984542079533,550.8399428192757,248.67237022446645,934.1783545426448
1026.0387730135396,461.95576944610553,277.3706625709192,195.41506463045272,269.5765210367422,4.913209588098129,386.1950741895038,791.6881892979592,463.32224583865644,31.178928138197115,167.55990202382492,635.407960133756,115.87392547366717,550.530020543913,506.1293573476843,110.5391688468642,390.3596980232903,576.4733618555716,274.3632546183103,886.5101013506531
915.3081670067179,323.85520268523305,677.9564518941354,201.90211908551726,330.1571502171414,6.8650374607922675,395.85433471280305,623.4455326165759,503.3697801589924,36.119549285424085,137.12121174238627,783.7842612410751,128.7001606566253,415.5381685461624,516.7384861182984,127.22694063506741,371.2684009971887,430.8965364176524,242.5835697924063,1003.1727571912747
893.9834288812351,390.1531746635849,396.11998191857333,193.76365262764745,361.144543905007,4.723927805010763,532.3070823411457,748.2140912968981,658.0257779854762,31.484854947832464,110.92113022992591,790.546766593718,140.38552329555034,310.28631948335453,535.9656716093261,165.68752116607482,342.0079264226792,446.88662217868904,270.575258512214,821.5895660495343
1122.9653095138183,347.79366587158887,404.01762856066625,258.1569058027766,303.05518035742205,4.701005388430861,439.4958158491199,722.8854764536081,556.554062270315,42.394596535034424,121.41670259219661,505.6283161303902,154.8289013094147,458.0053703784202,477.8460799030146,171.38362890690973,321.32579630638486,305.0554391155731,292.4150951799479,777.3153072750644
711.909520478141,369.32250972023064,598.0505836945616,255.97346436233454,327.8169359121113,6.065035955034869,392.5208904363643,380.30162472375457,430.98277149890106,48.297973084061226,114.06006612231735,598.4126718554078,128.7848419143846,394.4955845086599,521.5414136451539,206.53815091487195,416.477142428982,580.0378840263986,254.0151794912699,942.0927112483567
935.942262632195,285.84788473835465,499.52696759454574,265.31603369716225,420.2617049375694,4.799172531385551,429.9386115184638,662.5344574110643,391.8549486897539,41.88904717587573,134.31831992221885,590.1532391640391,135.46871071928163,444.35158729800935,443.7215188241106,183.50933223091644,345.1003021054552,528.040903179941,357.00048017458596,1039.906750519112
901.3918619343565,339.41060312679036,462.51787265702956,252.5053390319477,413.7435073012438,5.634617170202517,296.970222815337,501.20625269188724,457.59625824039546,30.305441025011376,126.13835252950446,601.6485432238044,96.99385293038009,504.7720404993306,447.0948957172051,163.39633199591287,347.38865415872704,678.0540359133889,255.47099956188163,893.1911618575249
631.6742933570415,323.631144280154,416.37938230071416,219.7217199776876,415.86582923608074,4.108894823559472,286.92407829502463,619.3297162533619,362.97056486351653,32.70984876639154,171.05885996210304,848.1357501219327,126.17356138915592,446.1654720764595,491.92558051142856,188.12485308056176,391.6149941777074,451.7144148720732,236.7581160956497,1043.9957333867083
1017.0153227312406,364.3634415658751,325.46691555968465,218.52206679971897,278.4743010965748,4.752309440809992,544.0180300278876,360.4231415440347,550.0419742589705,33.79687525787294,118.91004841649836,711.3647028951865,153.60454130708536,583.5334053189658,371.8536440240278,147.41331394679608,309.5431730828818,367.3487149826589,206.57755253379187,794.5486723434238
1006.7678258058978,303.2008263944734,383.2144181431696,306.31617983912287,397.24338656476664,5.194396201270612,397.6179216717176,701.2969561659502,462.9820373620071,48.79867230219817,163.2911420691312,698.9896889301443,146.29655996863906,466.483745336815,520.3653338180102,181.5935980119007,329.40617144092215,456.0258822652106,297.05650836482124,933.0921214506494
785.9813448305838,383.2617662245141,303.8733050292659,148.5279238610329,370.8206618897176,6.638953576232262,301.83905613174124,534.4216158326363,260.58412201932424,37.84112202567435,218.2921202980856,683.3523547475091,126.51553350146474,357.85629524583567,540.6349060219403,169.12202764172955,390.99384904756545,597.2040108420744,264.87363755016156,834.612316336437
956.244349021298,412.8382982553695,461.9338095852787,256.1381189449737,318.62652147066456,5.931781843007019,326.3513660015992,656.0653345665397,463.3245858566475,38.72422327064786,140.86016997546335,728.2742480510506,156.15732657198217,434.48953288369137,432.5631537331431,177.66937438958706,341.4902855877708,436.18504276086173,286.32349013674303,1213.0260592101758
928.1213121379793,307.6518783425274,512.8667166429495,191.29504300894973,378.34018523235096,6.427756020680943,483.92721925764636,534.3678305526813,332.61166054943965,42.844792301372635,143.62446898857235,308.6006302435883,133.4363703090446,403.8442555449323,552.2836707367844,171.72295131251386,396.72950992602654,432.2481967303465,293.92928976362384,817.7046394755799
949.3682461479362,418.28507645826716,403.2786359772414,214.94131746924182,292.56705324574784,4.152465485809016,349.9729158644191,490.6104663443821,529.2806075192563,52.38046128156723,139.83317056986965,666.1830228274698,160.9666838229274,436.7202527125711,422.9331688320168,130.10536766662437,343.1747605685721,674.4513966810892,302.2319911936653,1031.2990231114497
1096.4365373315263,431.95151214201144,452.84450947900126,226.33777070158567,234.01472846863996,5.242461458991714,376.3177558234293,649.6349104424722,416.85750922129665,38.97709115634168,182.91425719391154,465.62027043128,133.42522392671262,374.74907956477796,525.1890832514816,172.5010464042637,239.53711771911148,484.6286236434243,338.004158585691,1091.6309832146324
575.6865288973224,341.1392969468687,544.2386022618684,275.55192237905777,459.00950305638315,3.938266073831781,412.709092592737,653.2422915414638,566.3527299660902,38.467831872588675,166.0695817725561,636.3853800021834,156.35117323851318,387.3076513331396,643.9328613693351,182.29745206331037,325.40008389392153,501.72922389679997,299.86530926955027,1039.543561036549
905.5575906282785,356.32851652328037,409.09737950610184,207.63167099090023,429.0899812560515,5.484339124919602,471.98340703375334,748.5831511832381,515.672238853102,33.298969912345484,171.12999582453347,583.9629448277846,121.57792151169437,391.1323463563016,466.05384547214874,144.80932203826848,376.83718485793975,516.6928781589877,340.9055882238278,823.633848898052
932.0987549461389,347.2193739112984,354.3708928630525,249.34919601260114,451.78666018578554,4.283605953415718,321.1241978292313,577.0125862209571,550.7221255340271,34.87661536621357,170.5846325063951,581.1641526464576,126.51510163699155,353.4837430500862,436.1773856988124,124.55050764061,298.8482613404223,408.5552808153751,300.4990575909223,624.9990506485158
917.2144645491217,216.36740634863148,442.3548538555107,208.5780001219278,328.60260895284796,4.710797492338301,567.4597146848773,705.3608082562564,399.6055619182945,41.82555510777101,178.6028618863777,788.1075200046552,105.47691934172246,425.6113345352935,347.87025956917967,183.19569650055442,343.09927742947383,628.2948910777269,312.3931429123167,862.1058672174759
802.6733350513769,341.2911497904558,327.91434945028664,276.26132020683724,451.2090292447748,5.037400558179153,476.43004489998316,520.3791448141727,403.88577007798096,23.805929441744908,145.79294337095797,537.4603948532219,112.28097204906013,442.6932396927092,505.86598892323684,139.38829156906905,427.66850279389763,496.4451596229138,238.7269815739839,1069.4370123451422
912.5644690233732,319.09961204731906,478.113733680887,185.7023569647668,355.2569684996951,4.568743083372826,448.9345709712407,715.2534416453423,442.7921183501801,36.26525001906129,148.5991504071546,592.4581478755284,162.83495513913695,338.24658240090287,493.87610253959366,157.11978748002875,490.8494982215517,508.9831496431727,362.64173706611524,805.2015463467806
1329.281315987628,306.7502738233402,300.44571574730685,280.4495512587084,380.511528118071,4.025948851474624,488.0130584538876,440.34194046135974,326.3382828269828,49.639361586857405,107.65971495125467,591.5421867852193,134.49508765704982,346.25939499731203,579.368437772474,198.94333015115893,393.27656972214896,543.6142831529869,300.11129151004366,972.9531804911919
685.307944119591,341.283070863555,349.5797412971182,266.71969830420005,270.73767498297707,5.390855811961986,410.760483992245,676.1773935211295,502.233148271086,29.572122183041945,152.74095820694998,716.7518010325978,150.81453299016374,380.76627220927475,501.2429977781326,188.33882263302974,386.8765679388916,457.292922906492,326.43964471585673,1098.6086731945227
709.5545704098113,277.6636937299229,438.7622610002524,213.82468515070684,293.6256379726868,6.278459632135628,353.6005521600532,759.248032060048,407.4512997114565,48.40008031676781,138.46130752054592,523.564956308885,164.42313555365882,526.5655796126271,295.142553041625,168.75694943089803,395.3126986272914,476.80787394184256,363.69291585381376,738.867407294199
932.2038925536027,413.5192891102341,336.167741051739,202.36360465141308,415.65700148867955,4.693466784071827,327.93175553608285,735.8030214577686,489.8787216555053,31.593820795571453,178.15001245720953,603.1750454851646,125.33499193832161,411.5265852327245,556.0204201572878,175.54388662552404,420.1796826893049,424.28786435980084,154.0255624443224,718.0221568097716
1125.8497974469833,444.4880908152995,500.59453692075766,250.86940450845816,425.85362942665273,5.810677985366699,365.14950585143083,637.5204422645603,547.9178930377203,31.856265451163598,145.4255391346501,525.7606327733888,108.66817943132023,317.94534844041766,494.81607814173685,174.64296583229594,330.6715431243216,564.5570286964972,262.44933048553355,852.3496814164826
889.7615514274567,341.6340637846098,420.79746601021765,274.45333904022766,330.40957474161723,5.3620935189043255,411.37578166962106,629.3275536869947,525.6657741924281,39.23716165861427,140.70982675226784,361.7181764010668,147.8001519631887,473.51284373415,199.4176362874178,198.26061370475347,354.0712387387056,394.52218022154443,311.4038790069196,925.5983150799586
934.9942108602376,375.5969455333472,438.3683618672774,239.108381025873,361.43282831725617,5.2874498306856665,333.34826607903307,543.0340004199181,314.3803471033257,38.0192909556168,161.04687054230607,461.49470668774734,159.87889981306617,491.3900314426536,421.85159709759455,146.65833419877958,306.1290837319454,397.5723180372921,232.57835132935205,905.1201463454942
868.6634530828075,348.96353659062106,464.1282666678778,262.6729009022745,386.7916132490722,4.340683688780703,404.8514255352885,869.7514592760199,533.6663727592247,28.44148104916133,150.05771693887652,829.5021794988033,129.16928303914366,450.15361774759,432.3567730904997,172.76759130856075,265.0312784390152,559.0990770292877,349.41801478696755,1110.1302363094383
893.0848891205472,398.3683742526162,480.00962570306865,280.5637685710319,297.4246794862157,5.8008974103442545,512.1629641235867,495.685768156177,385.5582425760323,38.350258294993935,145.35639752367553,730.056174192458,162.0431850799489,412.96997837687337,613.7349876220742,163.09921327498725,350.3564071450563,642.313536155868,267.0213842602556,914.0798041299932
691.4980970247935,452.12981978083235,527.7713164802367,228.50666080687935,304.3807350757523,5.121441205873105,345.6357443222182,660.1604957108553,504.6316261204699,29.536433761188597,144.11189758080013,618.9075706033021,112.81297037475464,428.33545464597785,486.5367067966332,140.22431458518628,398.80905381699984,546.9544610129662,290.2702814232785,826.8424794100525
965.6033603280748,238.8630331508399,581.467324930241,253.1206401873512,303.03495813412303,5.736856301532845,437.0242548188529,799.6092226428989,632.6299912319434,32.33207463008069,131.09777480247567,738.549514672593,161.71795993307228,349.97018927319635,571.8498546165617,145.89490388376328,423.37119107169923,460.58355833316597,251.747943399469,878.4438984718627
1173.7874795699313,243.55605884873052,411.47414628027275,228.9348005692747,426.5668884477211,4.500610425434406,393.3660584038923,746.8636175096022,514.6399499739238,32.61332229614325,174.1109321128834,713.2234249910917,156.0879391639294,496.35903478592434,553.0880709812448,138.55250264696525,193.9291368401154,524.4346577566785,310.01189698861094,966.8861198941732
976.6026794984614,354.4638694312262,307.4831694392118,217.7896573914116,427.153386900838,6.448748204259612,401.6130081484126,508.3506676396603,475.27014173566454,28.405372643841297,143.1153279551453,557.2987629937443,133.11235352945525,320.303963587398,602.4088481054728,181.39063743395536,264.0931042762826,510.5594793275858,271.941739141685,929.5839874550727
1021.6286058984714,246.2597857048848,359.02244376603784,265.0425223349568,517.8260390148075,5.220933534041693,428.84892684725264,732.9495978493812,514.7695578327712,30.445400824949477,134.32029832797338,587.1128961379825,174.11135754717523,396.47759517988044,572.0368410721582,165.45334395851404,348.5693753703248,505.74151067347907,285.42282423706064,799.1474950982108
1179.8637674536049,435.5374993557291,408.6129486636723,202.5373165971997,393.0126133218867,5.087807181866572,324.6572036185312,638.2314683705621,362.1860311318773,30.244403476324276,132.316265822377,772.9623724226767,159.06729314897592,432.8736241859231,595.4746105759673,176.52849209482454,407.42848881899124,587.6954256960744,312.3654761400279,918.969323216064
867.0485166256614,332.9693158976917,477.898799000813,164.80266062629832,178.41730321308694,5.797035903583958,433.1849809267156,537.8401314360959,439.395951234195,39.90796255379351,105.58395461581257,758.234423535198,115.08353121148414,495.9685364513099,382.80954088042654,173.8227266239789,507.871591095431,470.9854863498304,353.4468706852388,869.7265614112758
771.3267068148878,417.8813161472768,574.8953502458926,217.35176706133495,427.64742969231986,5.5362777397103535,441.4605424029303,702.8254824525417,664.2167116023566,48.21432616208697,143.24023218346136,619.9957486188512,138.6908635700114,422.7941341915955,553.2056223582429,199.89754095677753,392.30362493271895,671.7537458206409,293.9257840898646,1150.9477741821343
1037.1567249197838,346.73735328951614,387.2532627060748,284.23024113921895,390.9323975395057,4.791622361430548,358.44951360113816,571.7932353955692,357.49143838326046,18.41272550193648,154.22384133287017,610.0784295163203,113.3783649497657,390.9425537227962,632.6999973978873,113.05097227146624,286.70480972817234,369.1512834086497,150.81370104854597,758.5322998885559
1133.5975655213529,338.7818015037331,385.006191214369,209.25034041886323,475.12291062281065,5.739652935856609,511.8026579624326,682.9937292652361,399.67700676640607,47.89887779209181,162.93337996281528,580.3108554989907,133.6610244616688,443.8031380626214,444.4658444160191,148.63250874087592,379.58053656139015,477.86914128256166,294.71937727989337,852.4025360634449
1090.2120675743367,428.7481224421398,524.534304676447,210.8302594809611,424.8365530753621,4.78457103503374,425.41869914193495,610.4114544210366,480.46006571156096,19.69434741452248,184.68970162374532,475.15648806168326,142.6611846626956,424.0849867663865,481.6622889684372,159.67217195551666,368.5961852341145,496.6168303736859,319.75011834544495,767.6380919816613
653.0764460574096,382.1087472271283,329.3757157170094,247.43041239550368,409.3262179846415,3.8858717052261187,372.6116799208607,622.5662557930832,430.43968707469975,37.374517654209086,172.4452100121162,730.413529013061,170.03259689928822,436.55057574597413,296.8008703989034,129.15560425013064,299.69387129305613,626.4659133652488,287.1409820037282,853.1679222489133
774.4673080182365,356.88483972468947,493.7683273370476,183.29935891208788,396.29293304642187,4.3363060656616454,477.12299760547677,625.4115367300667,380.6053288627701,24.679219048668696,119.27697196661083,809.979740227212,109.91440350377931,391.5731815270678,537.8325594273713,180.89592475514067,350.09022407371174,441.9499537825927,242.36181366430063,761.2950660765115
1141.849064677802,358.1906792914971,334.5569491814823,279.94489155531505,299.0584508007302,4.772229419349781,489.74263087099996,678.8801000902085,459.70150633866575,42.446866792694834,165.59588163150144,672.8391066529906,144.73020099710476,338.84916391478123,396.04743372226017,129.34947260448388,407.2975635343775,378.07113296289714,247.82352339604932,926.2351056190408
639.2517613803093,195.12319864179233,514.608183985197,286.29488720668866,342.24191387980153,5.702464967345406,377.33470450609434,449.54167468526873,388.18587059352853,29.520399731633837,137.90341189359026,561.2757028871999,146.79413533460382,434.68373741057843,415.88956331453596,133.33674791608678,419.3008953839469,502.5358961357653,304.6275895772544,1238.9848007134253
1139.0867037680011,345.7416843339322,416.9011144838945,182.35321089127297,404.05618775988734,4.325735969841446,371.45422773665615,509.7424939966146,502.66654000828794,28.924409329532658,156.08045293236074,602.3723197083918,141.16897705066003,397.16010712981375,554.1399718771751,131.1677399971161,387.82491463691497,530.7096631701677,289.16794405808656,914.8128018794698
685.1286373385997,382.35612308447054,296.7913915959941,221.3447305129383,345.7578289847255,5.229222530730671,525.5860380805882,697.4987364976452,373.83685262657343,41.232487229456744,148.6544228981148,567.268873104963,120.55608959397358,479.19590321336324,659.7976975525669,139.7386937618645,428.60660967199357,361.09595731577235,261.5222257698441,815.0808103357766
957.3134738512354,376.7118333840966,371.4087510365739,291.765480670795,414.84607221638566,4.614060111626224,340.1711792579351,599.2134960104906,564.2635211800985,40.44756962590838,93.74607848319695,593.6081102821564,173.90710616344842,499.655145409042,382.2478443797694,195.79186332601316,536.5301436241299,513.8914273656145,302.73138975857006,978.5650008104474
950.0609424271007,276.366745671591,367.5859637000763,217.19824217560839,292.8169655600478,4.569092079039264,333.2084341918545,589.0550075643516,375.66513209368605,38.31254464407309,158.5867943985369,701.9893818841938,102.04163781787287,298.81267772498734,401.61531318861626,155.58444459059635,388.74971578337147,605.2767591883551,349.8431437703936,551.2153168160297
1050.2228219413932,284.123431966612,513.0008840107122,253.0857028870873,366.6277281887461,5.231394169760396,467.5487611112382,618.1837276380962,557.3358331046122,44.07180054045063,137.730745043611,543.504071181784,119.3618932093904,375.9426116449419,457.72146512363497,163.3280507600983,337.8531497328168,455.2614634404832,314.0260071471124,944.4789860019561
1154.7191983064195,273.64079168016747,413.6132775870723,202.4535994001832,468.72035094705376,4.631269085656352,463.95593481601816,659.3575956308046,524.8055061020108,35.11394907307721,219.0158556494859,614.9724854921423,203.24330519955413,499.651751088099,541.6437850950542,208.79558851177086,433.52853390605003,608.3720417529685,287.37097899537065,1384.9049874068883
1066.3796638573049,334.8732593314628,363.77658039180636,214.634118688908,308.8004701347653,5.1708448596444905,438.8638793996761,612.7560254266922,583.867148301454,35.47162800563823,154.4051183801632,784.9265456181034,158.5391122057003,400.23901409190717,556.8024397080553,159.74995745285798,352.7508842148041,493.07456870907964,208.8712956970278,940.6098785746042
1126.2708107503945,387.6479253350897,481.054986542718,226.5896222843153,322.0196717297979,6.099944907688337,414.3374715341056,818.0883490555348,631.6919520219018,39.79565819975039,126.60447974167883,618.4451486961051,152.55277225657906,397.9336982580312,509.5511519078513,173.57047963608235,212.40421992760267,330.4691068227695,296.9614976225532,962.2537983593066
1184.1464745922617,333.6177550084402,550.2773402390021,152.0531668120085,374.11291393274377,5.152556094977136,459.8818311126557,490.52595506441946,703.6865220450601,34.46702396202139,180.91997784024403,628.073354555846,162.25270689440745,413.45639119718925,484.5757370668332,178.04677504707442,324.6095419590285,572.2175852161113,230.04966251742445,856.3859926729225
1323.748291357253,292.02172448067597,425.802813114431,223.15000214776444,311.7960040476061,5.235725536030563,478.4632853388487,525.824481675444,490.4331983203401,41.86424021030629,175.68402349889826,658.4643155298462,130.81273165431963,416.54214472387855,509.96244881381557,187.643912599681,302.32682646773617,511.30578978202345,338.51931259201706,732.5118713947851
977.8122296636355,311.5488069270313,440.7693859744265,217.8875577962492,422.79040908966243,5.492307047804875,336.39016410711497,678.8911252154359,619.2017845554233,30.850657273436465,133.67234904041067,584.6626048581862,150.97757526211433,324.65713814282304,401.0099172889394,117.83138403602311,374.18303047079127,593.6625731797157,333.1448452326358,1098.4318182695508
1058.5890220984295,394.6827994002367,263.93150786738477,295.58732138366383,412.10367672041576,5.967077321879304,471.3057940940455,614.1155497739219,523.2121186552021,38.167618210641066,159.02769715083528,619.3727708958668,88.7764480510645,305.92607251311836,339.3044417863732,207.51715848991057,351.2881904210124,368.5431902467018,252.52603556553296,1247.8323056576496
997.8692327998681,379.98452525769443,476.15609811958234,255.7107910659824,385.5739658405293,4.968622300935995,407.32470988460955,613.1153208696194,567.3786099279129,47.48209615581042,142.7013517562807,744.8810825004688,145.0596025305239,521.292462487191,442.8170377067464,99.07180973560821,277.538027894356,360.72590427815976,323.2443413246766,1044.7476472684084
740.5602093630641,548.9328158445795,511.3723232725968,184.1666706285913,372.66781258865734,4.335146644839682,361.19703815902255,509.2418008399982,411.14345993902873,29.627655508997456,139.70399744306164,713.8306494350348,159.61278902820428,392.50938282296994,701.6351118303247,152.11803999022376,324.8783638023964,421.4009342215297,200.733688285129,1186.2301074141578
1144.492381206818,307.12884208192554,376.634468704787,253.2064492270837,247.32728610324176,3.2959860471513,313.63495738021953,680.7927042242139,494.54797254483316,34.338282374957615,151.7801952313776,515.6278996239969,155.09999560724427,413.45162340445665,548.8845416048684,132.9950357559701,323.91980371100465,544.1847255086857,329.7177787602154,925.2316222161145
1107.9992373364244,358.62974127868546,465.74126615623135,237.6922566923452,369.15848336245625,5.341702937627023,291.79424720325846,615.2555962237163,392.32407492065994,33.98824766367789,124.11321801254884,793.2933517538575,183.23739906468987,291.79762598920274,478.90166702406196,177.31285109036318,367.4697531443852,437.7182705197409,305.2057998179156,1006.6370228425851
957.7828880536284,317.3188862699464,564.2037672110489,246.08029823136403,457.37619293932863,5.040880694059794,348.52036580943684,833.9182483047789,530.9888228034436,45.83487868365473,150.8421239875441,679.465135615771,81.54483999535296,400.0882555125522,516.9218262218671,164.2522389227347,347.5365648840734,482.64085778770897,358.70751050212823,1220.787583644962
832.3987572751814,258.29968683282084,512.8944305592108,234.14367326175412,336.237018813977,4.050610872688745,387.3960564087831,445.537807426927,535.8729310678805,37.82623504122144,103.12408753242269,621.6823490151229,136.82964678415647,419.14976318151554,679.0328448517772,153.32089700471013,486.0543690170521,448.88719362415105,228.22320492286957,882.9206359271412
747.04341884394,330.5167125907261,428.34658509187165,244.4071840127416,296.59715832259815,4.747654505756972,272.5255375742869,817.037410490714,599.6106884475026,30.392082794851405,149.61718583097252,344.5291747550879,146.20890884639965,415.6884152940006,430.3945847003213,186.8365792217833,316.627629297175,626.8917929511329,363.7784819879116,1061.6535902396788
793.9111157511845,357.3058517543753,340.03772598933693,227.29030400222115,327.75220934389006,5.321071422197076,378.38212927199214,746.6975723967016,347.4858157732232,39.91346190996266,135.22009225158516,800.5057559220642,127.11307735287073,415.55971613500435,484.5695896948958,118.02761702174843,408.2051824928574,437.4201315496947,205.73165250312223,999.1518454106651
896.8423661858599,473.03041458112,494.7807788108929,269.4171361314332,396.0381007685744,5.1742601473939835,360.04638687244363,640.5784291166489,441.239922144728,45.59772814995222,173.98034548159697,624.2300806470117,111.98191675752824,277.07108389338083,548.3344489703413,192.63471070528539,224.10438506939832,582.7418424889142,291.03903875538265,797.4914912315323
1223.6443866926995,470.5597355377648,377.1947078352708,180.05554767881137,313.2058994155662,6.644981386401608,420.7641633270358,767.499857731522,422.0144224274444,31.183600421483355,116.57495196798735,532.0306644035315,154.09601485472453,367.49045083842844,518.2149996999774,138.28900288854183,416.15466852912573,431.41556945664513,311.7310472802438,805.4737596194725
1005.2196440677653,374.4740325203781,408.81013775276057,211.62575295032445,419.46673267970175,4.209514438622002,404.75727550699975,690.537123288015,481.7801121397866,38.91551443611742,207.3474924568596,546.9561664313437,120.46722467018905,227.13484306043253,398.5389177337016,128.882248617577,233.25037151643912,431.82233758341727,307.3853612728917,777.8615694764325
1222.717841295281,264.29148316773166,291.23570835391394,225.23453751253788,493.8314457527488,5.548255278458357,405.92167248071223,803.8395345835903,393.8841658887931,26.615585797229336,132.15436450981343,678.8077237557317,154.6967981127041,423.31871392864167,397.5086011519796,125.91144042013579,352.9064049751732,602.9013891278418,191.8224300583512,791.4970490142606
751.1666527475876,358.97286079754934,391.2812872457578,236.1219343800437,429.0501872346809,4.697290218535318,273.11984767113074,727.4803754925789,522.7674754721498,37.76476577595822,177.6394664152782,652.3439837805706,96.92524478772691,395.29136714497724,493.21636141574703,168.99877087067753,216.8275531887317,555.1540927500293,333.8875987156233,542.1900804621318
1117.9415858400866,366.16336191055854,427.202966708913,218.59313775843506,361.841713274229,5.703160424784673,380.60309897146954,614.8591126724863,468.5387711395768,33.58051485392433,176.86778707232102,656.8776700302498,124.62207099310473,454.60785884281614,534.4391354333646,145.0397347367122,359.6956354690522,417.9155994321834,373.31797670034075,930.4190470493666
1165.736368705648,370.6796067700213,278.6097287124584,198.98961202358203,380.23993126914905,5.453563113823361,401.28490052189244,593.040767796271,561.5424750412611,37.5206602314254,133.71262609225215,667.4159777719585,103.19043907690144,369.86198495181236,546.1557797899567,150.40518493472348,388.879856081482,558.2379397579533,262.33365260028745,951.780032951297
1073.0674064994366,280.1350436584634,330.38743645605985,227.44032884893178,466.0035748212021,6.8488496315335325,488.3381257616138,693.9570836013651,642.602101351691,40.9328604571896,172.94417833423017,737.9435162503794,172.96045807080634,534.415699493156,682.8686178053032,171.8894269759932,411.671764438571,515.333322547653,165.1429690376478,1051.905125267449
918.5147970588365,338.2581448252109,403.2884648151458,204.89768453414558,291.8961011999245,4.00281889334985,453.7022644708076,616.571856812849,426.8174845296353,33.5465944629821,160.14137778361953,553.6526814369493,153.9629866197501,423.0018708211313,502.3751843789761,183.52817971617506,355.28323281256456,496.347398337796,166.06518115029593,846.0251583464249
812.256636330721,297.86908793217896,390.93498473618683,245.00623541333897,344.85635641424307,5.988306493541923,477.3009517369569,653.37029612439,551.7571313093401,40.09627975438965,150.10311819650195,698.7777395085042,129.06066182788385,344.19440889860937,526.9015989688517,152.5942200419571,385.39946627527456,463.7780553636216,244.4958691393394,1019.217866470382
962.9278976379003,369.14981949630027,464.64348309660363,298.6524103208527,335.97176360053163,7.185528031461754,374.40925706021517,623.6655700890394,531.7167698618373,37.27433233205882,155.37496734125702,787.7928505283735,164.8117742231858,404.01342870175034,499.11916423329814,158.14314077184105,419.926994669484,442.60546711174817,216.19276554146194,982.1052233241362
877.6304859032233,349.5983851335304,339.6634745013153,268.5014504972141,441.9819259845508,4.782137216939488,355.06669603583293,683.3899165564342,575.6111511427398,31.27769946010521,131.78228715288088,552.5111577640421,148.8749754265242,414.7227399479386,442.08048006255893,127.12752919957347,336.1222570662336,486.03590799370346,289.21908377546976,1100.971943546564
1200.137693066733,371.19617034097837,359.84032709669674,256.6542270562826,390.87828967852084,4.702413865301477,367.10154851123923,799.0311091706981,326.20134634158,36.80175361740751,141.032254511598,580.0980546495042,76.04284751231472,425.9524888029324,548.017055555038,172.8080859824498,348.6113680569091,532.4922302366497,204.58175154484036,855.3400649743432
1293.9624541688418,443.1097919659928,361.2904143099662,204.21186002714035,386.34790678269445,4.214540900915795,404.52074682786935,613.7767180250435,464.6247418230006,44.390917108541515,128.65447869370294,598.0933811340627,138.8744790758671,381.47077011006064,538.451820051255,183.75337915534482,316.8964996614401,475.4580802278135,401.2203827078075,925.7597982567712
876.4449592432817,359.2997682110926,320.6116876714603,199.445867143018,342.8614687691259,5.332729124724632,420.47826264691497,637.7140569044892,536.368925414075,40.439277004227336,187.20184650863465,515.8296222059749,163.01405539192297,429.881620293151,335.9015526240629,162.3925829198767,418.3278783216218,549.3210648916844,328.30973668420586,1092.1267829377362
854.4596885145698,262.12109056584507,251.56859156495977,259.90143416593696,432.8831845547948,3.953096467151301,249.74512893147144,805.3325670669327,440.1114511336618,37.70427036042577,141.59259291560437,726.0096637548571,152.13645301214964,403.2734028837695,504.7373473716008,171.15304012724727,271.3582845470413,684.9215798439905,369.80827422119245,585.9689883978576
954.0226022121693,362.076594131991,356.3666655869504,288.04074669295125,400.9669185781097,6.608454234523155,510.897749637866,699.632938931216,417.83594509556013,42.24639371148002,88.86414058269807,830.9131826007555,197.29320217776836,416.96738056962135,486.69712613972115,209.2808905312865,434.8268674131474,455.9162206876429,334.6495538863297,858.9534624757157
1200.8162058623227,365.38155826812886,363.3301422324864,164.30820233995132,448.1537155289976,4.196030076497647,353.7497562858111,697.4466732267014,575.8319040911778,36.62519257052042,160.41181758975492,620.7657673696066,186.2880928918793,483.41757430493146,467.91907021143936,154.45229250684662,357.0027990300817,303.3796597712757,206.4345567027925,829.9425019264909
1006.6769068115358,303.5215304886849,271.8115749219219,307.84578769810753,392.5293982212004,4.416910146055722,375.2748691233756,630.2310709372376,540.8009427456734,32.03984314407743,123.09585573565326,571.0894483766268,96.75130206004783,334.4787805173213,404.497970388604,163.43381819487635,290.5011368047332,401.76588244247347,359.870367125282,1197.1039595966586
911.9125479749009,323.5220602888052,278.62768396250374,235.97203162584083,468.24972383605706,4.495509214266096,378.89286676124556,578.3562527892307,511.1967203464992,32.83893667870762,127.64562992432761,623.3159341818139,79.96278290368033,285.49827238071157,655.7916640823015,162.77211710755714,339.6269888190376,401.9608802304753,238.9899813877842,1022.3489724498913
1239.0279987135905,370.557451997896,563.0700423773212,179.46597755155716,447.1526078874334,4.6436521413449965,229.75564768845663,454.32894163674626,433.2178708476583,35.475159427322566,143.73249115193155,741.2604841156902,109.88433960762745,489.60613840385014,484.44609799633696,119.56940129757047,299.05217771047023,596.6984455233338,303.0145043868823,873.9729331333882
712.7531372117409,361.0727315364138,244.06046034645115,193.13512839898115,328.2868061603066,4.92960577256247,549.1290724370883,623.630740185656,566.8322524482651,53.82697888635029,109.86731324169577,652.6694858128824,144.0327205629529,335.9382193601889,510.95287569301627,151.57951628674206,268.6315405444285,580.294324134992,230.7253430914771,830.3547375605866
1251.7758743391169,357.0878796979998,444.0782981210361,309.75933495140333,266.5639917513828,3.27923259016581,434.7985686718388,562.012643884783,549.8340386370547,39.53750613354543,139.82186125407665,791.690823142997,107.53872108787196,259.66695799434217,558.7489058672433,133.7354509542242,293.9198472059761,687.7611836559726,324.0752387752346,897.16964978747
1006.7078562172466,385.42117516457944,262.6659452947209,119.80430616465166,455.1601307955125,5.760924870267881,387.0754243681439,679.8268792377667,576.1137802791876,29.158014002984963,64.9851882010422,528.6213816095006,167.40469615487314,229.7221220789526,412.7543475008987,163.75373317222883,332.6388547337406,262.7286848098235,265.9546035366885,570.9235385018619
1063.6456156002048,356.50229310913073,341.02886349706205,250.9727620543264,412.7015765678865,5.212642100385357,482.7054816711017,608.0120535073546,555.1157499047912,29.742573218401304,125.89608190297645,711.8369422319246,145.4453687700921,360.39901023100464,437.21760328979985,149.35851532528417,317.1083033299847,447.41192686095803,292.60026313441216,857.7564304580518
873.2375433458961,339.48800962965396,359.30834175493897,214.70759293524262,383.15928745823265,6.3531591263042735,456.3185246294123,610.8947711355424,540.1108273116495,40.081835306859,158.7408019447938,690.02946176182,147.2861892367406,374.7807055090096,419.9877918810678,140.99277295711715,439.57446667195194,440.75653076922794,261.49631782788094,992.4236889004042
1405.0179246655239,270.45079643013406,525.5178812520949,270.4172699077057,310.54889130267355,6.375498644828112,349.0631819842873,543.9180948895321,483.6464836348023,32.03767294839851,157.62526301250224,671.5540074093708,138.20478094763652,299.3368017944863,425.83505625422765,171.8049085409483,423.6726333476647,361.0438230243083,247.4254236214602,1066.8903000467772
827.6244272144855,365.737498830555,416.29852719253364,249.37811081956562,384.8251751737026,4.8493902219174245,494.6125594472947,749.2692266298155,400.5465378546904,38.08190301029002,162.72546753858967,695.0128824706533,110.18078720846164,461.9320285045938,506.6419493362376,140.55397077276172,331.1563079942182,390.53297142462037,229.75344929187128,951.6315215555727
1052.6422903931177,320.88967599845984,526.768378104115,257.1095728253147,361.51667450028947,5.469416659082062,207.0789943287222,715.6330773192284,589.6455273893665,33.845945371724376,160.22654730021048,747.715720736134,97.61819001713884,429.30699443411487,542.5674666976275,126.53699951210572,433.1827405212672,386.4149025898777,284.2813861214678,611.167769361261
1049.3068802534924,325.14085973430656,428.9935946012936,256.92852231010534,385.4783361527122,5.0909707133232605,316.3658708390859,623.9858847713958,276.3494999722866,28.678779929247103,168.48086793512317,892.5007939490766,90.49868184052801,546.5856695142335,571.8920742902327,161.81141553163943,323.7524851540212,354.694303656102,299.4339516788248,780.2402000164175
1133.6231613120096,287.7311026510489,379.40541420658093,265.81205037721594,364.7095635509546,4.585552429441863,462.99867101143957,824.2303185964174,292.0710197833722,28.66498355197914,101.62077239508784,629.2634196507452,168.94398156118436,369.16044323861007,564.5281281158391,197.5401029126098,385.357184424715,601.3578475754855,367.7092438075445,722.5302967673758
836.4876563882289,480.56149979155936,371.0597485051352,204.72582370552516,305.1835225099025,4.682611683058089,467.959529239468,649.2405868350347,499.41790357446445,23.378842770686475,154.98271224478478,703.3750509438457,135.08091896939254,406.5842110920038,428.62512990131415,197.55123496656242,309.42270490064556,340.493842806896,321.99355867865813,1091.6116370680804
962.4999362692917,368.1334185512019,477.614809395085,222.62307470639095,549.4433503210491,6.142104482327863,285.6822182027031,580.0959663974849,289.81136208694335,38.49865978293103,155.41909790961935,831.3237512597501,100.55511754141207,448.3354834830338,466.2682565976624,175.35875562531612,373.6922126363605,385.8558978228843,326.97259427743415,875.3904056711481
927.9988536954556,228.04797128862995,340.8662520701356,165.88417867504631,370.5903702394852,4.304191623856514,341.2644927176935,724.8225810697289,569.2337975471642,28.873867453004483,143.19729414569574,681.1986031745079,120.4891233841158,335.32231906094853,373.26986185934106,192.86206852524595,282.8310069582896,480.5369241973951,279.17077874474876,1043.2886493663632
1248.4555777814567,337.01141209304996,272.63449062936866,272.88118845971957,467.0359678266944,4.451058809417047,395.9672350926407,680.5212257042056,371.63512751294775,39.1641614129057,144.804489715343,364.60770398993554,108.16293406192115,345.67435737114386,613.9233597357559,124.83465254177821,338.5314830072632,518.2364059637434,273.4869440250475,758.524559040377
910.766028051785,240.49110369010324,488.6909145143363,239.11672989795383,294.847912131719,3.711553517522,366.73664795683084,583.1649422249468,513.7792234457011,37.68206413310482,124.1704726003924,789.1832756683402,169.29333068139363,415.9713317566572,515.104490553152,165.67679672069477,317.06384970308636,399.7007527864838,289.3864775760496,839.4993861007374
967,359,417,229,379,5,404,625,476,37,148,639,140,405,509,161,354,481,291,929
949.5442815801177,345.55798861938587,342.8394850990503,201.38377004659907,423.6778885125099,5.049276677174042,406.2426425087142,382.97205326740743,502.4650991413683,37.483131956348025,133.12676359193304,429.05735699059005,141.48555301404042,451.5759104372648,426.25496559256646,143.6062391731644,392.2982309097322,541.6382692777364,199.96078035404878,749.3621938118844
1201.3246865488504,304.8655968001901,454.0540277463441,227.99734753905344,481.9039961076811,3.7274492172481146,495.96201776601924,628.6888067692038,535.2083447261853,29.745373905110206,153.25416632209263,725.0607799998297,119.60776840119175,450.639826510627,500.45481664498504,167.18581014370574,274.394084869205,545.7721536196782,257.5429446483056,881.1122451333699
1249.137697655188,352.22501713003345,409.75469310420664,266.17327330463974,423.67029065487725,4.745840495258436,436.81900391305203,568.5925031798643,433.095661017422,39.313539087542345,136.8044445769787,590.948317148603,135.84536759945536,251.7483974998343,394.1798194964901,115.90759338020611,277.5301677123865,500.11773237714664,254.26152926610507,604.4734259411505
1265.4388294270702,365.21756016914145,455.9827465624903,207.88706983562372,396.4790829743743,4.778785517848739,474.1846869574365,631.2030019439452,453.94330141422904,43.4285469414448,144.09231248038608,961.618656899401,110.48105093297706,466.42456888830986,363.8465160418219,177.00547563701733,318.5679767966778,553.0088829623148,227.34168011664102,863.6370568046522
1009.2408863115819,322.9078471824654,472.9558682311196,272.7515058055676,366.9308290311315,5.613917332318526,445.3421886944334,624.6120045495471,568.8613145504712,35.22738005957461,173.39170267679648,662.894482001826,88.77278162063772,483.77038571320617,591.2433099060986,153.34375382570406,450.7024008554213,438.3540993530084,243.46681532613422,988.2154331719208
1029.0066976162418,358.12697069545914,490.0059338084547,276.91641700060484,396.3437347391431,3.8204785718270458,508.79536029436133,554.0549844973935,504.11999776771825,47.797399170860615,137.9490813466765,681.6627833593463,114.53743758899724,337.96236567673526,286.9290483893525,143.04087939081558,178.54468060818692,396.6809902110322,257.94285089103516,1014.9030764862936
736.70204949863,245.39933430934954,268.9064777237006,215.87296307371548,410.7056490384963,6.319260042401169,593.3692644456797,754.6333068013907,313.6767683222238,32.04385198279828,107.44477367849714,544.2319926525628,141.98231777680007,458.1053949480088,441.5196133441165,151.2127142733855,334.71730713309535,474.90728625865927,286.8678600685352,871.6233143737201
1064.714617724047,383.8290096445621,259.83186747074615,218.16530779334974,320.9680366257103,4.781293405394694,312.67765844938305,582.2721614667576,523.0097140164837,44.73051400685723,157.62155163170561,658.6054082545019,110.47113179912957,379.7243186443098,603.1866753994573,169.48319285631763,357.518504651102,475.74927496276354,341.02972533361515,861.0869660749029
950.9178371748627,204.36238170762056,376.82950889526387,241.88051393072152,306.88774707088294,5.606593316478516,362.94447821723566,490.7926045186232,423.52993231288985,33.836792887222636,86.40670694030362,603.8680432666199,134.86138079108076,442.5515183744105,528.480902926158,187.77923622630612,377.4629587541441,341.6513470221454,360.7098226773172,1014.7741033140715
1016.241791795723,341.29585620270296,413.2687677797212,262.9397422862614,502.62618886673334,4.957866995472944,353.81535858952486,870.9419308643118,693.3604462303359,21.744342841803707,102.19873968881974,709.0766403937735,138.09836008126848,408.7043311091291,634.723596724094,184.68929599188638,371.4985942753048,428.0473800859068,283.6251034117168,1244.7466666453386
1075.410312291031,359.95765426371196,262.57545823799063,184.47036928630007,398.87467646885915,6.075096493093527,322.7424540027404,647.0516166253639,397.90063426816204,27.27010637697125,164.23293838974467,546.112305084737,139.1736195311883,302.9754183423391,734.5915155460133,112.98685854459279,370.64622914287895,521.7457470942484,283.9761991780445,699.6004041708978
761.8746612334378,342.04456088798287,376.603276978733,226.19297331792845,365.4373647698042,5.058843665875509,484.0425554912203,800.716776927439,480.0405400288491,38.58579439118734,182.17392924322283,685.2178786324948,140.18368573895447,333.1609069236006,424.29504318583713,209.56093888038532,331.68298983025056,498.1471897405816,274.84368649149565,1320.627248110969
1117.2748585260997,356.73624708597424,153.63103776981,212.1871214986075,464.22443418341254,5.916344096487327,472.2143816242808,638.5309111074832,331.24653085461495,52.985549547204556,103.48170075840318,732.8243941719008,94.82305446373287,367.96330188145373,624.1034424942843,134.08997482515284,294.5663164454595,398.58377821243266,241.53528906590708,795.1119850213403
827.2247918626515,428.28106565917403,485.1483244147455,296.9899496461828,319.92884492934235,5.0882204756272555,497.4872198535269,654.4294206467725,395.47469471407794,36.24490183694678,169.23166033183364,510.7825093930263,141.44271393699117,530.6480087419097,630.6169712108223,131.94325052396533,355.5059391459786,413.77620600642194,397.7474084746154,933.7809023092757
1216.1254384770505,252.1930594433554,483.6650678485289,239.6191677066155,311.17346108165657,7.0777887177946415,448.4793767875003,641.8796925233929,508.7812020414866,28.853977698696653,114.09886626766831,561.7516476633408,126.52576053136463,390.4372804510787,322.4211218401257,141.4853761338267,348.050304944167,449.9718648102645,174.82946540280665,892.0436346694138
807.1780150245999,379.69615565627555,438.08289931073375,238.19965232586142,365.0991295878311,6.431203724409945,481.0865947800768,629.9473624068755,470.48488054209787,34.48584818408199,150.37186175432137,475.84745753282795,144.37524685866802,337.47918676461086,447.05340149036715,111.75236686239828,350.53357290187205,584.6358192254904,272.18153863049895,764.2946636667491
1129.1741227551965,300.4043331474444,453.34556893167024,274.1414881415722,382.65942041286434,3.4066856524271314,314.87132791366747,928.4941925683368,476.5778606575217,51.821932912081856,115.76043616142735,811.6162200231587,152.8138017731137,412.84747018177944,447.33176088823393,198.0230816935232,350.04457528489115,309.2958679493762,388.44512698701385,967.1007822277294
1048.0439900849435,419.6949619286185,522.9297885733246,243.7349893599841,369.24657389442285,5.322564751415996,513.3978540467185,632.6268578464674,395.9623489496461,33.68048816936347,140.76958902804142,743.0285775978084,128.02611908455353,381.8028600914691,453.3763465252867,227.30721572106552,337.23783537495217,393.26310816250736,367.87650792567933,1039.574744674927
1100.93182312011,389.4760426568162,457.88595509444764,272.1081878387031,400.56499185947996,5.057865662318268,427.7642928885548,558.9034408277632,327.731388099795,43.25958542615718,129.14165259947356,793.5079964235654,124.6499311347659,203.82432188385494,615.3510939265468,137.73202769822848,472.26870643629405,492.54577240377915,296.01457550421526,951.0155965873395
1004.8320987928715,405.66648316935573,472.7383962171884,238.10950137942456,396.8822835353394,6.013799469300766,432.48457190329685,617.4387997934912,426.23234950007054,33.814928910958976,121.2585448637038,510.42987250909357,176.9734370745051,409.49346470276373,502.6034415053583,130.9655487193472,291.7276267128175,348.2789261785427,354.56170556690455,818.0961787713792
723.2663904894879,459.1444706642293,376.76846157133775,222.20855779015454,359.84163765702266,2.966516820281953,475.7163019791319,693.8588925899994,432.2474167328479,39.61629708291539,150.248343770398,788.8815455744723,152.76713104502014,440.0981735541144,439.18412264102824,167.8735951444755,314.3228658529184,471.1378813752821,268.870629554871,1277.5031410754862
1058.4410138873097,386.21907462675904,476.8683616753126,231.0116386521543,363.9946080907716,5.0636910685367615,454.57443230673954,496.77456871278423,402.1820906866762,36.953856985788114,138.08209500682958,508.2641851122778,104.33388116215241,405.32256399583935,373.65256024378925,150.7299986291888,383.4098780173287,656.1404379628808,338.2998738854653,1005.8765013801883
722.4754149166002,381.31145777080985,429.384843453642,222.59870941879205,482.0770628260364,4.012403769281455,462.33568076728966,597.3587309595914,455.61806232226166,32.872862242964686,163.00025603553323,573.3544175970844,118.78211311852536,354.68376205069416,499.1559829831016,146.86699408370208,373.0835955716903,469.2997634981949,325.09622267007325,1034.2666598876835
697.3502445464894,458.98180956371914,283.6987458457334,282.0368899303193,329.10166438257875,5.219631460787015,441.9203971643714,406.35144058761347,463.7057920217568,35.12826823307903,139.14807236273532,516.309100463555,162.87292657854442,364.96637450979296,636.6352529071542,164.55297813068353,374.24458285760164,517.2854159521833,267.5496561123141,1160.1268415213347
1055.277784188259,416.5321853892298,336.7355909662608,187.57738149410747,379.21850369260954,6.113913885454604,483.3333686380436,619.6202998147661,470.6219854737657,37.05573805403502,141.5273893677932,461.93292811327376,125.25963026519241,353.4789764726439,678.5052298825336,132.48963986408287,341.0769750975315,437.4970028530165,212.64795704876173,951.4542945379752
1381.3108277566628,389.8834165275456,509.439022999249,269.7927763258656,338.5576183253152,4.855632394164755,412.91730946953066,745.20574254158,492.8168806389469,35.38027403716169,143.4729804975311,750.7575886908812,134.28482314188972,492.9299084092339,527.546526078602,88.855287373391,374.7121084224553,526.1945822439402,253.30486825543994,1030.1850035072875
1142.33983618142,311.32187917952047,376.14832338879273,276.650000062204,410.6539799745032,4.481728124881423,431.79592191920665,650.4152665039996,384.6276035898049,45.559005858325804,137.58155316318755,682.9433939328574,121.87720294477666,466.50948850958406,563.0738160004503,165.95601865453293,331.42776783728806,410.8873792083413,220.8147342806193,908.3588907597101
990.2695464606846,310.2842042856064,389.78080092830004,287.7352437269023,390.1912329142962,4.807082461746631,551.2253726261683,584.0109481643692,456.96842397432397,49.867815845773045,183.9344038397414,510.6653042611556,159.64611360050137,520.6967332092537,510.51436334666346,95.76216294723407,395.55385406419373,490.70097498470057,263.75582463956954,1044.4833412745968
1125.997717434389,387.08785284484065,456.46749675403777,308.22395494926326,652.605883211236,3.8254158013788597,488.39048522515543,534.1769338917095,569.7165793100941,45.04403808845934,136.77380854868483,673.6775649397472,159.9686645402167,247.41684318578208,501.1671915573025,181.68999173530875,461.6198783286642,440.1079191702507,333.859877418431,1008.3033206045529
1072.384580769444,358.6438514050755,559.9793014911031,260.1357491464694,264.4205090917893,5.737962580643042,367.7990910810398,578.4230083126567,632.8316521563771,40.17353998766202,133.4387925003765,524.2228518450718,152.3818744274193,422.58560757564453,605.1364391605642,170.72317807472118,474.85677740363406,437.60957487552344,235.15687799415167,914.0049645180909
640.028159598405,360.3090172340137,420.95028218273006,246.31441714503245,376.8970892261982,3.981578775789446,352.06547109908547,450.9003330817194,492.08820225754766,39.52797495136092,130.29888726855518,741.974994572666,109.4813771842231,474.91718492523944,397.58130279847467,132.15680621626092,312.6659732203123,497.51903414765746,295.8540310824762,925.2897831958252
1226.6358632029421,429.61725019156046,417.30585929398,240.66260551368666,508.61359956784963,6.044187529864696,316.82096774990583,491.73961737578645,562.4961679447263,46.157915860275075,156.2085638654603,836.2892343092473,176.69811540426392,414.20255256514946,500.61381709655535,148.62082432631405,441.3381427085551,525.7865815516865,332.5970900945163,896.643707908798
865.0504964287383,333.8151162934099,430.47508478534894,211.8166885595858,503.0801270066871,4.6818035464489665,437.97494638952094,655.3737283321793,379.01465437421837,36.94096443989994,183.72442410307292,718.982029422453,135.70072268350398,373.861536910563,459.56189403606095,164.0758843297845,329.5626484895081,423.17457419364416,210.5760823527586,821.3492009471487
927.0031286103076,394.01425422102034,475.2529719191535,185.53374721829215,296.845207979854,6.0315295506114435,464.56300383907325,512.4816682803913,483.58604409099695,32.704079258450044,127.86816913342389,605.571918753884,136.06108375317228,465.5898375964763,343.5861305287692,105.40823163972183,397.80105017414996,320.5354653277133,261.5126726164519,916.8280596243989
866.6549106382257,428.2312449528558,325.1029590266038,226.4400143479004,359.7808164871944,4.878238363281047,381.5999117021506,508.2238371898104,382.54987703672737,32.8988618649232,143.62629241325732,524.292068822658,163.55184698228123,390.22989882632237,548.3963790909676,119.60083117657308,347.0547060387002,454.1907849313035,208.75938654335442,1148.1324873911426
1371.4692499896285,286.02101249865666,594.3185059283804,267.7813720514357,346.8123548316276,5.304868487149177,352.4682657159809,680.9822010841323,421.0711690110684,40.5883134625793,135.64978395948822,586.6518288405961,117.74181654408626,417.06346321112943,424.8818466779884,185.0683439063538,390.99890445126925,459.79072239941405,348.5969136935822,913.734617292704
997.1635911217776,319.55476985403163,437.3413128446482,198.3587014571207,476.56861063567794,4.879533394801992,480.4011104265675,721.0188227860779,565.7432409202665,35.690902011648795,193.6929767352787,740.4038445980948,96.90046871877493,434.01260031158427,384.9458271713354,171.59551071466998,422.35492693910965,517.7925813457998,268.1730442648468,730.2003962807728
808.3792502878553,380.29956942936474,370.51008623772015,163.801549418274,260.3087847837467,6.114548519682311,459.14933224242014,615.4141447150021,543.1240160121383,34.394095090846186,70.42341722364245,573.5884467473008,195.55831044098613,290.41686599402897,586.48422152892,141.39059143149626,385.98065968429717,590.1850077952323,335.40832148228844,651.6177781875786
1074.1211403496422,312.4828682971066,395.8698810472122,286.10071753779835,354.4261908742466,4.9480727642640865,326.2144010262417,533.8332538234862,505.4556055485208,34.65972411209102,142.64467216975282,426.1885266326864,168.39208251190374,370.25621139555886,631.493756425972,147.27960977879792,371.6932046571534,501.5534115090729,236.78187266971327,945.551855279501
860.8839430886123,308.33761547849105,362.19069779170917,246.2182214374267,572.7164344910938,4.91118782782413,356.57587238757174,892.1744064506295,377.5934395455122,34.369008882630766,123.88483748045735,519.6145765654204,134.8721534408868,426.2831482472036,508.5401100891915,179.43664460164013,361.3537914143926,484.44988202309816,291.52583448865437,1041.6911706432086
986.6061211015791,304.6101837551757,518.3048823111901,249.23548328440495,324.3049720327975,4.9182494113490804,400.6095840552213,553.8676535584552,682.3939275877235,41.51661029268603,143.06881965410042,749.1153528173593,163.6856554389014,459.39603536633035,487.26641936404076,161.5677350379425,361.5014790110419,654.8107629477582,248.14644911655003,783.4646112740268
1002.127924749247,345.4055543771715,565.0214347259706,268.7806141470451,475.7369392956367,5.598647955465114,422.8749997825936,760.2128492748195,413.9386421074837,29.979556171534632,191.5820015230787,714.2080946747142,129.8417308970893,334.05146695581493,593.557453425653,150.04911033848887,371.05101691552926,347.5841223394698,193.8647256084165,942.5244344808459
952.1297062853318,358.2048155544412,358.5535717071284,181.9190570912371,274.2842393292911,4.718089973267987,443.0553064984597,567.6684041387364,511.82594528826735,36.41023036825824,172.9008988616011,748.0034239396017,155.25694742413236,490.57597423080307,364.20587398890655,190.61020026032986,367.6779692470763,458.1461542120311,218.8418856089637,860.0318729748509
854.2773678264482,237.67675630417295,398.89366368718834,262.6649077349217,420.906993551833,3.0218692966288585,495.37634552697824,604.8655714306877,655.2668151733005,35.99804742174028,151.62184549434704,857.8583784299431,152.69182133958873,442.77152458685003,474.06602650530016,149.17290317496955,372.4352934617732,478.8459806912453,309.33262733003426,1141.6159735247286
939.1812140809441,413.4867500141139,361.31164566016446,200.01345602217705,418.20151075786777,5.081411006190252,456.8106349941524,686.8863511420125,509.287233855945,33.54743036329874,178.7654522956991,701.519367531912,160.30768594042317,298.35250763421516,607.3345944791628,183.68375139060473,363.8645123208392,619.4107856863435,399.2262880840254,1041.6833657687514
776.9587768268184,378.16893477658357,491.54313764075,242.4712907530992,368.01679656491757,4.321780877351158,438.8996478584528,516.008700580248,610.8489262487689,39.150963033299575,197.76267495512604,557.4931030019999,115.76554806042734,434.4729546594353,535.0225914059839,144.89438431179525,445.3757306269823,399.550870807467,270.8107025892377,828.7077864635521
1203.7472151639424,447.3111003819581,577.2948001571266,240.0366323200189,443.056068606309,4.259890284860639,526.037156204828,658.653771908805,367.94225828862193,36.85446997935174,170.46393543830277,718.7090651342531,119.34419123682093,393.46084211090005,554.6227826926377,143.28642088259568,289.19334407882803,398.70751896635807,219.87559444774234,922.8255136712185
984.553161339703,413.97163289701086,436.70319898882155,232.28593226966495,406.864424512195,3.7769865422290607,428.7581685561584,683.9658627840658,375.3313096222258,38.93989934440935,128.03293184960694,585.2186728883598,99.56421130385279,539.0087716543866,570.6220125722128,139.84661817855482,387.7095692768364,504.19194066273604,336.8240204351685,792.4148388342335
770.4550908615843,420.4136202217057,421.7888114425464,250.01828348075895,412.8545179410367,3.770583104358069,303.1359113682331,835.7197283525891,490.7761654523775,34.11154144695808,171.09945840482516,598.1993179734466,146.77382652595688,425.62771095024414,506.2647795189149,218.43495265272597,298.6022591854835,541.4118655032695,262.70351131244837,623.3206505082029
831.0620114627025,343.79118171355884,399.9271184025462,206.00279986315127,300.3861216544643,5.335895172355539,477.86862788275187,590.8291679287829,497.15367359624634,30.618837880125334,138.18196735678092,405.50740948661405,118.43779454836651,378.59938473147145,614.5171562444509,215.71294548091535,259.72008205266417,451.01300939477306,363.77103503785645,1112.6886432355104
907.7172708959953,343.848617542129,411.760278991797,112.6412386218451,353.0998195443342,6.5069463011441835,264.22292316251276,603.5740993854587,578.2537926125408,40.49728657658499,164.0521794459782,592.5925264629468,136.50209806747006,313.623974756373,571.2694777549013,139.4636666520827,367.39901055315227,417.46054770488036,257.82842599269344,889.9847581271313
851.2484182303338,454.5081310315584,457.0086853038474,178.804653213854,346.2631047716374,5.000230958869887,443.00176067880193,593.0084710188165,344.3873674255136,32.88003525130658,160.43098538512027,708.783681760608,141.03163119234785,459.75221402544497,479.38293807629515,155.6132552104621,352.821586026302,545.7273779445375,338.3750167200886,886.3685982038659
1128.6364801699278,457.3330781658693,423.3265332722657,244.93239453751312,289.6654999857162,5.694289390504252,412.0562343814825,453.65548449728294,631.3406370326655,41.948409627196774,110.52229936822587,393.65719167063696,180.37801391114434,470.8836707394141,651.4973594553503,114.15543921163467,106.88140883460719,486.93581067568425,256.7754820291504,771.508883398775
1026.1346545305307,384.47127213713753,457.40796763122523,239.29566099803384,360.32279880335597,6.204834110178588,267.29053940101085,568.6945024691705,476.6230647804659,37.382828412443025,132.7443758110094,521.3007353716728,95.38352035698307,442.38300516884635,550.5260329475927,114.26315641342651,287.84771561081203,446.0841060104901,351.2281244093952,1114.433187449487
1105.2908683876403,349.2838771099001,498.73430453625764,256.74649699910344,291.41051654031935,6.752186768108309,374.58714502310676,834.2856069668363,372.897072525047,40.06952909664819,115.93211407201673,584.1140011280115,149.42376258488392,454.83792046934946,544.5829342828614,131.85253837661244,326.7849239750116,603.3675868806689,282.6732705479192,935.43831444702
1050.1718211786733,320.34242244953873,454.51594655376994,251.56813425366062,438.69973654478787,4.301581017816731,373.6473207118491,571.1847768511893,410.47427455972525,41.28434246176442,152.91964335878328,536.300952524118,189.94386551740695,474.2962115161557,542.275368656907,137.7211171581314,381.94305637320355,527.175852696375,292.87748862716796,1132.7299848160221
831.8555426007008,257.35036899345164,531.7278550299084,205.59746932792245,338.3908884062255,3.9694638324673255,353.9429301360997,614.3072653484421,458.18825966451215,46.90690587723298,143.41901044729465,603.7601874990479,96.99745136359626,452.3225154212124,509.5292892825345,147.92787656191874,307.8586060968764,324.4584793150245,260.94963906914484,763.4535323348354
731.5315615286607,383.3438015673549,409.3023500815458,260.0450052586342,385.3183946916405,5.220631403670672,289.1589855904479,556.2607597074007,355.73204241735505,38.80140602973307,137.46474466522358,461.5554201649538,165.67956373493544,379.0489002203767,519.1528471379311,168.71464473070213,495.69251323169055,468.02682107763076,197.39014591221022,771.4398500669233
940.2169049359812,363.85373302420584,377.03481834074205,183.77466187439765,413.68745859321433,4.91223716086584,444.33527002846165,725.6025025486834,542.4002808574656,38.800010536377975,154.79262138775084,626.6347849606702,137.95466733150508,400.83671544964204,488.3960548110704,173.85624757185587,363.1938301700003,568.2626017187328,279.97414575044456,1214.227881756606
943.3680487768447,242.14163102583126,508.0465372208234,307.3298258285232,431.1818096434357,5.8316705264150475,204.31660678632312,637.0346376611536,616.3839400174769,30.145094631291236,167.83473531393906,841.1273817164022,132.6376106992164,357.6847333662649,507.45728806178516,140.0109934992686,327.75455960783046,516.8448269164285,274.30159135639076,938.1983459693831
865.5018420796617,202.99230400504666,399.661643615799,255.3284509597077,430.00585069078215,5.6742537156720045,371.03952174891594,617.3560477028765,532.489667797304,38.533896715522246,118.57625842969307,543.2578465895303,127.9038359732748,408.42959814535163,552.6595124077995,149.56076665025378,435.5823232921797,474.8670657673732,308.1770777650685,789.9640771599342
969.5586604767591,425.5503098390573,284.0916398366617,267.89925236581445,406.8342057770219,5.570326765856417,340.55572730918595,675.1872467467965,275.30350291777484,47.27903375037093,88.80965500677354,632.2044443282962,149.92196006214436,444.21535464672354,603.6268596741551,200.39558974670865,343.878595558405,351.7854518533582,233.1273465348721,958.757858523241
1037.437266692794,370.35841654121975,442.44446451388114,190.9315580069148,397.2198974125803,4.964626883452066,485.2016654594199,578.4860395247827,238.59725235680844,26.92300319960764,147.03658787234724,502.5212873366586,167.56223076536315,530.1156751625831,532.5757715877435,118.60194762627748,393.8565478928413,478.5680702760932,305.63999266696766,736.3712789978206
946.9117426350067,408.5157780899897,505.4764108412895,263.9023391441417,409.9552350995437,5.771010534624301,455.40814222613346,751.5803782613738,434.6593765646829,39.20267480786001,134.80185636364757,670.5478364802256,110.96254317210153,543.6066536143662,558.8448718847984,146.83926521114654,370.07018646321274,519.292342096736,233.13823266646574,965.3963013422049
1225.0848395491105,481.41988878209054,379.70458979676084,186.36801792121233,368.73563032731096,6.2949032048133535,329.17019983072606,632.7717203004579,469.0459422676285,30.702695119563977,105.63339845420111,588.3263177395738,104.8547767066832,397.18228826212595,661.5137354313547,149.0775105879561,368.5529925364191,496.58712283664886,268.96725204163056,661.6053349015745
1215.3128783966526,329.11175969192726,394.96563924492085,234.4731594060748,283.3137132891468,4.579147792365626,405.77962546559854,565.6169196745863,325.63088088951645,28.18828877571005,142.15871677986803,739.889755733231,150.99743542764736,433.2830171554566,556.89810789705,154.90294129645432,320.06748024221525,593.3303076445566,273.77397840843776,846.6968714657281
880.5205289362667,489.8340888678527,464.51433910023934,212.8476741337046,347.2806150136464,5.666018187906818,401.75033188653157,742.1882370384116,544.8536006182097,45.82659748151943,117.25901382101975,508.9431378116774,120.00183386198304,423.07827643789267,749.0854359429256,154.62632482561258,336.21922054537816,493.6683987122778,285.7462083318559,819.108280024259
1008.471337458801,484.67760627089183,386.84640261074946,209.6339583240949,215.9854987739827,4.91113328888224,436.7739574640395,802.0862129913007,452.5555116511442,40.702926681046954,130.9737242262135,626.8603787704166,157.750315442621,291.16535527662063,415.6161716200322,143.66997510602977,377.47052702392546,557.7517704586138,284.8854515567547,558.7156654405941
893.4826760283634,470.9403759662719,544.3132207165456,250.49327311399279,418.0229274618541,4.103363675306039,405.14706251335815,722.5086976911778,507.9383535900125,44.84623872962771,173.81617555188865,578.8618157572204,153.50990703643402,323.07830624402465,498.0286635962983,149.53818265613057,405.97726961849304,396.5261427447474,324.87314706986535,908.385029798027
797.3067110050257,328.3629838195908,431.9014404588471,199.52851976150566,360.43381907383076,5.972662490184293,422.4989576706041,678.5759460914785,424.58006823360427,37.61125461261001,237.71535220594063,700.3400784997696,144.98889771687925,426.78887984070695,528.8772009852107,194.1480089402971,341.64242629147384,657.9777643902839,263.9270377287188,878.985386884137
700.9670516581814,277.0443386702413,386.4948070867574,243.8648942309808,429.8755152021014,3.648157269500702,414.56267157888334,633.3789897698297,420.2333231486805,32.53683908827552,97.76621591627152,712.7679838744067,156.4811971151781,384.4200494389234,471.07744289602175,179.31619246410258,363.00266691897525,329.40920655581306,282.739197329704,643.8767597419597
1054.6251362619078,227.77266292186894,490.740671305843,184.48125043259947,423.6074150480687,4.480247464941459,487.35040958438674,530.4897901397597,518.881285659613,48.46185585989369,208.31867923471935,515.004023516992,145.01429223464228,240.58285586967193,455.8056384917263,177.08117464603595,332.1105394385338,496.90717293687806,265.7635664497654,969.4833234367397
618.4572736150876,493.70126845450034,449.8871615194443,188.37250396540946,296.2040605163056,4.906175957381203,292.6656253271526,690.4616347198669,226.49898154672383,51.693453553822415,176.82602606197884,802.0413786916205,80.86609542698591,424.4438084739968,583.6424028526222,151.09530675727459,466.9673514292193,561.5620606960982,297.5136113639686,1000.5466324833374
651.510956045701,330.2164761666398,464.33171969235093,219.52214089161484,304.7187074512275,6.06141019521238,394.5984768262182,536.2958085462782,755.0487027683218,29.568377550407984,131.222052402025,557.536654161949,131.2320608228779,322.87471354111375,637.7007035735171,194.98590960770107,281.79177951092885,492.1662499273617,306.46509718549436,887.8180072455099
1033.0877876213535,351.83507205721475,198.25914825975264,178.05059700130025,411.16866458392263,5.929258457744895,357.29448197610037,557.46222475507,546.5968140496775,33.8217391743596,125.55956439058224,733.2528900284109,145.75214596804946,432.9876258823283,490.9149537334778,146.81529862777015,365.28449853019924,498.6304854451691,300.95570020459434,984.5181797837446
1085.567508403329,277.73795319416854,519.594269019825,270.91586227168995,447.0404108555902,4.067196461700292,421.9391488935432,393.64456600613175,554.9522861581671,28.47456966164355,174.58310384156115,639.4067271966863,139.64219645415307,393.8869400682036,549.0856132888088,124.80377241055271,396.3037702593105,511.87918048645616,179.9430998552699,979.3541819936639
1079.7439481614163,264.88577517117176,417.8669069207363,215.68001244673263,298.1642153935371,4.153602409101225,451.3086274026807,651.0368442195835,588.735247229338,41.027784782846034,120.35372968689101,637.5844630540616,162.86586184353996,486.1866151070611,549.688392631892,129.66717171747263,420.4017136384927,481.6616579256027,317.13132797726934,855.1369165383068
984.5435650729398,327.6849333385987,348.58018490016747,250.99907605014283,349.7347855288465,4.689685373684303,418.7304908294902,740.5688471625796,516.5247531484146,29.463127419782218,154.9299977786038,797.5103439135848,154.7535014821691,359.36108836043263,623.980676500529,190.4790462931034,383.4648354643252,497.9344729788727,295.1292310312204,863.6609956005784
1074.0991088595144,396.43461892750327,407.4074660677847,258.6752952903802,302.36921347788206,5.057153836671018,449.4784692410534,604.3962290844963,518.9025709873265,37.85746816196058,149.47169783025342,767.5726344622411,139.47228309476975,524.0122331907037,475.70965846542146,176.43796304130166,331.09699107655354,451.1243557612087,344.34712145884316,800.7368539940086
1140.552797380307,419.5003837631812,395.6451907352243,305.7497115034905,433.15001110556597,4.657177974431792,351.7950279163958,805.74031447408,343.430239249201,19.092053571304977,142.59432833519742,660.833871229076,163.45238260199395,349.8845509404591,470.6239156779847,147.94395255310917,390.7141339093085,500.78937553755827,267.9210969372596,1380.6338723740457
1286.9456846970024,378.54983293610655,408.4261660468041,152.12189234852445,382.66527500138153,3.5167499525601484,625.0964346804958,793.7992575268377,520.2544239128844,43.14599927247693,169.9845935119047,569.231148099053,127.05697199109892,350.7124385113299,539.8600478390377,164.2159448922852,396.7695589976396,441.2580498891226,324.91371603413234,770.1353063062525
1352.843959191812,399.1243123158384,408.2567642477557,198.34118553498635,386.22199324718883,4.11144765809975,364.1832046678102,630.4449328972153,508.11982231344814,39.569009234862335,178.42355692647317,645.3316609036123,131.930425229006,346.741200708053,508.72839111575064,136.04454215299296,458.74964643156545,435.04131253688973,295.28579918103014,707.0412404576861
670.3316286930714,447.2519373951864,453.2154691411938,220.51390062281675,526.4936245437104,3.5366631520511698,429.0737330058755,655.5615664552759,334.93263741867236,39.17876146336277,177.51422961276563,727.3089963501718,145.70703144050714,346.2070783913093,571.2465407869324,150.247384532543,395.3609711835601,375.2778339206467,274.94072333392074,794.6064147465697
901.1756712872937,457.47708111934685,342.7897507406856,270.74137902164716,392.6995081220879,2.8349264221253625,322.2564609914803,738.8967634812611,376.842432138198,38.84419182520481,147.98939282966012,711.7003525979417,151.77910509574582,373.67753084252195,597.8564443237412,162.23867014763513,423.49148381084024,473.10556384302583,275.5840168259142,1243.7918399677455
1273.3820443606317,446.34460085406545,484.5625266219424,245.67194324395643,434.85009147913274,5.820364034877562,528.8148797348151,561.0689554446577,622.6702840280993,41.453994378399045,162.80236258127601,708.6464204641604,119.59760591383262,437.6329743771497,493.2810967784077,134.36781488228596,406.060208925722,269.61803600931887,316.47859296086267,940.2408205089569
1126.4568666097448,429.3988671969292,528.1179897818931,286.76741405375225,409.01145178452003,5.607944925288683,440.4927724284387,441.98015773214127,580.4307163875933,35.23987876704125,174.55900108124027,663.3451842754133,143.02730000430284,372.33411829571673,584.9823644435859,173.05059896950436,366.8807234039338,642.9463191311006,328.69185210045913,1035.8241108641175
639.0393821119866,563.1732961884657,255.76751052969988,299.19269897726485,255.48875781255967,6.525326183870161,485.2093871536147,475.21089058184975,638.954749279897,39.91744385882622,128.50062902666258,525.956501784008,111.6622140212107,287.23901094817995,651.0075955953196,209.2870707491636,356.41579834275495,504.4698182384431,330.3038610252403,1249.9007251066148
1014.9182981018705,324.2841391565921,455.62272539620966,289.88202094239045,403.77359411909094,4.675927790298875,418.0785088599065,684.3552880466539,509.1118141464236,30.114261136833296,93.77405593641853,595.303893356761,140.05874953135736,215.89429873336925,455.972909729541,162.82202924981738,484.3387955130885,448.4012082696088,295.3702484018773,1190.5131694654808
1077.7335379487274,451.13074087688153,320.25848580850294,210.44062209001754,390.7915047942903,5.578033583056679,397.6113749925616,492.4153466947438,374.74489047754605,47.34030035897879,149.20426580794663,571.7691029231937,179.68314967001066,452.2465360560444,419.84375102979783,177.76993158097707,268.53856411310477,512.3449985458125,273.15148192514374,1092.238677100444
1063.8252256672085,345.8104211021566,462.1610608878068,277.58225950782514,236.10992277864057,4.742497593219269,365.22945187635435,609.830512382795,505.2455286938937,40.692300991511225,174.0297638055505,873.9924452048684,101.33075209061722,451.81312101158153,585.5101365775139,156.66536029834032,402.5077271172933,439.10508822120835,343.9952994803141,876.7335560254761
893.6310886483764,369.1465459882795,425.43164773932034,255.49440230282983,318.56051480812226,5.4852401097423575,451.8911785563666,575.8977593804428,563.7797072544801,36.77814908675947,180.44847148186813,594.1657900830578,152.80666949832997,452.4043048812607,510.68483441109436,119.47384559673898,334.9555661075348,476.8811444030003,283.18818141465124,901.1178371568319
854.6208270349027,287.69494732952353,386.89657698945007,232.92963881580198,460.83559799717625,4.208906919873257,471.35019686416655,670.1790341128192,339.8798265036125,31.979919829093244,152.43204228725511,720.8196070602852,161.6957106188919,405.0715753558438,541.3013536527822,199.77973149084656,312.5497087930472,457.3759596944383,270.139229906303,988.9844844164503
1051.2249216249745,437.96297542206025,459.47164954891343,205.66142660018596,378.1994047973043,4.9003343114169615,430.9751203343966,755.0840593072932,516.2105756056832,42.768942482447365,160.40646571261374,688.536075027458,131.44439255963223,371.6805801467234,501.7662610332499,172.47191432940224,387.74230835740195,600.4675906573586,285.85758269867165,1088.460435899554
1034.800882756699,367.7901590136668,333.2147138221442,177.9857088911052,460.13180820435906,4.106039525304112,375.8395531331185,485.2061424679748,406.1142783380397,44.895396312125314,203.67126485596995,868.046761007655,143.21782195558123,489.8029081421642,516.3949054535448,151.82443635732153,259.01987861784477,459.85176695633845,280.5907042477554,1007.932140421965
1001.1489460488768,412.0335687489118,360.007102545935,206.90508853133696,445.9900443537913,4.638825193514437,414.97317704583446,604.739314528986,503.4165346097417,31.823025262078055,185.7738661761699,514.182477225291,147.31216215593986,408.85359984765404,563.6373872595434,191.99483071580894,302.2543313177059,418.679897580673,253.81644992823917,787.3230155458028
1073.844109125142,333.75094378604865,505.8818964337603,150.77119558126049,309.97270434477446,5.288510055863919,324.843453152097,849.393537371666,366.1119321202735,31.808825047208654,141.163300977663,693.3633652323588,96.76489840499431,433.6487401556798,536.4829940904756,198.49430029795582,388.32329390872405,414.72291179852357,312.4158386886701,1073.7902042109476
1010.317661645913,442.0595959726545,404.74303667132386,213.18055609483804,322.63260919060906,5.508093606727061,332.25657066024695,680.5990112072873,482.2383685306524,36.76393228842891,122.25233123888725,577.0076839353383,112.93563080258083,308.00856265662424,354.57433124780766,153.0929567767407,359.914638591151,517.5346959015035,360.11452352467734,906.1469300781608
967.590648210316,336.38104643281173,447.34993792783797,212.68385356315986,303.3419170730546,5.680488329746927,407.37307390091945,666.5823829098239,634.9410925130423,32.274108413396036,155.51576125705492,452.3242830151986,135.541889006603,371.9638533264956,574.4380222367424,138.80607597139684,289.4309738097163,504.35792844887413,255.63922137331016,608.9651558773749
865.2560294871377,355.42938293182834,524.1553342636855,294.1264548853033,424.49595782416833,2.4285716572565565,323.23039927290273,616.4772101486702,531.9898554119408,43.95162865384367,179.80814179013385,793.3359063674893,172.96956167737477,433.3846060334195,588.8656117715618,175.7245483702165,370.0564376785071,379.1041905913038,314.9001987435486,1287.1683679992
933.3774194523616,374.70537522413485,421.96039792791146,219.33355120598043,452.8360356304195,4.149273459285789,380.23928111204077,494.8587167158662,389.65454470877273,37.093575792999665,168.82567709263984,555.0719882557983,148.2511340320284,428.39011832440065,419.0022650282827,125.44205888931833,256.6226059333468,588.8652318065601,244.38426670395785,1198.080548920398
1042.0275592478356,441.88924482737445,340.1088091071348,274.9614442511055,260.7941360736299,5.027854702974685,446.39369306687934,538.5038790207216,604.12398510766,42.44417718242863,148.4931696859444,587.0796421202659,93.48871095690038,541.5247675949211,527.8714436618228,166.6150398780456,333.92936668517586,467.09223481048105,335.02043156828677,1001.177121795945
929.400355344683,405.40771393703307,308.2825182535893,332.0332413022272,464.97681719723136,5.828316323038708,478.18754422832853,456.9990361248159,411.32580625613656,44.49324957571649,181.95823095222016,818.1193500150052,99.02216391807984,486.2617828516196,476.99189912606187,164.92134720505788,353.98744774936716,626.4088774894743,360.0044786130298,1007.2649842639264
857.2662831814561,367.646247925244,456.070448128284,252.42016585786195,431.4417352373934,5.415537887570013,385.0186180253842,688.789352809448,421.4113236166733,31.411754912128245,144.8624836410005,498.3907208622801,97.811181681472,432.9916582655907,502.99903456217413,117.83536949525339,354.2067716114372,454.31468701525006,224.66779207318245,1143.0799815120834
1131.0406712006352,362.9614450567048,372.2713889662146,215.90971467061857,341.14669913814043,3.480683323480333,471.8190133006299,873.1458410025853,515.0122914922433,44.566012674937255,183.66077574059943,818.8449664279315,136.39357657542004,572.5534470759862,662.8600963276917,132.33066377042417,375.95786371538975,503.31809706242075,280.7668605590827,1103.679659131603
827.29676775808,459.2109536945002,480.2526320454458,241.538275525058,368.7311072165452,5.438965033586921,410.634616018436,638.9106576640389,474.2721655646466,43.32431571400252,181.28724252076543,486.8796534451433,136.37287610777366,330.65601103883665,461.38175205564306,138.13977412020301,167.3002017592961,725.5243174380453,322.4225080207368,575.4456671825851
1217.1448075174512,421.1340027469224,459.43497020260406,228.5486239866828,411.61311113349456,4.542372992088652,522.8768299598139,692.0810246882713,572.7522976200803,41.67730416402888,127.84879460093146,428.70138806053296,138.51498569256955,372.20236525277176,509.30168824962635,180.85904967619408,213.34672624052405,441.175585588579,373.81958444646034,324.6080845213827
693.1629767903161,397.31224152642386,641.2416045418792,200.16424483927955,282.72420353096,4.558563412155126,313.0345180268983,730.3675803295896,540.2214661612135,19.437515928442348,137.8141264914651,756.062717962777,102.96433625956698,444.17821734238106,426.11025338238426,158.66178630905785,217.61387103553471,274.73360094805844,213.19012497040228,735.8181763618203
1027.571632643218,319.3824042783175,268.1136709184834,209.13925968923138,362.6391469063768,5.320588187533227,407.567678066505,633.0283933795266,520.3421003552344,39.12799807264685,161.8914219033784,419.96544479310853,112.0390448341069,378.6603546539838,428.165159899131,126.9104522892614,346.98251080689363,420.38816783949255,335.70117765307697,923.8116067824544
744.3897020564141,184.42408037795846,333.39729811802835,227.32525383646782,404.69582869292043,4.855854270400056,484.98834085061014,510.22244336941503,409.94688002708796,42.997934874014945,138.92586317252687,544.826368531071,164.5792007875734,424.95953998781704,526.23856065484,125.11282432883282,395.6772870108988,459.67545760645095,252.36367404527795,946.8278871545643
1076.186040940455,312.8803418459938,469.6812663342593,296.1019672041574,356.1802413121696,6.011183317513887,425.5079761228894,613.2367847776922,462.9970772322478,36.723761009348834,148.43227670965098,590.3184570550941,139.31851765859565,460.18865029286167,437.26957067550546,145.2651536404666,267.0261496194443,598.4455826402979,350.7373157429045,1210.2811477018004
1004.2724203324783,386.3259746130028,358.0573113412301,249.37650085677484,390.92352120596223,5.88588900630008,459.82712265664344,605.2936683702848,435.03556582131176,32.799681219152525,164.5202392373957,533.8810495220584,154.32693245518485,305.66188792192753,358.77894764392477,160.4388074956053,466.65458556347545,504.68503196567667,319.54569201708915,1184.8585066469823
1017.8647996149625,321.1996713343788,530.2774759508756,162.78864349225444,374.2454146760072,5.200065939794774,506.2424182769756,617.7665112688725,374.3792160945001,35.461711441417236,185.5647055046152,713.7348625434056,153.38824833735453,216.12640484241825,405.0398011115507,135.9889943798881,468.2115859336645,296.3570715166151,316.2568729543188,1206.9388828099848
1071.6761541212902,262.1030551459403,390.17647822016465,214.9622156198321,464.62437208697315,4.42536411583896,454.3022453034808,654.1047704897846,301.19530380077526,44.42590329891266,149.7987436183884,623.7421042973617,145.67935601345016,321.61547303565294,424.9024318797862,151.84793841488516,342.2703506301081,509.99770827253406,333.5519152899734,845.8122198516492
906.2144047994019,427.4186039681915,361.79896780536603,220.48859753250503,308.9643767462196,4.00153680785499,490.5783276585339,474.6198866503056,364.90764415323605,32.78035295957354,171.2792879895739,650.5128203679529,125.49781341801778,522.9125179420685,466.49198670689947,119.71725318431537,509.18470459986327,477.03027348129496,317.4561186815836,837.5361604007974
1229.7422015056186,368.5815073804247,379.9242741515928,260.5067211251512,321.626158210894,4.064281322094692,351.9501191774883,562.9289913487368,395.3269927782254,42.969932188411036,158.91683859308358,619.5217533062663,125.40800279180083,391.441494402507,622.9015524169544,164.95829175381868,338.0081364607877,485.3633109870023,271.21573031576156,1070.432550329746
1179.52982346821,296.45969394692787,517.8837101076807,205.56283596848198,437.9178300429064,6.299481441529142,391.86601267460145,498.30657072060546,482.6228501175884,43.092983559597,134.7954133216855,646.4785311124311,139.19164760299222,346.2211316894816,528.4421269333261,221.04620122502837,446.00626560905124,518.856998415972,288.30253783854533,603.8902503605718
778.7313299461538,448.94822146680525,447.0328510606969,196.09774371900707,380.14666269045875,5.7326354855445025,417.02970814523326,714.8256695887683,509.45376467412814,42.55497444638681,178.48808532920611,627.0297909762145,108.81987878702276,350.8094774275596,604.6811263263362,187.2107740322478,333.1601648413798,485.24829544342896,254.27985416369907,1123.0572760873633
980.764794917584,328.4809402564091,348.7120244214227,188.32101819837072,408.45112400861944,4.443734886053339,332.2131497444791,641.0620769350666,569.5811418780778,39.16319454904339,147.33559998529677,783.1567253116967,145.9572640773078,411.1356962536719,512.2804908085541,147.5475983622237,428.64150487070316,351.17653458252903,334.16273521531764,849.7492933156641
638.089677494798,401.8805214945871,405.0732451811075,297.0806692793066,308.8746056504714,2.8014588180259232,408.8384438186744,563.1006757807727,423.49949429035433,45.27835829529865,168.53996067458974,310.3608420659695,104.86841467584694,608.1779478447585,328.48776707071397,142.75753184041167,444.9739046496526,408.18616021431535,379.779813749869,913.8576606005281
686.0749418413313,347.72241748140146,281.1872325377041,281.6290663206337,323.97129088917643,5.71269845658903,538.9166033088238,650.465164156483,429.5458699520389,32.21474795263833,203.05787148085267,780.1643134234289,175.6477131977781,433.70945220665686,555.555723856,129.4914701007227,282.05717835481244,434.0753565426985,168.74935695502558,628.2655862795696
972.8441388080329,261.86861898634334,278.96609973055354,294.60455796513526,394.4523598066847,4.668317416960938,348.9460114932341,367.2305300685931,522.2907724888508,38.33339437929436,180.1219099191194,873.0053352204853,135.73435798269927,378.17103515723136,347.95400224878654,128.40646129322587,335.0447707544418,519.1496272143985,209.92636209615947,889.7829061499216
986.2507951625004,292.3339869233013,354.5696736993918,295.34043809709925,391.61689549685883,4.109811239188333,440.8766226008936,560.6751901131968,607.3728233156394,44.99392953269665,123.92725162753074,456.8890982028054,121.03084616649956,301.49890164628215,593.8591585383995,151.30586667253786,305.2603080667562,583.1379491432542,353.52886318451857,1006.1314639469789
1120.7918718962237,330.71002860519394,367.0987165517283,182.71153904947653,353.2900228867322,3.661420505095605,432.605548260552,632.7519775696557,487.7733221787746,28.39240839533214,104.2657883292548,824.0287354131684,177.50149015069223,445.09639483330443,580.5348824440407,117.11741090350732,326.3907834435097,505.57416896211816,367.573876020674,932.0804932503187
583.5769392584996,424.8409526821691,448.41195549346895,174.28960231915124,338.3379985452242,7.249150807811354,395.7396296739212,531.8649385609344,430.00860773608144,35.33938084782888,186.00191809539507,616.5186142937973,176.44612836081245,513.2349731577596,606.8070379765184,140.87629261557396,387.6893399649021,532.9011253909719,220.75409610946974,1158.367613407599
903.6078600456907,409.6979937670821,450.20528957718045,115.02109146443165,245.91979678886364,5.230507161438482,333.8201670318949,846.9333085460511,463.12632107139257,39.67653385485542,122.98640253023117,527.8771987366014,155.09469774117485,519.6442628827721,507.6727968344106,125.21186385235522,327.0486081670977,663.7161864111683,305.70840230942247,959.247153984514
1163.1518356774034,430.87026159186956,392.67796322779196,256.53895341054965,460.3170947909303,6.116259975609604,371.275185389869,605.4791537862989,429.7365014748046,25.926199638850306,188.0775829748329,606.0848779787149,139.34732209459148,424.1129317883931,431.4181788194968,167.81392846086982,214.55073184072802,359.2675986157567,381.2292470960751,1156.2301777600737
861.8750978467691,310.7525169491039,446.08159633091816,201.47151316275767,259.11950173667407,3.3693200867354136,415.0221076861232,452.3373163872018,368.27542642228195,42.81974778569859,107.58395827994252,778.3495875539185,148.41148365956468,375.6377441056982,606.9208915931061,185.7594816468761,375.6963499305479,571.5548622292565,242.98905837712255,778.0194272540638
1117.0577956023726,389.5168690064966,293.31554900261375,236.1444849800179,266.93130597692476,5.330760652693755,407.53887982293713,527.689249891627,444.0905183478381,32.641709490763176,174.42009023336402,624.4052334668941,129.1936238685011,363.2460357345372,625.4303314859106,136.34812564014817,402.60277575436965,390.83142974431274,276.26510541359806,827.5063842233774
1072.353427165145,399.5917160112972,349.94423875227824,200.13159186653004,387.72316145941795,6.0077688218395355,481.69510891415143,667.0935130875646,445.46460650898314,41.8580064408973,153.2976874968862,467.95902325785306,154.05560738596193,314.20980179844435,479.5492738972957,146.39308454835714,371.5422072235976,465.8113082527539,356.4250492685676,1030.0171688712367
885.4008802083313,243.45285525693814,374.0618881149355,186.73188630934845,328.7821494916635,4.926679985405924,387.2397281583538,550.3429722993795,450.83980326205364,37.6877883120755,185.1577715674641,804.0003756862222,171.64142522654492,463.6221038891235,358.0721770872324,118.17101479517889,395.6300739326371,547.6014441871091,294.6321507215485,1132.643284267962
906.3993741490223,321.2815634009225,394.8062750831292,223.40651095612066,475.88955607485553,5.099188502026732,425.5600615670734,571.5862523074213,495.5253285583868,33.642428934865826,163.84546639883942,589.6503885261377,126.93568616146695,446.74267532943827,419.11570331125046,160.58001100532417,392.66645347673096,481.1951372017033,266.8062998108256,851.9580462312383
977.1463559334134,179.30288135573323,504.17445290502604,254.69775802177773,351.362073654361,5.42249972929755,378.4661250132337,627.2484673568114,409.6722616317559,27.528905116711428,187.0136061413841,712.1801164639379,193.7827640387996,504.3533363543407,426.80206914100756,214.72852301403788,439.55425202299784,490.7009040857288,254.60877743096137,1069.8458107082245
935.4902057603207,353.53015520205656,304.334636062075,233.0711648618128,292.18679823204025,5.81994311589964,370.68300098930996,832.8716994591501,635.9269456221876,36.078328500731104,129.67700731682268,695.8999740417191,113.76270570924935,343.1138848785597,669.5793146360272,133.81986232395707,411.5258098370923,588.3612149450887,260.1555409688676,822.4519640433612
1047.2585237978178,361.36413753772655,493.0708566227836,188.10534633015135,378.6774983744747,4.039126895305642,389.53066971946123,551.940557044101,414.42030904401946,32.507057301239996,132.71585681960624,827.3528441701128,171.584848408273,391.18820521910476,641.0474452162284,134.69662916270352,349.71817492134227,642.9828905065709,279.1882526919761,1135.4900508557791
1045.9711979662404,391.4034910821384,375.8099490848198,215.4332456415559,393.2120274398406,5.070909693035976,352.7645325626494,514.2478295210009,516.7547137925529,32.686481321857826,141.33247877024004,498.37113708355423,145.83342089783326,441.1075673033089,324.79394410576447,169.8678487978581,246.49350480367644,432.114789063271,341.41778677543857,813.8697761536291
815.943513250774,541.9568911187276,506.15912936545,284.83402865134343,280.0906229821618,4.795657880025843,368.08604611954405,837.5775749896386,468.8147021717379,50.44998502057055,152.68874431171935,633.1706680095365,128.69881421110472,481.4460508985984,524.3024418040278,167.64096443295082,541.4275850056542,601.882214099009,300.0429218024457,1215.5328187960693
1014.4916824833862,282.1647270063636,482.305295856171,286.89728433841236,340.88558562416915,2.9238531854375474,390.2626560519379,526.8583606084416,379.9530837891365,32.36861599474825,153.17690393271428,879.8426546516321,153.30575856204612,461.8336656080228,623.040346098874,118.01627219994421,463.4071335875833,670.6336611529175,373.18833311267747,793.1070272375324
840.9641731673266,294.03500210566585,465.90635323711354,188.8127686435159,420.8043432471525,5.1064010330535465,367.7948755824541,816.6251016952951,568.1733920953037,36.81471817839766,171.78945626716708,563.0021770329889,152.83513813732134,425.17176817448126,516.58788425151,166.42923909403035,334.5452563102367,466.5695160630614,315.7942117781408,485.29927839273364
851.7122684799755,460.2235944390321,437.1256288133696,274.0403104760674,336.03213213669164,3.5426420998994317,364.7150244711507,742.6542201541746,453.86224485729485,35.127336582005526,186.46360966054115,680.2697694132863,161.21408310490955,426.63184559803426,487.4506687777384,192.14231777664625,449.0020640456229,461.4623881265633,385.98079018542177,955.8337025863883
1158.37390492535,334.3302872694057,459.27237788072375,200.50185956065934,399.0556364065143,4.988348499972847,409.31308894720246,530.1037171606912,515.0502444896342,29.222347941367225,128.07022015643,699.8680374046994,176.4650189754381,335.82553546383815,631.0094861198086,176.19133177826902,341.21794320054534,559.5608169398894,293.7344674494869,989.3412638951094
948.9772828026195,346.1091405181769,346.62746360547743,244.60763518115556,317.80503281999347,4.9368021404691165,382.9311947305701,579.4420634270273,521.3641269431299,27.381679801752323,156.52506893078004,834.1971705017384,196.70360353141274,354.47856406146695,676.4652509150437,129.10978757273745,407.09343163750555,510.6997691859741,274.88648559776965,993.0634016861007
957.2000912260111,345.392054103435,249.25032190537524,150.54523804615917,503.1070418650684,3.8793185924279685,425.03790359895527,454.51233387289017,451.58853454082384,34.81465333898126,162.03786982365392,712.544159310192,147.81609568968767,565.2819986428376,491.3195692245653,164.91071077600475,457.15678328058954,545.9541426248386,339.72074214032966,930.5325250460687
766.5734426729766,315.22967176288506,481.5999477601599,175.8552739106471,463.23181905408177,4.683293098558389,518.7135869151443,652.6243434281162,508.1388192101747,34.39958127824456,157.3129367724125,675.8258478674041,117.51797201977365,294.7241510138943,568.5140513852224,171.83178742295766,441.72534646583523,585.3078605806144,156.9050564806928,1202.9874259191122
736.2629498575916,403.123667088415,394.2532931770642,273.4141965924835,459.9079321305626,3.718672145335569,428.11913140194554,365.24307538194245,549.0903327120694,33.52628181634347,157.39238402988644,687.0923118187719,125.28802271231329,360.34007241013666,545.8786000619227,168.7217804230777,375.36911477272685,623.6884473434872,372.60327895647896,942.7309282701991
828.1062899671438,336.3042210925374,488.25472946671687,204.34070585267793,409.57012402870015,6.561286824944537,283.1505063053532,704.9188743564955,477.4895831917485,31.75976514446915,134.68658932404716,505.3221538469728,144.50819225179453,304.2761001424147,451.64515760196673,164.2782529235048,416.08972027271193,301.337974026735,238.28582712458032,663.5538316122852
1018.4716545433535,369.44049084690266,402.1356498448304,242.89101698929147,532.8951536675814,4.612766287395879,358.6816276181788,754.5928285429062,516.6433397707676,25.56083760418213,154.47798491878834,790.7384474288043,124.28788838242264,460.87820919335434,381.41920986357206,169.1688772175161,269.7820934850091,394.11231600233174,271.0963618904477,930.775930842742
1169.4143122392336,344.5908037739418,343.8800128570474,285.6249076248385,316.08517143896313,5.598294678505562,411.09373618387554,738.4405712725653,553.7370942490605,43.04385670621275,190.699619367756,637.9397028122581,157.28827809047968,375.87231076680087,447.5805121244327,123.53764710708482,349.405958763362,505.5623772067192,341.09295876390627,763.1193489813511
968.7152532309894,342.114580818519,248.76040611259035,190.41041078681695,310.1138731217212,5.951144115169754,491.9970594222719,849.9588070938802,437.0838168027887,34.402856611378965,205.58120083925908,601.4979763251912,141.49284824089082,464.0267006221644,556.4686582694311,124.6702651467904,284.82843219775975,456.1310139347357,366.6666461095999,975.9523462172663
809.6642804038644,326.1576749783889,527.4885830786676,256.98589556569715,312.9073712960786,6.942402183521962,444.24380836417146,624.7585451836774,345.80917134739343,36.3104105782298,180.1323232889083,629.4364730005467,152.74577327373242,429.21344075835424,354.34924530793546,137.66415682333067,378.4764498837258,401.92103800971654,268.1209907467039,769.2286022114874
908.6601565239113,364.14185703100526,487.56269397565137,231.1300595747973,387.2129271578517,4.979018833323481,450.80091836197994,535.9972166148743,578.0902385320372,32.0442324681411,184.2102792766471,658.7435726888403,105.5797693282286,287.04835624107943,504.8771723655411,142.25846347557678,309.9655140213207,321.1310036142444,302.5949934249332,966.4779126978983
959.3036816627205,307.23594879476855,407.29300043722515,190.9986569266977,368.33795806014314,4.98813877420971,402.4088890344652,689.0145333786609,280.5522576655378,29.371842554681916,160.50981027905507,525.0554657499702,157.62318806198536,422.847954973473,487.390690906699,122.57165126428731,278.6317587773693,448.3784030182942,410.435571044771,1095.132116896584
1011.3000866205064,302.3272477718907,406.4308735404732,249.48117583004003,372.10954034448713,6.339662814968961,345.4835525717739,611.7892094816533,561.5054127962991,45.07721499416901,186.72556402342423,711.3469409019837,135.94223866747177,426.09337413174757,687.117722800281,169.16399197137787,288.84020417927474,573.4485062089324,265.9277624900156,912.7163429787147
972.1807055386951,216.9544912416151,445.82527840003854,250.65971943044187,450.2145796697049,5.7041384874290495,435.5718697283214,443.7144341689119,295.1828935942965,26.5969316614869,117.16071527535294,705.3816189009191,163.82609283878082,421.9556002125315,509.1928422515499,183.84843738364103,405.7531264583181,489.45667607625387,334.65477710085696,1104.13638066785
1117.749773459268,312.4601021487541,582.8748427936895,166.59259227679203,406.45881891573055,4.923057079581108,474.3197285017853,564.9631103705685,464.7785779098878,41.72490232144259,161.8810940979102,606.1806000433448,120.8504790220075,455.40725984266066,418.8603510094267,136.72567871090808,417.4099806203187,444.72100645583316,314.00345195730335,849.9816167791159
1139.7863697241548,306.28534502590674,472.56316584602547,249.85452988995624,342.9462478807547,4.474811445694753,382.84918642432007,590.1369185089912,408.03614598769303,37.612805409296165,146.7561263384513,740.2049137963228,134.87464655873072,348.1466950613772,640.282697775234,146.51799405122443,426.56732069647273,407.92344168638846,299.7063274056643,913.3898005245085
1416.4950260502637,374.7333909821877,390.4925697991023,228.31582203169188,315.1496236643223,3.5846893990873028,474.8660366859244,461.1228414963156,501.0453890888324,37.71984524190645,90.54099361472439,817.7977343062913,172.18512054321542,512.6174370393176,527.2433767791565,114.57610280147256,288.5886493043235,458.31462376050587,205.3850646950462,686.9853279935909
818.5691187030268,206.20376259291902,400.3837326104947,145.51651163074774,381.79832440601166,5.086657008217617,331.8683880349422,771.5253270286702,561.6518350096111,26.8836324662347,122.12490738907915,702.1484561371759,145.6148180001014,532.4620621319824,547.1467126360137,172.45564803049135,445.4893028381005,466.3228396273419,402.3304110817804,929.8413961735824
896.7263096753768,372.21430305649574,419.8347185355681,224.77599303690366,373.23106836609816,4.500354698784709,445.60931378812984,838.4241079884837,437.040312796395,40.666964143141,108.4163798420775,649.8184661398035,138.2570347895139,492.0196341257295,566.3245843218244,105.14462213115917,421.3789078892107,430.6931386830649,260.0779479643068,1185.9059837916445
968.6025709239623,351.41060470898776,389.57514159421737,265.41168241679225,327.4015104139196,4.838185217051204,257.4330257161191,576.1705745359723,384.12444896748167,40.60553074955932,162.63937234572617,801.8076544035706,206.93354211897503,368.96739220616377,350.7211587794951,148.68498734154855,282.9373601257587,701.0546621128319,363.6789631266412,759.6741128939142
943.7721046074694,299.37991369575656,489.65581725412585,188.34939510370467,319.2627276744211,6.017517829013348,269.96244709187056,570.8066280701806,532.004167925943,34.02374389897545,141.43630043493278,784.0393303075109,108.08518143413254,349.5096364585788,518.5733750167831,156.54586448272218,325.21154202606596,322.4453452398745,192.55964681594918,830.4221643198636
872.4284007190347,315.87591935625693,445.8064526353695,234.71081511068064,347.6160191328726,3.979454814439059,419.77606766692116,678.9160310827557,642.0237478680663,26.96220118979906,107.48715708164525,591.7460022459004,152.09597754413522,336.0032114226511,524.5936839504225,132.39508960011517,374.27200005028385,464.04405958784287,261.11250743912495,970.8473588235619
1080.9213872010841,444.28157607615793,433.35453159672056,219.93920350301968,343.73915792142486,7.117227530476455,407.66820189966705,754.8372530875566,387.6640507508662,50.94035381874627,141.4584109740797,583.7622303696187,124.07951229521655,377.85330140986065,669.8021606423131,160.0640777956366,379.90736169766296,603.2488074281482,318.4489908513425,478.6976526362475
1356.0367183098226,329.93039764998855,495.7517631786573,234.8225022815501,444.5982179527507,4.5284047490653005,395.4736166898825,670.5174113059159,566.1553804009612,30.77788161281536,141.52441794354237,623.227986813736,168.80550630615818,415.9832573721889,391.5306686714162,165.80729987716487,337.02603479868435,524.8632921038652,291.81560910699864,864.8482166331552
611.451399579574,340.9261311117307,455.71769019144483,271.12984262045404,438.12726365349613,6.07793572489227,438.722317221635,778.5085885420276,505.0393494112153,46.144398414791276,161.66800272189647,732.3367269929438,134.13822096109038,428.95608569491475,667.5280560977976,140.38116574443146,377.49881761065507,351.7933518491932,274.31702194868154,957.0612894166462
840.1383219035189,342.6593717659995,554.8595771865744,240.32385058594713,359.4098964966564,6.465078178473241,469.6700644174702,485.6307712869688,585.5043594739843,38.07587331914451,175.71890293847247,802.8423369234615,143.72111046975556,438.904721032754,509.02834077771365,221.72649537132042,445.38386374088094,466.408417012375,311.65351453907476,742.3207544264233
1228.828401114581,338.6276392310506,341.831406397353,267.5414158523103,390.80687758168546,4.4988812738008495,532.9011518035452,707.0199487423824,559.8194450711502,50.32405521685086,143.27676352491713,514.9396027297123,136.7802721578988,299.3723460453398,714.536041790592,156.34019277009062,294.27076696869744,538.7109276678815,277.48113310275477,1016.2701787873142
983.7911796476076,360.4514296591719,427.43640578927216,247.0253422074012,306.11118811230176,4.6656171630662655,415.8557520039333,608.1466382769904,352.7614359132856,23.611617666072316,115.9847748972465,606.1041798539522,145.16935298622363,461.1439528122106,683.3560013670576,204.95392619735347,363.6866170522588,391.8129335251374,261.0175689236627,708.937002044881
1096.9239710264737,309.98749108450835,430.2556842624542,230.40291809594942,369.9562123377553,4.724746240051619,312.2843646059666,498.2912939421307,456.9954125162446,38.806951217938845,142.9007314683213,431.1499694534824,147.90192730561208,474.9806012390284,416.9216949484678,151.80042984447277,340.72826951705065,362.68394438554367,336.9267533948189,592.6714561497879
1069.7152731168123,245.08059645516408,321.6240689217337,270.9723555653361,282.4667290480456,4.712687501733845,365.60525276276746,691.247918538982,376.24098867131164,32.49914320973811,189.63715476775081,645.6004482996133,157.7777105509914,317.11117501281626,358.1568627138935,124.60708126401016,422.7381212111851,539.407542594646,183.38317534017233,871.7336295859799
941.2214515960569,298.2476468854744,348.27160700020477,172.4378880607338,332.027481874441,5.495393098205678,365.3470358375978,614.6455793074964,417.28915482159283,33.14692945984923,185.94814359026282,545.2323834796309,110.23206798998092,349.2224952041894,527.6944922119334,172.2908938949638,251.3589914193878,370.0035100794604,347.4895285117705,992.7478653355212
984.6773903479932,306.3511082357098,387.0541230024983,196.1565369426027,358.52247276192156,4.451863911112051,463.00671758903263,726.4453089971878,477.548817988421,41.05182712362134,155.4752453846306,605.723953417784,129.70022874579817,452.0124072422888,566.4819539573119,144.8008212200812,364.28329224935504,489.050401529179,218.75627302796636,885.6299252599881
996.2241950868854,403.92719497891767,372.5362285207947,212.88900834933307,353.701558730304,4.896236964036068,430.75736667267336,474.39288209558885,485.60597057109254,26.45548197668292,172.36652788815505,625.3654932796395,123.6501901733979,333.55280287405765,572.3263544200709,161.85397907367002,293.85191848742824,556.0671482765285,343.60833373754195,830.7874373964029
1288.7985521566336,445.39679021003315,544.4241805515528,213.22749416036683,254.81362521271382,5.319901312693526,504.8014780140901,652.5730133163967,343.91881630551063,37.24261134049556,128.815187512494,763.744523659817,126.8174838241004,480.5985793310124,651.0440319282823,140.58880745339297,387.0710559898113,460.82672436503316,304.3150889855803,1005.0258790979701
1188.7282979760746,446.3914500178553,514.5126554847975,243.8435672387562,403.51549776984297,4.102796010863662,349.1897774295257,628.0954656898709,308.1104882641704,32.81060017749379,154.76606035352683,683.9940278751118,136.52330826102602,194.45434797166743,409.1346073713325,182.595132648374,320.858562595047,503.60895029733666,308.0782642494351,826.5173283936598
816.008971515456,314.3106880984754,408.9222818699402,195.70454068505032,492.0552733348966,4.677580868827932,366.7299794676099,758.9482218350273,533.9378736439972,33.056589066713066,125.05870922460531,588.0163606611734,124.52807941712462,521.9630736357954,523.5709779335826,144.64632780293357,452.16325475840165,499.6538965844551,236.54229341300274,949.7189895475965
1196.1248067210822,276.6577714233391,376.5072239530544,221.24316419889857,387.2731770305837,4.474972792774742,436.7178138546686,512.0003317532388,475.2092849452721,36.82928676772714,187.25169555383792,704.955522865381,123.96012631366465,383.87389131723694,404.9943524932519,191.09573101585747,436.37085970644586,489.87137769382304,241.50409057006638,950.1057179784984
850.7129817938621,275.5059072015927,466.04504989950624,177.14452309972202,323.89658857389895,6.436005497256313,426.3149240934143,621.879464689194,564.8923953988245,27.20518109124687,147.85576371145066,546.2923014329583,152.197114801851,418.3804719389715,527.3113351727745,184.59106325353974,336.6361937430588,494.60027557578843,285.39561262668553,687.0424322294834
997.3880213233191,468.87958645358873,536.289324887518,235.51411583766094,375.79426584496144,5.634233475375067,454.520848339967,618.5453413748495,478.38636309200115,33.48544074709715,110.22139329417806,584.4374327705772,110.23165443978786,397.8524899975594,474.33207168187835,183.37358660752227,349.58049820485445,526.0408827424199,257.08589531424326,978.3363562675847
756.6503935244134,502.7958346185236,499.8365438769869,216.175930092481,312.87589442097556,6.048790607466179,474.5658397998688,603.5164469352746,456.4152121816278,36.65357554985793,166.22257622115424,622.3481295919596,125.60669381326666,558.6229872737722,440.13973609998834,191.93910657697907,348.36428680980293,438.3071983923089,275.3159056305073,1200.7968053510572
1078.4271546374287,454.71883746576685,382.462807772664,174.4223471050219,312.4894171045474,5.319224500044417,316.56954376372755,635.9020695982625,357.4127919557634,30.56426973899302,161.355285030108,647.0904271732131,133.20457155241067,467.2985889198986,454.37109342473656,202.7561036246776,372.0262504309979,468.15350654153383,346.2104928362033,850.3632394676251
1083.8141939571183,354.9937911716039,430.61140126544814,304.2534992047012,405.5512206083123,4.469586731776693,442.23250474152815,861.7819865772487,604.7426352486128,38.98893100424748,149.77671254516292,615.3277679092595,176.97016474660697,463.0652985963461,690.4149179899181,187.02501241156682,354.64445794437887,402.77426648298973,384.206781789802,847.4599163214988
948.3631005726223,459.9364388663479,362.5417280940766,168.28446194364122,374.89599311375247,6.989541367632852,367.0132711722017,722.1544368684755,433.8526286829318,37.9061822723448,152.29887249026817,635.9219035162348,172.09793915510892,452.4797271661363,381.5914689598155,165.04632750238758,406.4167039100758,447.69159682283845,329.0217889185124,833.8367018269788
946.796669885789,458.43796091618196,320.7181501292775,225.76804121950403,379.14864674706337,5.528955251560973,482.51462305349435,465.8583659459026,524.9201702998973,29.416903170601493,199.16332867896287,498.0715547812555,194.3399429687746,435.4883142524469,301.0890373879738,202.1636069248894,328.44303881332576,495.0238786237045,296.08941075295894,595.2811158068042
858.2082700574326,405.9435658766437,458.76304655608914,212.07638144393889,371.2671659901966,4.099163516190294,327.8620061057611,434.90059074016096,562.3207623020317,46.73013911335087,116.16207063116711,595.0789747872668,136.35777345617976,350.5915911109727,427.6121119953512,176.26905528665537,343.3474328455102,416.97052060222774,277.3891255082998,1092.6212300940683
942.93935689294,362.1665127830901,311.9260161972479,267.16897780457134,460.1552389452437,5.586135748664585,531.7601927683663,731.5336509682373,489.2385574934062,48.277610849438126,103.51585073820371,574.94804122999,132.65792418366038,411.6377551831776,625.922516721886,139.07102794972735,383.63038150958215,468.4293863972538,225.87953009752977,732.1402002942191
1128.7971725002972,348.5924703790523,275.68890806972695,217.65053537783692,329.16943068940566,4.621259664894804,479.18223127769625,624.8203338086597,594.291620876465,38.0170991908709,193.90428305411754,679.0121575890862,127.39818579120345,484.8808824979278,549.0919054775868,201.12752507264412,308.55885357943697,549.0645790961424,314.3299125590887,695.4504306642011
990.3600371491272,424.8873516252574,337.69840689178875,261.1063722213341,426.7209430304246,3.4603857991429834,312.14572095402673,652.6835324080035,339.4098115996428,37.620546084270785,124.66583688652521,940.3909874030476,140.32527411643775,460.34423893929215,681.9739785062,177.9000472390751,262.7088476256574,439.4227689080455,281.64820918028977,782.9262520275773
1200.640158044118,388.13326254226865,423.4828878803423,221.52158738828246,349.63072077442683,4.947994301880225,365.7129455859719,471.76173260360827,667.0168581489772,39.48140766331145,171.1250797551883,484.059963613478,106.72830464145211,387.24100572127475,666.4333418452829,173.18362084971517,306.02434664466693,450.11012416751026,321.5380253520062,1025.2496960017588
1094.7935230077474,337.81845847904805,534.0825023506727,214.55859985839047,420.66010246273595,4.68518165440714,356.2091097921581,702.9346963521854,686.6996597901006,36.84562352299775,184.48267888457875,434.9855501012918,137.86175387277902,424.3328727607788,507.42782004212677,146.45539132968963,332.78973459898367,390.70927974028933,374.26597352700145,704.8896273421126
1057.6132750255865,280.1426688388136,449.18601779108116,315.4252553794239,226.8191918339079,4.353496072119675,204.28984157274778,482.99406563748727,483.2914989820354,44.34301038098147,116.75530182962308,585.9468309005985,161.82951159190134,243.65085436365663,509.2959810993423,181.14051347286346,381.9162167022396,361.1612470487074,208.82853758943054,823.6923208898166
997.2750755443951,371.4196041985456,398.56663251825785,265.11599223936986,449.05991581331534,4.75724571087268,425.70468451745086,435.4697618674296,329.09089920848794,45.23176887770835,168.34782842533264,472.73498980190925,126.92799344766274,486.88660812107923,643.0909920372553,151.04488189173426,372.8827614032607,507.9703239428554,227.38737495605585,874.551472280949
878.4704748886139,327.1980318956107,439.4639077779923,252.88885740119562,381.4699715239411,5.60830716168024,395.7444139036658,587.4274664295184,452.7358025738177,34.51669976347203,141.62726717814365,632.0489369324124,145.011854454263,396.35236831058296,554.5549654217073,119.86537410991693,351.4905887162239,316.65912878269853,285.6855278791763,1159.0688489137644
812.3165234046177,387.2012244968869,302.1719941935288,241.94711409957037,215.84874239336267,3.6679189147802367,287.4557303265966,742.8890603176798,299.425969007528,34.05600783457633,109.85707800001197,845.6285682767387,137.60830160772252,349.5769038735244,556.63383016925,174.21071375235863,337.5751081145877,538.784346179454,356.99342685278907,980.6458947093154
1202.0696335531659,410.62064121438823,346.8826572591382,186.91340801956846,389.25853502136704,6.478333614998984,450.66772927793346,579.2987661483977,498.93941346836414,37.35823820638678,167.9493037017443,725.6872303811842,143.78631704815376,496.74161327646857,366.08865970724173,147.8346154885072,392.5061566471198,579.1615527010952,320.60740664929364,556.0476923159156
1109.4650563862435,417.12757925998665,355.21473638813507,184.58653619831688,346.23603350594897,4.823007349447216,498.1667202249717,719.3550446369878,573.5450061234417,27.57681326001191,161.62798086514272,355.2170218664416,112.34308135122411,278.25008967231406,597.3290303871029,217.12923323615837,410.21196988276523,340.7395647000234,247.62104846993606,937.8013552499243
985.8580141894331,320.87660822234767,366.50771930992926,302.68436943399524,336.6352202625174,4.866305219785222,449.7604630387678,479.23962022114875,457.46942573878835,39.62267579704378,150.7597048871082,603.8217246236742,102.38851375206065,292.3305616719279,508.25146595285315,230.5961892361385,379.74270037409923,626.3398006541285,266.4548617595971,838.8397368193775
1021.865159636053,278.1946186096615,451.16743282104756,282.29518095734244,293.5037303655593,5.156178750728598,357.66102185442236,589.8338686954509,512.6350375995386,37.959185459240494,108.17194163165664,870.2598648730064,169.2646439032431,446.3111791957453,443.4666166225714,125.05164539842185,276.12413791974257,498.7767653104984,291.45353703931744,1110.8556766124802
1228.160865772019,340.57110950114884,428.8037037622577,170.1967045202606,310.4334280393497,4.9656941129103505,323.02600510597,558.5106503652967,625.7908314004361,47.224199730802695,132.43997325321612,811.8141025623411,152.15412814214707,403.48794037590625,413.29451745694274,205.64767220594365,352.11328172561025,313.0640467149582,325.04722198457847,1054.962366179394
980.9775883065562,330.7062650108181,359.8489952733277,174.05679990727486,430.153809584889,4.465840404559652,384.7183068307267,571.2668031899678,328.4422455721797,29.61623088135204,114.65525150391775,778.7490905181387,118.45996345677818,394.20143838186715,567.9354686330994,172.4423897500926,337.3608971106286,518.8853111943412,237.06496841698092,839.2216649277038
1172.4868405880818,412.09500018582304,430.58801272919027,208.0571359372957,417.0504209174359,5.54803129824404,475.39524540105225,628.2605146308096,554.7869854045059,41.84699722454134,159.40341152337515,650.4631065136015,164.57854208229546,413.3917947608343,331.5800473721157,146.28430218753635,296.56702422920927,454.30274603216947,300.4461407414588,1008.3707225322906
1012.7666101042234,335.69017590167016,417.9257765955503,161.1892191104704,355.2070081532251,5.462108351351551,451.1777768545383,535.222824750567,526.4642459619934,34.629139187234124,93.5787319329871,591.9419248362185,109.25639783600128,430.0495987388361,500.2582583097261,159.69317921026067,351.4009825056347,297.3603921845119,241.76923345878254,1139.1365388872182
1097.194542533092,461.7004458652391,474.947986264037,264.39923876298224,363.88609598258375,4.502118202526378,466.2396407418657,610.9561934113709,473.32368908110203,35.89511898899755,175.2422557230592,568.0898821976338,92.00543960082038,378.2102193356999,493.80776033837105,175.73180164155764,509.22505286872865,523.5302457403254,270.68959211611826,1119.8399078125453
937.4174212401822,397.00488317360106,449.00180999948725,258.26240058029293,351.0384601560081,3.5009775548382978,353.113915551902,681.5926704432231,652.4281202108712,35.21036034896076,158.27680528569678,469.6998431749538,170.28142928389357,409.2153051663803,659.5805904406798,141.28669678621517,324.9605248935713,346.5566871167309,297.17905386871547,978.2341893228647
620.6568550310704,274.96668143127783,425.0234640203638,211.25955450448768,308.994247528265,3.300635134605016,400.2531464816882,682.923258619694,499.88733858328294,25.535929173715353,140.92784314969188,524.5523087772466,202.92902051845255,420.3304061032967,532.3428909509261,150.9594875369347,460.5243122107872,534.6855941860579,334.68632506925746,815.1715269194033
1057.0347114656297,404.112034595204,415.4021080148226,273.24416984658325,419.67551046832864,5.783315998256027,436.84470194798354,657.2890721735007,640.8795928798793,36.1549823154762,195.42718965423646,798.857848624831,139.41563415172763,457.9151893302837,537.167935318443,175.82732579477533,423.46166323044685,411.0338542281033,289.64802014795043,977.487477525278
759.8191863760801,267.37879896192385,387.85516575296083,236.0424250344172,343.7466274850051,5.486958455070498,316.4708145280978,462.80211269561096,475.05360040132854,30.793176019657487,193.177460504878,771.363461295708,157.00349543470136,546.6682724389888,597.8384665573401,166.8886026955715,366.4607533912221,414.5468022897702,222.28909938886696,960.5478041119684
942.4075449809475,350.6667265406008,397.6805441413453,180.60435409915613,481.36143069000195,4.421309379807347,464.37975922278923,410.4453779362277,395.7421409320303,36.28470743042508,123.86749696835152,648.9980570772177,129.80608170071915,409.04751916150843,522.2105830143087,164.41905840229373,322.3742390124164,413.8934561515083,290.51036706084847,1122.1255023992978
713.9229984795724,361.0094650672785,462.0717722620663,185.03695472020974,422.8756144460266,5.86388124212528,406.18044331152214,727.388143725633,351.5794256153215,44.91064307892137,167.78022105575292,669.0867402589149,94.74192848208018,393.0104229045688,499.580004100753,145.09582542751917,463.145760346919,395.05455790902704,263.36275533529454,818.9071818492114
907.4267660925462,374.0547859813105,497.8209647700773,270.4462759966568,344.7079792414809,4.088186776341487,391.6196592947859,600.1572348529943,568.2008985869984,34.82529683440109,161.24277900557516,670.7556888659395,129.74372128002327,424.149185074544,524.1968712947054,178.34718941317928,352.6169089663627,512.164756618773,298.897446845434,1034.4752503912289
762.054518413831,294.93563213207824,413.23071299935384,272.6292979559494,324.61476041578436,4.5299780448703615,405.14623453254626,432.54529182524436,514.3124331941938,32.18723378704409,160.8110690699141,815.3382571877967,154.76659707039215,502.6413880613216,400.4892617875465,147.5611544643298,386.0159691027896,405.1927899034071,319.99608854434916,871.0123982492269
666.3377681818465,356.1840209706492,376.50722985202776,279.766521986842,310.71500672092964,5.038228979345022,503.05499585397104,541.6092396862481,450.2519252876644,40.87261022192294,186.90426004292365,667.8548927248852,108.35869210957571,458.9406740204551,462.0592494443723,164.90064254975846,389.499172814879,397.78605878108607,214.2193946478822,1240.480600386134
1169.9581787754037,297.9236689029208,364.084935879453,314.3753784460309,324.2778295305243,5.011851288446281,446.6226081431268,642.3658050076325,411.5783480745198,32.40170148937384,196.1250012850443,767.1173658393136,97.96960275655877,360.575205312183,487.81520042643706,184.7999872158095,383.7224174921492,544.512642599366,321.3697620007351,1234.0261214650698
775.0744435929812,365.0500962946242,398.7393286681861,210.15874203355744,385.4114376839727,4.33350215457848,380.14324865418513,489.92109865007274,355.2203676663608,36.44020800086929,147.52653680463246,790.2435457020415,157.1718461358587,343.3610328568278,426.7191515025161,165.26860683129354,429.13236894143375,350.77401918288626,277.05465004978964,913.7334612511173
1082.7427089999526,395.00776449357465,601.2256784102453,176.24049036442895,372.5432473933014,5.580546265661878,426.6665304526742,341.04237476419854,623.1616438532753,36.29477973079766,136.08580799620117,723.5228616762101,120.02506674456495,395.69264914323594,637.9957812536783,198.30115614515069,461.5650060210434,681.0343041946554,338.20159897327676,896.4303959263715
823.8141252309215,417.57452383293554,410.7751836157799,216.33237845919464,383.080311221987,3.693415699703195,460.48699808904695,649.5154765708445,449.32439165998073,39.32898464747063,101.09179018879334,620.8083358150435,165.9733817216041,400.45008148380805,570.7667910189184,155.37172221940727,386.6508019679066,302.8938067193268,288.84209991432056,1029.2457074220388
952.346082967084,451.4174356100931,396.840182948651,199.64864071918038,392.4804000790458,4.855284123127134,416.1509005648632,625.6565579374302,479.4503015206858,42.213939172434344,158.1046586216858,624.9102810687888,200.6708332619512,432.1388861984311,496.11459999295477,130.36613517206814,297.5568453862627,500.74667513012315,333.76014816715536,1086.42175127732
1153.8963742614474,370.86670717073133,482.4871883211493,231.5848667215601,356.78204315724145,3.098306698635527,373.6616128954779,675.6739203916468,534.3524573337787,37.24490509295451,157.91263953732891,639.5388505832304,148.60645501174992,461.80504587608317,637.3906473249461,142.61100857299883,344.52780686154506,422.42380189805607,309.1406744440021,911.2644871843161
757.1049735826826,289.63181595479915,477.43375612881874,249.00333224494918,425.0693802127477,5.347927728383999,468.94300190670936,572.2420960966618,706.7284918482318,43.16799647575375,120.6955715721501,711.2451072088693,134.47470911929764,440.74770848659375,473.2754419746021,156.03744925037637,412.34276166966265,477.302209225139,301.71393254101366,957.8332806230144
1169.4410373713715,387.47359561358303,432.785388217852,233.48110486222853,385.9830750757983,5.158987702631881,425.269963539557,662.8307932636638,353.3355637706642,27.900911166296872,145.67655319606092,881.2343347422157,166.09553065676326,368.5927419358151,471.2152459023969,109.85609367769504,280.0872598507607,442.39523089274246,245.33348150489604,1046.5990366882993
1062.4638232786647,355.94442526636874,520.7587980352444,239.99848980683018,456.3678380014416,6.081190688588335,338.9291238627994,541.9621189176858,558.2413466144912,37.21561189947697,163.08586240987188,705.4874232053392,128.82178227215985,427.72847474357104,482.07021534545663,160.0312361174315,373.15633267233324,589.5302730494082,296.2768816611961,850.6960542673066
905.6967818285056,302.57616079246424,193.32455082476994,216.9789778228488,417.567412499704,4.709646228181088,439.2881094643239,674.9302937406062,409.7514946798851,36.43587118081668,146.660435057204,574.3628316833169,122.03145762771776,415.29487875927504,489.5284275124701,202.0984754986615,305.20446070316075,519.70831888118,342.20153175117656,809.6350696760373
1037.9268163606166,227.60525166588175,402.79950773778273,262.2315773309116,400.7073120147047,4.1273774599435455,434.25265474134983,605.8428798551535,405.46817527993034,44.99081328420352,143.01318691274292,916.1126749031229,99.19793644708807,260.2597294731986,481.4669692183223,174.79365181470018,366.80258173508247,632.5556909247599,381.3140189346587,1031.6271787372793
787.5502297170738,373.16737948436867,385.8273573299638,181.22744576742423,368.57147894054725,6.160966161238234,369.2357967786384,643.5786441153756,516.8471012078293,32.29183327509442,115.21240283128512,607.8210838162742,162.99895379245902,330.73701877291114,531.8544870606157,157.68909536181022,374.776337703792,377.0183188250412,324.8218761670997,1059.7255365378169
743.5387925844085,312.8613826513465,417.68967558466545,233.83917634685557,283.06199849978145,3.227207172020724,350.3565623516182,574.8079166184173,551.2193620339594,29.026741609703457,140.25306492655614,388.73429859076555,127.39006125995554,388.2565814721097,571.9741688155369,137.63430044258394,291.87953561988274,449.85434982469303,299.8063237318882,824.1595178331257
1183.0063211337986,458.6734975635144,348.65270115760995,189.85335168772707,347.44062657686254,5.2810343646445475,364.60335125802305,592.3117377367296,485.89154140737577,34.63274526581267,173.2216616824948,502.5358233996569,104.46934420478365,406.36066416094144,539.6898771536513,130.7184615878013,396.4202767322799,320.2765557349197,391.54442119766793,479.0674312507988
1041.4615177222859,317.6412179766656,513.8887732484266,299.2223339288134,429.6365866573155,4.346342069756938,387.28211008823206,684.3050060747248,416.15039312668534,37.41823501500713,151.27985763877678,907.5854027355515,126.67988832122829,443.22788994724203,507.36986886382084,138.63181992815132,284.3532953189593,481.1168547489751,317.4289976235441,552.3067840785538
889.2572948638215,261.13446944247266,333.2355474328784,190.2419179455085,452.03124106797867,7.0352348382647225,366.87687852535026,759.3790772617283,440.10268658430175,43.53309173662263,155.2670597632702,427.4492038353955,141.8185399820187,332.1413239633416,547.8004454344187,133.65307020058282,304.1241942131044,513.1625559725309,333.20676254648424,952.0404063940217
837.6923957040781,432.705289273925,463.20933052154624,123.30003943931892,286.442307787672,5.073755723134818,460.0399566862649,522.0785191442009,654.8258150931945,41.60530067362082,189.46562404638797,806.3850033922153,185.23000421454628,351.4753315314874,577.9166826146804,165.26429988958313,326.22924096184,587.6641540089578,262.662102170393,952.5417613482609
837.4685107202783,454.61084818043804,515.0833989751075,304.8987475828345,467.95921895880326,5.009597835630036,414.14195269266037,579.1920505417851,388.4101461243639,39.16001196012458,158.70547885466567,496.8325291557113,145.3417493324913,423.2069654360779,461.84839316297536,164.34127246419038,351.6898780053073,449.5287962902206,181.6235443453632,1053.78080752197
1067.638747295467,342.5970351715841,467.1698839583872,159.75942088249383,423.77887036307226,4.9411788438592446,366.9221636179336,647.1611124133701,335.1988654375052,29.690439947374056,196.13762581718686,548.2725862366357,150.36599316903113,335.333070783616,434.5127727055627,143.59878572307707,349.639777419378,409.6324492228906,315.73823150530427,600.609358302876
766.9787618109971,294.8212131991794,486.35799919835745,233.74212554706287,438.5017710049546,6.019279998155872,272.958493378068,540.7796121043602,585.061120667356,28.351315484930055,145.49591713440995,529.5680676463871,146.17414435388508,431.8549094829769,486.45097339474034,197.7254744600249,382.7973204310892,526.2471463977571,280.68323732128215,905.849680886105
696.8840383437912,457.8807669630169,368.21433362681955,182.45032755458914,295.10581145481024,4.10650416969437,380.35954427768553,640.3298414322499,487.6868165909869,49.52328559217579,144.2950309425477,896.7959910616048,169.40291817634852,551.7136046534827,489.7947721443399,220.12300097822072,371.60435051809,403.9714808398494,393.57777722693623,1051.041144260967
921.4373274405735,359.19475948073904,240.1722633543355,233.46932940887945,322.03671379848026,5.499739239639009,427.5067678595318,482.6806930831531,314.4844144370315,33.09321463803769,155.09959010386342,429.3189364725275,99.93806692703836,394.56698086539205,550.9613770089195,103.78578890238735,255.7270500690961,565.5984154528857,414.50417601631483,1080.179976203564
971.9683528863707,341.27772642759186,264.0390116504279,125.18724977102777,388.22911513873447,5.189657001977295,415.83705000367576,555.1774628326789,368.63801045081084,39.46939446487784,150.60962287447998,661.1606309610444,170.58158675688384,396.4333898080281,584.8579399065098,164.39984134505514,329.2186272158167,453.20858127560444,361.35988367860773,740.6661388644319
1085.6074713696903,523.8843711429971,320.4850850465982,228.66000178012175,447.02925334478897,5.309329058614713,462.31820028622155,544.4083887693256,557.3324036510946,45.381365154436224,184.06144815511828,466.86877244119717,149.8269125214866,397.81346708231536,585.0908983397546,149.40081850798168,261.82777818588,549.9383206721857,240.8060417284516,676.6237913415728
993.8839310234612,336.7268619854452,410.01087495701705,236.72558030042688,368.5526127227399,3.94719041220989,373.5249325041212,824.0212303531239,405.85806975060206,47.31926525584229,126.47025464445139,668.8259346711446,138.84380826555727,474.4645317991401,450.1486689930994,191.0816187996756,446.5807711310106,399.33935156764585,312.9779356526711,788.2141476083195
692.0349937747615,292.25490300783605,385.1236808870397,231.70323252023437,324.1688763095419,5.721709705725138,396.63299210511417,656.7873019565621,508.7173689738552,28.86326749866232,110.92844336900387,618.7876656398917,132.2438105360223,345.50648932973854,501.8060551507943,163.5973900696634,312.2923784007109,378.2987171716041,272.47180676996055,763.564763170642
883.493813145518,225.43332229516173,460.2196543569775,264.7374908804768,377.2425876245866,5.3207711125652715,338.11028414312597,625.7533136686008,428.09993817627327,31.774404564467304,111.91342915030609,588.8667740586909,154.72470181492784,315.4451700148402,470.5429739959038,168.17061539186318,403.1022490471762,594.3311650558186,283.2356961915922,915.2318748481287
1203.994822654906,399.574429052696,566.7358962386763,273.32071710683766,340.5810669345842,5.3777894283161,385.1539176621895,705.7092226154548,659.7867642827501,25.44645886346286,149.30982764289487,684.8675609031184,165.1536783095396,407.8114270315276,483.5807882107733,188.73577299584608,236.89970401278714,497.85084017787415,249.57396443987886,1085.46352218101
1158.950572378631,319.09394113714285,458.80765131493234,263.6610794284165,425.0246117158795,3.8516939814143565,269.88329062803325,891.2954085936451,457.0617795015719,27.934093760517484,175.689686042458,573.1384968758503,157.92681912117473,433.9660258237906,635.6681034970395,180.2828331550787,351.2763949355379,525.5605477809847,298.5592356095889,729.6589532097369
1187.2680668277183,526.8732661569795,535.8634395676004,199.85888946373564,390.9159753656255,5.368046967082781,336.34350078964394,545.5952863492647,523.7711534474137,34.69188078289831,126.07853273825884,589.5864476827153,167.78802799237724,394.2832736499545,346.74669760527775,71.63567133468122,327.73850355678917,635.8705609769615,327.6074155880071,995.4316157559934
1322.3925123739127,328.59702936185624,366.2124906042669,279.9972821051129,442.888132157515,5.0870089282981645,450.1237607329462,744.8123419905025,480.3884330683359,38.50511314080983,152.813958614645,768.7514337536516,90.27089255623878,289.2909473891514,579.5230175319155,229.27297212519727,319.7657932178379,391.5239814039429,253.94130602011302,914.0181566765754
813.7510822530019,351.9920626378895,546.1455655374396,205.90895560047394,385.35886925520543,4.094665578122353,549.992997295172,681.4685761143913,571.8662087898008,43.36660964481578,197.14705638484315,690.9580133753541,147.8806340173755,486.159539845208,447.58725209162424,134.2379297018413,330.9839676730833,636.0916047215034,236.22642249230398,752.0749284912517
820.6512039699297,456.4930578258803,471.5490051721478,228.96955522343566,369.9959513487693,4.371725940786032,414.9634550537078,724.3125032321118,493.95913643495567,44.927294115657084,227.00609421537806,703.1754116713864,118.98174640145304,446.2753936176671,629.2257373663704,217.61097208896788,351.7208351159344,378.4306636988666,236.89353566631476,896.068990229121
1049.3297701177694,326.71700456482023,413.4384240769994,224.68678378574515,381.4950709885894,5.704223536324249,458.1903739087562,653.9375380747938,420.72414122140265,43.19121995748651,119.86299909669019,694.1041869324148,113.80058002167556,306.6497592834917,556.0873037915372,165.17036232464207,313.624333486464,527.673927697404,235.6827690479673,724.9066781881905
1079.9192817015257,311.1498156896791,445.40413095648023,276.15833617444474,463.60316233400323,4.154048211454357,479.78406548033524,654.3632343045668,554.5833534537875,40.12164114686082,180.13973585577327,626.6388066395949,65.07461250337816,403.23387516569716,387.6099242162807,183.47110577621373,469.382202478718,474.74425552843707,316.10461290529474,689.4854368982848
856.2329492594852,397.4200291339782,401.9911282082962,225.94683048434828,420.64066168378474,5.302388701100741,410.6360904710585,437.84365349962394,446.11094858542435,33.5424537692039,97.42999191310378,682.9855306751081,136.87053610274202,486.4824162289812,335.3909505204992,167.22052870874995,313.0814160074166,588.9485494444991,305.90575080283577,594.0880656570082
835.636576943742,322.649776143474,473.2260576413628,199.40854390050413,321.1033027416129,5.048843005112162,362.57527618458477,618.0096315926592,384.111200960863,37.64500439031276,174.23440892391602,616.7878483938189,123.84787322985815,316.85076627489514,541.3350325674272,145.94419228617068,348.23222067013836,418.66572315475486,248.61138617317545,763.7551078134146
916.9472585292555,383.6361628270103,443.3474944002772,174.96512786433638,333.5537046348516,6.911030066156959,373.82205465123457,713.5824523828004,419.60680717331417,40.300284739047385,124.55680079046442,676.9682675207031,162.63228077194097,434.5501098671002,471.59388208797736,190.21227710002344,308.30012714260744,454.69471966352086,276.0473747864812,1188.3293025145642
916.7245012305339,258.80038037636905,367.1907076428353,338.6557679294261,464.30061787430907,6.666210609825502,465.604524390757,755.7777267312221,496.02646799808844,22.30832881285763,174.24029859176744,726.3280139429131,120.88524807950012,265.1040292139447,554.8787545774555,132.09024638931356,387.58791046292174,396.360896438242,342.77362222891213,918.9947718329637
984.083412740323,273.19649723152367,422.74116714927067,210.967260023555,432.9516116106184,4.089594417572901,415.5919359590879,458.00838027745476,396.55710600231,27.772317335592817,147.67805589362894,656.7968859105855,96.94779271629506,374.3611144902011,344.06453655919836,150.24486977576905,354.286603652765,561.0146197800418,199.50451763089285,842.4890457008919
1046.086008520002,493.17188823599054,462.37412606753537,281.3528947562247,431.20681613645525,4.284770200945412,411.65904868819854,587.8475594794459,437.14492875772396,48.624114606586474,122.44126132050569,624.8346243137638,110.38922380831534,450.6383434494619,694.5943851564089,144.6452481990504,329.2501754859856,445.5923677456515,188.21629825505937,862.6974853680698
962.4117174862669,305.6937847029353,305.5627839069063,237.28752268011357,369.32299196190667,4.782794521286233,342.1603890166997,683.1905075571867,463.09969445152484,25.94970794829463,141.45127067279466,696.0593898433619,137.9467743855754,481.28275965993225,209.5282390214996,146.7969229437934,490.962364447538,334.2079854790155,234.54936936367187,665.3093666395725
1045.489182484464,396.88666158004014,276.10413318918063,176.134132589804,367.994756552739,5.527921787238299,423.2344215008133,561.9566812265185,462.0070842961125,40.3033869537052,144.26891691876182,689.1684188940152,163.17903187247623,308.6655134893264,449.1432843789081,146.4512694257055,436.0019697148147,550.6489030407089,330.0288391745069,853.4719861140255
629.7638453294577,215.89425193034396,264.56763342875195,234.58396531223946,364.84720931395987,5.3294207075770315,346.4830543657559,841.0530430957618,625.448679037894,35.63351388757341,151.56760036072464,834.8646405999898,138.77588707482917,427.8369937557879,386.70894396478917,199.1689112418589,426.01979691773136,632.8820772691843,279.043366608065,1001.8182814714987
1280.5338452794344,249.11078094500664,413.21362982934727,204.48802627860707,283.39721841420373,5.55768121138626,450.38428892260396,831.5454878251159,573.2709891125774,34.564585973862634,158.11461882502016,697.7679087143171,137.2750792418799,453.6885954151807,548.8258814795267,169.79796495483427,233.78800693856658,510.9713281421789,357.9330395806212,1127.0896907341908
963.1278430342602,389.784688796893,482.52951769183215,278.698503543657,292.99308363245484,5.944450625749464,432.4674934950584,508.50446163861284,375.5434533633727,40.16360880020822,107.92242287816777,884.0705947297035,116.63531156685457,366.2432606164339,530.6778174670277,167.3953703985339,492.22342921742586,546.4342000533005,287.6839968201051,1078.37558964933
844.3795868482277,342.6801658677935,446.1634062989093,231.19059462711743,274.43131666374245,4.91875787711025,461.4853741261711,522.4200767652927,541.8043690766312,34.94827247975848,179.70862037740488,701.8606747537347,126.85378547383833,350.2318456331235,434.10509656741226,134.05387301749073,333.2812055306185,381.38522581309155,167.71186817550287,659.9289740857677
827.6117011920421,417.39596806007864,461.18544246081046,291.81941610403817,392.6138611713804,5.568176703974913,458.68402147496033,644.6347762485082,393.897172047569,40.22224930105233,107.27209251126126,629.4099591250394,177.42377139489838,455.06207469850057,469.60293471545117,187.3606414345111,354.9416343196165,419.0704747852346,369.6817257492504,1019.9342728110483
1167.1451811706484,425.19566865472257,377.98653430639024,242.77741967751032,304.76506309438497,5.58987502477265,466.7644202930612,586.6457955991459,617.5637876740215,30.624846985961977,101.46813481830594,669.103774748777,147.0577618374478,409.85628346235285,538.7257281829737,126.66132820792606,376.97949105964574,451.24958840166755,239.5072312309541,722.5946210045087
891.7249996276728,380.9575860621632,364.5020871981634,315.84567205312356,296.7462811832532,5.083836186299215,541.028677738552,634.9788876356245,331.66448795075684,43.83902844760007,147.4549203208265,501.50042170696065,119.21248502152639,559.7047109068881,461.1402255800078,198.5498491252292,261.37868514248544,626.2153890167779,438.34296955079407,1032.0192677311488
634.5440150354957,346.4403872644542,190.06449964988178,204.26160994162527,266.7918731129418,6.7284943938484885,280.6540619059274,957.5629365593995,425.8881669362515,36.061363418343575,143.33636847349814,611.168688610915,177.69861928997813,454.79314011530687,427.17963979960837,173.80767506377944,392.7190807940873,539.2920625006709,327.20244733262945,1064.8487869663008
1105.7114734593315,334.98728864561224,412.18263166297504,187.0070939549251,467.64940729078154,3.730227107437626,363.16041086960934,710.5415622464258,561.1504745855043,41.33435543174657,149.22035617197452,764.5548979110326,131.939544463019,382.1720974401508,535.1199795828666,147.55870601056364,340.49625181327616,491.8002655211676,197.7946289430057,1131.0942636079044
1139.666903482009,400.68734271777845,392.05479962111104,238.23560517991191,396.8105522736833,5.098892500461858,442.0863144348003,688.0737635423341,373.273160421211,35.374400961159054,159.20035201569956,784.5924380016103,158.50220974838365,454.6340276057239,450.817968962446,192.0867094979184,303.8003518033188,539.4306008788351,317.21325009644363,1077.0377636304909
966.508686757668,416.7256519601702,382.0136775711767,265.89662385180947,266.0944532964075,4.246393908089068,471.6029248358213,610.3651033211203,519.802943045446,44.406604605292664,140.02668437227328,654.251467277292,159.77599158533212,325.62046560765646,492.80810847513584,235.00163333888656,259.11027099384125,500.17743001086905,365.77946924618334,1036.26694308677
1199.7298476483186,363.94658619780677,486.7230043366196,167.37339649396353,345.0358237434942,4.58544669511289,280.80067936988047,523.3577979167003,436.7866109575486,38.04533714382304,176.55054107133972,655.3533028523292,151.43976082192563,275.23454337874705,621.7876397602907,134.2058582318895,329.6877864458279,377.57045577019886,283.84543045404894,679.7272108177297
1097.348548719308,375.11491440232044,450.2038023507265,292.36023345114234,434.39670304817065,6.164954214446556,400.31858492001487,435.42415246715416,527.3175520031921,53.50370135207163,102.43608088360978,526.6781209242649,118.95884925490464,373.95326754271053,555.8590086541004,115.03476114612968,298.15453845101536,339.6118001418122,355.2202292001533,1025.262873942679
961.7234209549938,494.7289486836592,401.84171537744226,233.5735259562354,262.50213400291125,3.904792525556852,439.4426470383806,573.9999276631081,675.9035109409458,32.40455605770285,169.12627105254018,571.9575702997672,168.4895803748692,395.63434509135124,372.97822307093145,168.03230372873253,318.985649253901,441.03610126099124,269.3050413419474,881.4917625456775
745.6253814796895,339.2305442018476,370.7964090248939,253.40057204126103,353.0483984369114,2.717428222173382,388.37686734248445,770.7952111455934,384.1595220112762,38.142719303431164,145.4619351848213,568.5117240772937,112.5115250342178,220.76212243496275,665.0857326257315,163.24406031627797,337.92880610068875,520.3550574311329,296.0033287022898,875.7051387144276
1056.6722595966344,319.8589263512112,430.30415435664236,206.82114430594325,365.4431670716499,5.325693823406977,319.4378318177559,608.7644743437768,550.4892054024392,31.45383839356721,189.35422740247958,576.1142770658923,124.58559689190012,501.7972585799596,566.0222347230474,140.62102036215714,288.4256457731873,570.9579681889691,258.53984605470515,916.3055527938086
860.3041528419345,375.2552025836758,490.7169744302446,210.27992672343703,309.57008474761966,5.114218099347043,363.15649563620343,721.6689835865766,469.1863623684158,43.333580717145146,142.3521217636892,666.4539745990485,146.81679049056413,401.82766049433616,533.6513220435395,167.29843668250032,433.26632531348275,415.76893574804615,307.32036583758793,1037.8522929819605
1074.8250847917418,398.525336180178,427.45112097714326,195.03076661070017,407.8927247494646,5.23215876447189,418.8492779357227,637.4033455689224,512.614773956303,28.18798752019967,127.96209025188138,602.2856981402275,122.14817564289133,345.62879119969404,395.3518836523791,154.44060068040613,367.6903395148845,437.30556617321736,303.03350376404813,1037.196032171661
940.7795089008056,427.10768527784234,337.00261115357307,158.79314581278288,347.1057051529602,2.32479046189696,426.21307583250757,579.0493315649205,399.61299136738,34.329758164668625,165.2631252727295,687.472227364266,120.54476580505033,372.9636435806707,576.4598898731651,173.61311225712112,333.6109664306816,429.0633366977313,355.3776446770734,598.6207957504866
1136.7613547306505,458.815775595501,229.83462895918524,215.12447362135174,276.8420465958561,5.421744309819743,366.34100309840653,578.5254733175245,575.3774667835382,34.242360885301615,147.5103939590431,691.2112869966641,147.4244785557452,533.1723271850391,558.7637257645393,159.56698974338468,516.6339436228827,542.2484586537138,285.97942007864265,673.4111808859668
802.8985920551952,340.81853961435957,428.5527429436818,241.04201184190333,283.3626332162804,6.422480700005301,384.98204400112775,529.7290027353627,702.6208035974224,37.21170953219886,166.34387284217723,662.0537206163775,143.96131302548102,309.7916943540175,513.719354157277,150.56812566170512,496.07190877365895,438.2452255914235,145.09300054849345,1039.775794510081
885.5253090477087,311.124332751987,431.30146389791236,230.97822418978947,455.54358635907937,6.2254373141089,410.87634143407854,555.7029838798321,424.4864099402874,34.79760603124775,123.20285247776994,735.3986035102301,172.7067304548413,459.0666156759247,544.5080138748633,190.84950269181087,410.0733511011604,264.43052046424555,388.5220327791643,1052.5052871798136
873.8585994670264,427.51596901294766,466.5400739130888,168.88199042003632,348.6801616601973,4.826738237630655,535.7521182356944,716.0479481131464,261.28657416182455,27.06060764815689,161.72367936009917,728.6553375993915,146.91053576964057,323.87716368391705,469.0933866227401,154.07748180357808,496.27915088002203,433.7036612244225,387.81093109774724,540.1337605097987
573.5949584105911,280.5771296000152,527.4283184146191,215.1921392143905,525.426120589762,7.219504335609198,364.8337258108349,610.5890765439196,404.9299027099481,32.17469323732547,157.07637623030783,753.6321390788615,138.43559729139338,368.84524390256,616.0868837879693,132.54033644818878,213.08540364136965,513.5673179416987,234.85415253306186,1478.5006119853479
870.2366877392601,393.2795740781698,311.28682700942517,223.87687593716703,381.9537787897527,4.694222655206633,418.00883340080446,498.2406701806907,371.2806865032128,38.66042534238028,151.6884305974861,463.60862688755776,112.7633580283047,536.3311728113941,648.2425267551705,163.7215890193502,380.55512809015323,647.3655746376257,309.2549271422062,1193.3786491952521
964.775998200919,352.9280191537304,348.9670001983719,254.60880102832226,362.2332247631036,4.635920372437544,424.3997759755229,433.4339888251228,430.81037881715116,42.76079383138543,133.59356180890154,763.0907191515033,139.89270722044716,432.1440669245866,647.1477238873999,182.64967291995993,422.7930361205821,462.14348683092237,422.5432202872038,947.493093697692
1065.7870452454306,409.4945994961697,506.3396799298058,262.62924964626967,281.78231335745295,5.511806886052835,362.1692372013604,480.5894088807473,443.25692437631324,49.42097836230162,135.1129472361688,581.1254371005508,144.0728659635098,340.9343566314968,332.9681341198067,191.18383688095264,368.55351360778354,492.7308526027067,233.71856730115562,1005.428236926196
828.4386416567726,299.53231704844575,419.5425881615749,251.61053398254683,304.2494033525001,3.8146265524458354,375.75357834037396,646.1370415414574,492.2112802346496,31.70095106808757,122.25283861186986,513.3134024834342,119.88010355596457,536.2670712145831,601.2790679052378,143.9936444760657,325.57362856459724,373.8052755788728,315.95461864424414,692.006938475934
1079.947384124448,491.13441628177804,453.95947687806995,245.91955138499523,496.3663541791166,7.427831777334646,426.1053158406133,670.7619713551402,611.2486207269706,36.76378179680908,167.45431125688785,569.6467121670134,106.91911097742167,408.81946931020906,480.3467774069249,216.89622514029242,283.25286392901836,428.92233369833536,299.9644803947436,990.6414712044317
870.8826259218024,369.8320311468595,384.21193556459605,251.18193920808923,345.02566369814264,4.761672960102054,216.7266350021898,701.9488678125297,644.7163564991719,35.16685210003595,137.74321926536786,538.785235597875,167.86778527910167,386.9720031840794,527.6628272471876,136.69796246151583,447.9328614073435,456.1799320001912,326.24186817567005,917.7811558725155
1000.2137540131663,394.0754562694408,294.0976585918353,209.34521240835898,273.60017595250224,5.806336281976188,472.5652118022498,498.50071772184833,476.18972952144185,16.00124546118064,158.0920035528862,728.8463705909135,139.91037268541626,333.5792399790257,455.5240431467744,124.06241357458956,464.9107284019278,361.7067604400602,399.36077281575115,874.8603038678586
991.0669692242586,369.1589708129061,366.5239758648777,239.5186971961994,301.7921585280622,5.424302650010972,428.7844074578995,746.1459468280691,504.80350303432976,37.25826749211634,159.87871578879177,830.9352024449382,150.742339560184,302.3342001492477,665.8243613808061,146.6257114755674,287.5846719670634,441.27535884358906,471.98177519914424,1016.7095912070746
1153.718758624991,426.375687830111,380.72431960270205,284.7401635347079,427.0388983308903,3.9720202925892663,540.6481377576532,665.1054006606296,429.21619259891446,33.401779665790215,155.57778790320276,637.6848628650112,139.6698176210486,382.57450667034755,577.1533927400899,149.12982598059693,403.6158827748704,441.28846005382684,372.65442888654525,870.6163488891616
1018.2523712960773,375.93640536457804,240.37288904328233,273.35305471013,354.751243796712,4.275662152746914,480.1255654600477,541.2020861363085,495.92459831873094,42.1601484354369,102.53705094109385,530.4747093144225,104.15463698432714,289.0848011768096,503.7221201357391,222.64404621820097,329.0515225502369,441.30634344068756,294.4689611544867,818.8212256372237
1159.714086847722,431.7638452359985,419.3809881098842,209.7171164067531,333.55921620959884,5.669165034707044,358.11883744407737,651.8791423490874,469.79962746103826,34.40034603355935,184.51447184538898,623.6717295350873,171.0847104831222,408.5263832234404,610.3401117937209,139.4903272632849,463.30094249907796,592.7036567205208,260.90919445613986,1085.6029383911323
1146.092046277596,436.48190161704065,458.69988481041327,192.39310130332686,427.06230399211194,7.091477544140211,474.87387022892176,788.1288500287804,486.34734148229916,39.54533102560053,165.35915985790473,533.3853391222701,140.784927702756,367.5461957834698,630.5476620834534,228.25276544731784,350.69103151363595,598.3621089211517,279.52939500775307,1065.8389965004826
911.885920232996,292.20567478268765,383.05975033490813,279.12691772991906,344.77743569382426,3.9730501541602035,399.8993707104093,568.6476449040704,539.1142613750804,41.0103113276623,180.27770372345043,659.0858053014184,134.3929618144404,392.3138890493299,504.0352923992215,160.06660762679402,450.8561614822512,577.7553036691388,315.5137830170405,859.2267700002469
1016.2303895014527,366.25657334604074,423.3096510277831,200.09238163128893,297.7840764025931,4.613096834518297,370.70414406535775,588.0436453862343,564.2660928698689,28.468790596978117,134.91494267842964,796.815126869836,103.81878565307352,366.4830639534326,466.51098787906,129.75232723658087,391.4846479356649,279.48369274033985,280.7358955159478,999.0257258737436
1069.6189399298,384.63534879026963,351.722252258802,303.9178989447307,434.40029219270286,5.260082258216685,488.007535233528,586.0764658370786,509.2605239108278,48.28210657716001,120.50551122093196,690.8786570323175,156.7419243650261,372.4818987096281,422.77053985291593,154.00611201848386,395.00603271494094,493.7503929956964,297.05247763229335,754.5328094898177
975.0905179411441,420.94461540981507,376.9150079579217,177.12825958913254,326.18531772751624,4.23459319178192,573.1130454369555,762.8717791770588,540.5752336006035,34.225658827322235,167.813673011045,662.3819117646913,162.7590974168335,332.5087427462095,530.4766443198733,175.1852638281314,401.6219067344516,577.0715277899433,227.86191071759532,784.2795525033774
1055.8950751997038,427.03223217913757,401.4868557762961,155.79400434131327,276.35651170789583,4.534454858143391,146.70337522821944,726.7382120555861,409.2165016393898,26.578337333697682,185.67959796052776,473.6723574243125,101.40924670545353,371.16912586699357,587.1512734272783,204.8509394951328,431.1831355729998,470.5145422458662,275.7892548555535,795.8407611335667
948.3722299911341,279.2536023725371,368.65397165169617,204.63994801383762,420.7222659546382,4.444399004253222,427.5368852890587,579.268483117645,445.9740589061633,39.51001838354989,134.87821895908036,624.5265411797752,170.21615659203405,381.49556981659816,526.1962605272756,163.6468398190446,377.76855853725897,458.1008885171025,287.07043052885746,895.3924330074541
1141.9745878960266,361.66582069625747,378.01366224469984,233.55715217960224,375.3919500252726,4.967145073151525,411.76314100457836,759.4592599323917,574.2575433034806,23.003483918650595,192.16274471122142,612.2584101506274,133.56648370429903,416.0512998711651,418.3980922554642,199.04592976665919,341.9558307844168,490.07435244558513,334.8779667537444,1056.5830700950607
952.8171955910195,361.1109217585357,506.6490007154729,162.11825879967665,354.68122541510667,5.000338853119425,339.5965580227871,574.6675826191811,518.3273929769938,43.155997545720695,142.2569058137022,649.8785413501444,143.65217507420672,388.19022941221925,542.6034723360784,185.52199305278307,301.774987529653,407.685549513718,351.7690331263254,998.884273801794
982.8095316918887,393.79270140982885,471.2653387690699,229.51414033386928,461.0161691490321,5.546900566772382,367.53014355235183,596.0039448436642,466.21419443150984,29.62264255024833,163.17689740943413,562.5143289207864,139.6177253278484,380.1866777103991,421.9922009713026,136.3949543344855,321.35249009075125,469.9277587956812,277.1868022099553,1032.7160000350032
1023.842031907997,471.6879402060306,304.71464947648985,298.9252947787533,390.255437403295,5.042454608139759,373.4362642991984,570.3885604246209,597.5569364546192,23.739488792608068,146.97705430278498,707.5682049484337,152.2510950298266,422.4013498928566,407.44493313950403,173.60070902375247,408.1147951851741,661.5552609085897,301.65345859298935,974.0180066325635
1154.0125721789134,349.3407994169919,419.7645724087804,259.5624895283995,515.2225239388896,3.936278795828702,437.953263043619,637.6633553760818,491.50047884013765,35.76917284988446,137.01427020218196,614.6536480578148,141.8509373206439,358.98772207731173,491.2101167506249,173.89417176746403,273.5002033735195,405.09712299918937,328.0825764020909,894.726751215852
1108.2766459952422,388.2568180654579,435.35600398559,290.8572918261823,489.3639476984837,4.75705209622478,372.37188120600877,737.7613430610286,396.7168732016033,36.82813776136312,131.2800590604693,414.9757288054159,113.09790065336509,356.83897635343516,554.6858603399799,167.3293008019184,214.17838332093248,467.2011074257042,221.35993937446761,997.8412463101463
1193.1714448751902,346.8530541994379,420.432723031387,259.3325683664095,448.53347112112243,3.9915542130406987,396.5988481410536,552.8021554079635,465.5994130674054,36.65294214334638,117.69980682814435,659.1926597231698,122.80063033148522,413.5146776820919,519.0435705433815,145.1251128719369,335.4599492508967,387.78065345140107,350.69028191140194,957.6590485502362
942.6123561541698,328.067844356819,452.31775073213026,203.67319633373896,380.138244376633,5.736550052060437,456.2472104394008,753.3071848334478,404.52988662809344,38.13523962585088,94.74070557996632,518.8103020268218,110.51236451095942,435.2075360774619,429.17510685442187,181.02768174288212,366.61458873526857,455.793425659065,318.68963821443697,635.8511224070073
871.7783377185433,337.5378384864552,288.7641368909052,240.61323746361018,329.96832584459224,5.03288663584844,442.06561085218874,534.6184849187375,551.0980032979519,24.1211870366784,195.94663281897164,602.1104342178616,101.57943935099456,244.77994906495144,542.700401261862,162.40618115387394,399.8717079922656,437.83885914993675,260.12028643713626,1210.9369872439406
1116.3607048317338,225.81547415908648,403.9817478183711,182.0951617226845,320.8377435576814,4.001304248714593,362.26027686490227,986.0681370799628,457.00036952140954,43.43911471636083,154.44045116990864,789.0492433319448,99.82259066462416,237.80526263651487,599.7924289148727,166.6597042093926,336.3691436369267,552.2162740391017,263.17898561714424,1135.726012840961
1224.8939201217381,430.27849459125207,456.16651196917576,251.9982410437875,281.1699425398846,5.006164972252177,467.14314205743773,671.3911238704503,386.5090605068995,15.164673912477745,137.30103313595745,578.6520538435939,122.00668325596693,277.18591283111925,413.45631255662,155.2448012744405,302.2151491830484,551.0978194844238,283.11391244411595,890.335366142731
1123.0650229200896,335.529893604424,354.63893021771526,199.47313908021633,333.78865850233086,5.224557589069462,428.1585862937459,681.1419164185797,582.8967530442783,35.34928129295595,106.67076922817347,618.3614636309853,157.85737632759293,451.6986108258275,516.4191782558368,201.36487259992464,375.4117879502589,506.5153579420449,329.0552259172706,895.9204609063519
1247.5118873194076,326.640518053062,352.6168462504535,215.81813114767618,224.11688622069366,5.17294302728201,501.49135583655925,868.0343436596747,638.846511203831,43.73254834912215,105.32242481668195,722.6104106051184,188.12442819785443,252.85513149803583,682.2943530207742,178.81291004897184,367.6231163542161,546.9256667325153,275.40898372780634,594.7343291247985
890.2196687036494,225.32482287783705,496.49551478940464,306.59527028463486,312.06012505365453,5.516177018953618,353.66243563246417,689.2118524500585,555.6971760122689,39.67959457986665,157.27788937290902,779.9033033146468,125.87699953835613,405.0471844645908,429.2000378325548,175.3915999729,381.7597097712581,610.9736068070613,304.10627078876837,1023.8426552974563
831.8288790178502,401.3781722794588,584.2740791187073,171.09455080112778,485.2939328854234,5.654152179000798,419.8043476992195,630.9915616549329,611.3195442963846,32.34227171578602,136.2366202397643,706.6633507351536,139.72428049075688,322.5234492930558,329.5818780407527,141.21090186592318,278.6733869136981,361.4772549789669,247.56686681034336,1107.2440357536007
957.8694344037807,467.28407481154153,275.84287537936484,261.655748719187,410.1024830916506,4.178437171886154,406.0430911691326,756.0127898167502,494.155338036203,45.04283459163224,196.42103560107756,503.1565075821574,129.11439687251874,331.84535721112496,503.26968783340715,164.82077548420236,382.2704529642999,418.83163286234617,246.0865533041685,916.8747629485769
1149.0892283075232,468.29450983789314,463.55579655783725,280.64701384898103,380.00352713100193,4.555737527185542,331.321352132002,498.44485564613683,401.99933892156474,24.138779983753935,150.10808728012245,731.96478624254,170.11126075565477,347.1180664957723,427.79877650330695,129.66826371697618,390.89847876844556,562.8594622111005,251.11382617106884,821.9219091370381
1075.5310062994026,452.0202102533581,337.8998683313725,238.17126456677943,315.69008701865977,5.9459324158159035,457.704693761513,672.4694556009875,557.1023363038729,37.40203322428492,193.00757268858075,641.1883542566344,166.0275060046918,451.3800741202606,467.47973215964123,145.81779439277173,305.1985701351925,536.1959662960725,304.1464246581314,380.8902963971308
812.5675877949691,330.900641339868,589.3701132416682,265.1342065891141,340.33630250482463,4.6385100417887095,361.71411279599783,685.1020012539715,519.1755204078438,38.49245670867346,177.49953504380812,488.59526446861196,111.645878113137,465.40584784745545,571.4931092048002,118.33980920607559,288.7427974431807,581.6385703499459,296.54260376228893,912.5362987102659
1216.9689785844805,378.69671236139015,251.9928801333183,266.45077332437626,214.09870735616914,5.006227536364072,443.51065421420384,376.45332867885963,398.54071269767996,37.369318284419634,222.46409822691498,483.1006839427641,137.3318211081722,360.70896967431395,421.3860009779854,181.50656664750005,289.41313774215274,477.5867260637356,367.03614689173355,986.7879773535612
907.9443802077853,349.9527376906105,449.3511020994484,236.14066073580096,375.1081833039654,5.643076874878924,435.9753565628117,509.0125049255608,502.53906940044567,39.46672837417827,150.93799021274214,597.4258089115083,138.52329496937435,432.72642282299023,662.2286999764353,110.11502002130692,392.34104033996744,368.5789152421153,374.4581450268371,823.57496099399
1148.8486606770375,396.0335000338304,451.47527796775216,242.4947694862847,438.2423395500635,6.589793660140338,455.34674905612997,815.560661620252,423.1545301206655,33.87501520224584,151.95154355982064,547.5270278598853,140.15959488119407,537.2790967314252,543.9480158628196,160.01868676719977,412.7995735488374,520.0904477582764,283.71270492978994,1021.085055917903
758.3859921803478,378.9133926044554,485.71836488308065,218.6228390596886,359.33957988437857,5.197481133292609,366.0158855911727,735.1081431732189,489.74573301783073,39.210510646862986,197.90494284039022,684.0898982854416,130.70293842521934,535.9807492457815,519.8077213240333,155.18754848216844,348.97305684080374,556.9828074199538,243.17877807433143,1010.4904625621235
976.8127205680591,377.15815601103867,367.22785557059063,273.83308468019356,351.07879458491675,4.928651116316085,439.23682013074443,594.9328231453961,473.12690216464676,40.43428621987189,168.6848243559866,636.8518869289105,178.9282399249936,385.47458809164704,471.6252248805879,162.49350391305063,498.940201394319,493.8001452093166,156.71737566583366,719.9472121142958
765.6577653983713,372.7582071914988,446.40440781647686,210.04541476080502,471.14884699739633,5.721101190038481,506.06306467273276,712.9210752137026,442.5863548299011,39.4610251916941,130.15878864929252,478.71687202746386,180.4994027362587,400.52257078270185,471.789693748799,170.32317641800265,306.1682463046204,447.79351897860977,344.2671077236463,984.1044522386812
970.8438035863178,329.419845529909,444.85721610449457,205.67453791504738,411.00816575626226,4.03812630773777,408.8097246389445,631.7244582438617,391.3292489245471,45.38283327126381,156.83989988214904,538.5274582938875,115.63074272046451,430.33395271058527,590.7162886042787,98.76607194630836,347.78622807353526,547.0635413058369,328.32771472562257,866.9896558223863
771.9684996538116,226.67496006991664,498.2252007442215,244.0404428028487,454.355557826184,5.3402820400217035,443.1664249184673,665.4609307733612,606.2826928454429,40.99612344271773,135.74954611599352,867.8786796766911,148.4829086458291,280.6418838709374,489.55522634576386,158.35421655535333,465.76612405653935,469.7486478226667,221.58337532424343,1033.7518501513666
850.4383331644741,347.4127060528113,511.67304225671654,200.53111510315574,355.3874072488405,4.308015024523661,337.77878574054466,728.4061688717946,453.8689629665363,35.49552993916272,143.35938095492259,576.5318151645823,166.39282809044812,369.51087811152684,531.2526673248279,144.70473009057645,343.56301815565286,524.5078235254584,250.45574290878687,1010.7106054484526
1028.1079146225552,421.7996639189757,436.6035419463826,166.40526227821553,496.2981978094009,5.17004806567409,320.52726219423477,521.1837230692886,477.08188799673474,43.18939477927395,180.7140825533119,776.8742368431713,135.08426160376703,391.7255162665509,430.2594794908402,131.4788025125077,328.02950776289094,381.61189455784444,355.1419676660405,1182.4822967395944
841.0357115874375,398.90161962395433,605.6868915269297,279.76218388018174,536.5981595342314,4.708932982799968,392.1302467602562,449.64387060308746,550.226132997427,33.62434470389122,163.29661988085337,853.420120895044,112.1922316897573,399.683920831331,703.5618608594564,191.53019074537931,315.36554401568685,527.8228090173264,301.05402596555285,1060.6777066627371
846.8242838399849,333.60447499475157,280.9944234420716,155.97241957277996,391.6423860958437,4.214640140101435,375.51012370337867,465.7449761120001,603.3218189437802,36.73046010768183,119.03431242083725,627.4952816568,125.95585160668335,500.6118656516686,464.94578193596084,211.59953090137202,392.9623245817082,572.3637651411166,271.9680557257042,1436.1719730893124
875.3013685873897,326.7135958249186,505.74099067808424,167.70859426798526,407.85053282404004,5.681658814831263,390.5249156991746,575.2995688045173,391.3417264711402,40.41776876509054,134.03551418784235,835.0008717766534,112.5221843632313,417.7980640241964,591.7310973767815,154.99158925490502,353.9515019600902,473.42689035502593,226.41529715905193,907.862562622385
999.3368072993327,381.05919655823004,432.8605307589755,236.85613410720242,478.78896939858987,5.411328474142274,430.8867463762427,471.323749804833,632.7550005683332,35.213433333887416,134.2193045491704,591.9380978125282,164.33731184353172,508.1756344143879,578.0104754084493,182.3733857033642,378.71946219226066,493.1590428067551,325.53606427548306,705.8261911425323
1156.9512004482501,434.9423392328157,457.3830782639176,243.00751323616586,455.34278687065864,4.694718923913671,416.2453751433674,594.0889724967911,502.7658447706798,50.4533865318779,144.18482253423468,565.2842873706156,99.79587130177296,357.1692397361931,463.75604515335493,129.1388607071638,334.0587229063475,392.1665979199894,234.19761222242377,1030.0862844730843
1080.1921723572802,465.5732594205488,523.7017628578178,210.48251463930183,271.76316395314564,4.63535721863803,415.60601108204264,605.6460740160197,436.43438844613013,28.09056771600909,122.28792166574107,640.0847866114194,146.3397303623267,490.2304047991953,460.72708380088926,188.70458980289652,322.9716803422775,407.0771952550728,328.0635614093187,768.6712827819625
1034.1520650697323,582.646806261176,507.8190504004264,290.60041662026924,437.4180668985868,4.239606564263153,236.80873581818776,724.3177583264375,505.5085673454856,41.31727851402319,128.20727683681554,884.0613855710179,165.4387915873776,415.2285478655542,527.1192844969879,151.98221882517922,382.28477993249015,563.8224729513487,308.14933185280483,944.6563571612717
977.0837681087736,289.11746469769844,383.5264374257681,218.5087283271113,392.69112271135015,4.323805743999718,477.95463138509865,542.9142448551839,494.28595593653233,38.10568143627585,174.95059091392574,549.9684066487291,142.44936380654832,260.2234184038148,529.9652273869383,169.73190086907078,412.23065824643214,498.1378588538958,335.95924341956425,1363.40360573644
965.1499342023908,385.9184724635536,552.6036568352336,235.53035736163918,400.11907866310855,5.281264232369868,264.64439943560467,726.2991908924429,528.4925094271288,40.424685796371605,118.98392222710207,581.1466386700633,134.36503578595094,388.86910307815896,454.3249943650853,194.27567752345703,292.75399381512705,377.9415229363997,293.98415794984965,854.240972107884
1026.101706045305,394.19383794272466,424.4819708602348,149.52623414223265,348.3257770290379,6.58728639050117,391.68334716028636,781.8120373406477,488.0885497251244,31.914155060981685,192.85328264057952,764.8921422177256,144.99890757269338,222.3320472670589,431.7849854114137,179.2026684996586,446.1788821510157,390.36620352725976,276.1412198403394,1035.895893622212
975.0812357663181,366.68342934161944,442.01607809308916,250.91870981644232,548.5113838278673,2.925883412813587,455.5851588635122,630.7667935311522,446.7744441873277,30.278165201146052,101.97289203339741,614.0512314622483,105.42376289188212,448.8192396907292,496.00245749314263,141.97522265583893,332.4098205597898,465.0230721955354,243.14599423461158,933.205744794429
992.3074608901335,363.23853526659565,363.4372736242643,147.66989167982535,428.1981891517537,3.805009707702208,481.14830794472607,480.716920153258,396.57690251612655,40.39427433429986,141.0343233184117,674.2419643863018,147.3030209452187,368.8555492098751,452.84114229645496,179.74940482234587,277.266728617258,547.5692831784056,279.36560183052813,1041.1627899246757
1322.6656737351902,271.49765741697473,492.2879682536674,265.2823264437785,461.48859231114795,5.507264981715497,436.6196400473025,786.0331173195824,520.3558555008552,27.213149277982417,178.54429310297087,553.158084328196,123.74643899017731,459.53264491969685,486.3693298938334,175.31470922474242,387.532427932004,625.5490696202639,231.78144228049882,606.7865721373746
1269.3726346190465,422.84389169428516,421.5360440870932,215.47756056248048,406.73601329285407,5.203513710483449,331.5671908984514,647.8431060314643,516.6419895106345,39.510096227671816,151.28489518614444,537.7616298677941,114.12720704305042,407.78491693705763,368.6649365491747,184.72002335573313,329.9835748529366,444.34553201483754,316.2872618867706,872.3799046295886
558.2086612802791,334.6105293518679,424.7707575230411,223.06640066604842,539.1087124251601,4.721007520267757,421.6674965169257,442.5628002414725,464.10921054945493,27.409619898107984,160.6095395165815,569.1603111956672,103.4441992791231,404.2033716111022,570.2387766154131,139.11997550521227,294.77298020898746,595.6978229610659,396.70301140017943,867.0925511908247
650.4009068588275,413.7070597946365,360.9329280975928,233.98132518929776,346.02689603747774,6.886608069069403,360.86185620241554,481.7311722937326,486.67489933190683,29.107667186872277,185.66800335525497,615.9537373878579,146.50103999363688,460.1096087410123,564.3590556196754,155.42529971441257,335.20640233301805,470.8966646741973,298.7609019782871,940.5028711161394
744.5349729903364,359.0231850076357,428.2013404320533,252.91224882284382,332.356008819695,5.152989515430396,278.9068976595107,647.8594595635697,377.4085325787659,29.15166233691407,72.8688933188827,526.1257147353342,174.52617961304693,399.459382105282,571.1642071151614,157.36378540027246,352.77729257001545,474.99305653931765,420.3061562816591,820.747780084882
1067.3217570789895,244.49752560341025,494.6904707474861,160.45458884872363,273.03337550446145,5.8843098274033565,352.4200831184231,691.7046340043756,603.5405134990867,23.57709826044416,141.88969528472907,702.6813075512682,156.01094208771917,343.2505919800505,495.958901782629,220.77028809910672,300.45390713028,354.9181137222644,307.6655129431143,866.2648635010331
1275.941289843289,502.2703640051068,488.241171942192,168.38734274580295,444.3228759577148,5.640156230680444,398.0593844719478,633.7182880491052,551.5587494455349,33.43319249617999,154.59069295908597,669.5507345957644,179.8320459422414,447.1416270459127,487.05057644223643,146.00119824076185,308.7462416701942,427.4643640866741,345.1212760454277,678.2557791140316
1219.8043155748894,190.90693935145956,426.76304191932604,202.16281484083322,428.87373426706694,4.404770516279948,285.3918324300165,548.7010315467252,462.02039269767306,30.05088542618449,116.334002108309,679.7178483570115,116.29797695587658,350.0458385358611,554.3735104272686,252.8547214193299,291.6330810862966,621.6413277984989,246.4484775395087,861.5736813558563
975.9469833514786,293.3955764467219,442.1058683276123,207.57070926529283,489.3937494809436,4.019305041197775,572.526003707108,630.5315831906747,556.5649411366701,33.56202009569879,102.98407621279468,546.777622249673,143.3564923139814,350.7084967213895,629.2156577795907,157.76845741529831,300.0477234631164,433.7674023717632,353.15029271944934,954.4958720180653
908.8529990647738,382.8623338806514,522.1391035889786,259.2509712286269,432.7416694165327,5.899880849634191,402.4868222731961,692.6074949058468,507.3136907275756,33.95440738269606,145.85023425103822,760.0082845004156,145.78674233263686,472.9024743615443,623.7444347842805,208.53050277504275,362.31343664675387,376.89532635246616,192.4781313730849,922.1986187726277
732.589932415629,501.4586913393913,426.942772195122,326.0678175976864,327.7719776002797,6.64194250414219,514.327812881979,588.2381350401652,499.8680100831701,36.049567304666134,124.5854218331441,603.6068331094293,159.38119249723263,482.13976196300604,600.6377034227255,170.83024720940904,319.6823089351455,370.4322251933411,307.9650422531557,1089.28523868462
932.3758612577287,378.4292579434405,405.7724306921424,280.3372965003587,313.00669664632755,5.000520244708325,319.80010714442193,776.080910648194,479.27939580910055,33.556841870487595,155.94588921495978,744.8317665376916,167.61705691882725,443.52635791096094,607.6688211522921,133.4077342814287,300.99807058934994,382.07907325660267,277.0268357294043,1047.947559869117
1262.4314995187053,434.263821818961,391.84195934504186,160.8347895510488,390.7157392885713,8.123370097281365,413.01958067556484,537.2814472141137,381.0607624920158,46.250039284391725,178.80437463584923,467.21939816534115,137.28672769081422,455.98020989734283,569.0308230097163,140.27042363353712,408.6918637646518,456.86871614828607,288.62175659782383,830.5802354772807
677.0479768369397,415.2746222281345,648.4665428722604,216.35160926640765,335.58673931006274,6.395043748832709,343.60641721768644,513.9224592203796,405.8828621673779,41.645952934699054,155.05216353282225,722.4063058515821,164.4148241380448,570.8706863422933,502.6102373852959,138.28294540059758,394.4551621318828,469.86074898669506,322.455226491755,1097.3893417606223
931.5019751318102,377.9493333734952,418.75318724416337,213.18227712933125,375.8100091608826,3.900204557800759,416.32427235188527,695.2410407510782,444.52709711133576,38.52870660303895,162.0359807773039,718.399637039475,164.027787488415,430.19523739498817,650.8328666447736,184.16512823576565,396.17067009588993,404.37254919376636,175.78856319747553,694.168996141082
916.9337650880722,273.01449459285584,412.79853277625625,182.79656034102578,453.64048994958836,3.909164225323843,363.07205171896544,723.9750718179064,545.3504194806162,30.35151985615427,143.31577176352974,610.760085924274,170.95580334895183,459.28543534993,677.5459440841236,136.19222756718963,430.09050821669047,477.91237522320716,272.47191124972505,886.513887479725
910.8131383542492,285.42118202343016,468.14957823666424,227.84349431044487,350.881319492101,4.319778898158818,405.4303454997835,491.44221350806276,491.0085386184292,44.18074246945859,127.99651415917661,595.7120937249575,159.4857439659298,349.05480847240773,621.4241040888759,203.1838577867395,300.2894703796869,390.42904450228986,227.32582353361485,895.8156195181314
1127.7813362896693,411.61501214017426,388.5900090010107,250.06337532154808,351.67508949365805,5.855678328769836,323.1456668942362,611.0471678307921,502.61559499684535,48.66801820554855,159.05589284773782,309.64610386550476,108.96003580788792,483.53792521460866,531.6863476898764,164.68364476356467,398.71893138978464,684.2648126592345,357.0291248570763,785.9357880341684
832.6657125497458,384.7458377279611,424.94941455824943,230.0945875727817,344.8601817743682,4.275344557612997,480.24514643123064,590.6077166565336,484.23178273757117,39.69587994692415,158.2006675143509,615.5793779833018,157.07173037137403,444.51332485538524,477.1634984697695,121.79770016264092,426.6252336882169,453.34423739921607,289.8899364474778,1008.3109269437381
526.19894553271,277.12752199530206,447.36752680594105,185.36048338492475,415.22030526667294,7.325602555037279,424.775664743563,494.02253195699683,396.3403250618809,39.7563888669582,125.17178585698983,679.3143492337852,168.03681988106032,474.7015662290555,608.002805588107,170.32464950594778,292.0641945101117,593.4571356720501,300.8356219228668,997.5424541437033
1129.1926380032205,370.46001073460116,471.84431528692926,282.81088128883545,383.4932301890971,5.915567588073033,298.96073984968587,596.0471594914286,585.071678918233,40.368914793955476,173.81982851781098,614.5154086860073,95.31364992832016,397.24580413551354,377.7897943329309,139.04994308524894,409.8133618337558,440.63550869699407,220.25123949834682,1125.160996420475
717.8604785484841,391.2517041111038,458.34756986565617,236.97655240985742,383.1620783978298,3.57061171130332,439.90420336702243,846.6502891544625,415.087840646948,30.07233868337276,156.57252419546285,568.6355942394918,71.49827426850557,493.18208297027843,533.2121295085142,172.56915248273094,282.5837704025104,695.6500203858607,164.89104813640336,1263.6345208853859
832.68289824129,348.5464731049503,437.1725797347183,200.67059415018738,449.61948745155553,4.4883464974315315,382.4116566181123,766.1302236103696,555.6119097058306,34.999281872241944,171.52182287396369,812.790951962167,180.2293592832557,620.7026285454297,435.2529496489292,176.19390248702814,363.252196796908,444.6424374692185,269.6637039459891,1164.1373152726985
861.1987928583075,425.3347919878917,522.567585896407,192.6721060470638,284.53678346614134,4.5652245954221735,297.72011014665986,811.6364666987463,421.1559067333375,31.635498417038402,149.6087292194036,557.691069256712,125.61499638582731,398.0846996769247,548.9530124020713,132.32979025478247,426.1792333717289,444.13061912956067,285.6638945813475,873.198251227712
1189.1943289881374,306.65732872868807,435.88166114434114,284.97583118595514,486.3781164494279,2.1208816244374793,541.089908384093,571.5387741492674,548.5746406626147,38.697601749353225,144.03788221052994,716.6555108521878,103.87924783513591,365.37056524649614,528.8875645359849,153.38690209989298,442.7252573194015,533.4535392319074,268.3953687000113,720.3299051832448
1201.6266099108948,403.7012525583669,296.4027143113072,304.9651066855449,334.5735665882082,3.8185376125362627,492.1907014599416,590.5904655556296,402.5836644565172,46.96744670158863,146.1258247878674,649.7001676234778,128.5376973989868,370.85536475071245,506.4764283928714,174.4578974168588,414.98694361570574,528.9913745174821,293.29249674115505,1008.8456097040345
998.4252128676329,346.37241997901646,348.25791024828584,238.5064729798441,485.96928374820527,4.587031345870857,390.68202203750866,726.0904256281553,572.0748075319945,27.389229403953934,131.54164664512993,749.7393122474492,161.63865783280283,463.53312624100255,459.00734559214703,149.6083072564089,214.68553608588195,417.91449390348015,363.18947797589726,1093.7231012303184
755.6417663276928,282.8870347287237,517.6200124694834,184.4363341621385,442.9757049584175,4.914848889972862,430.26834926757294,652.6256733417019,400.37021325852743,39.653086747051155,168.51025096250356,566.8443069605286,138.5626788634604,242.74279126914888,406.80956126086517,111.77665928763994,466.111563874241,518.5740217820097,407.94002588462934,1267.7594078655163
1079.2343616295163,473.09982994983386,382.1229372440807,208.15647361031557,503.65727907204024,4.141859346335174,444.4783003860564,494.58415519910216,435.6131109812035,37.91130401169253,149.18148598212744,793.2762621626958,183.87191947831406,324.8213379905859,440.4614335656609,123.55240565632958,411.7759530720706,459.8877795311672,171.95327760450112,1043.7939931524274
1224.1744327337392,315.7062699089409,438.14722469348317,207.26172039717187,357.2111036851859,5.168519670028404,375.3395726124343,695.7858649463604,564.8965877221267,33.167635040877684,140.85394219062965,630.5503506956236,154.0729607514907,331.94005522551333,639.3832180711461,175.916040371048,425.65164166660657,494.8998316527729,395.90404035965537,989.7428405463165
826.7549848818219,418.62571896106743,393.5877728079878,181.5917330281748,287.06463752732174,4.306111957996315,411.7443412139364,822.131893740026,438.2720332259812,39.3606508383549,144.08871929327282,482.91282408445363,135.68642882537054,338.2009759147571,582.6222262803257,139.1825953102476,426.98087923374874,615.9370055556417,353.51321752643975,907.5136207942809
865.1550109816804,401.69410142996503,456.4831994826865,305.36270382118994,390.1598116151566,6.327841528082619,410.672730005392,523.4779301962913,572.7150882624044,41.937454946522806,159.66816015722748,578.4143516603882,209.61106511857585,346.1155525867326,563.3720870926975,147.27202127013902,469.94095343049236,493.41828507952516,344.0378435672076,809.663197349201
876.1454355290375,357.1481485435069,386.5247418382242,293.74210438253635,342.4491375359842,4.965397560334188,374.16407275140944,491.12475903963116,492.0971634410583,26.25914811746636,202.25131944661993,797.5163828093316,152.97373816438554,316.7131463502749,490.9790141685289,98.31245889412233,325.0714298663628,455.65872037207436,312.6951314651292,741.0563095321846
1029.924629956253,334.28110092379865,476.84785383849874,255.1059482760443,394.52003640893315,4.307675922970382,389.1761968048845,722.437654236943,501.20114865678073,40.145659709452765,125.40468085192556,734.6855783746267,133.0118417641737,373.3649085826616,729.2068779440385,200.14947177391767,429.12543780985254,517.5168634666359,277.73464462510117,1175.3646635098419
911.9656463337919,296.0904663271481,427.4795970588405,215.6472661200059,492.5841880230902,5.946140208540036,360.70155217651615,737.1255161645936,478.65857217633373,32.06935928848375,160.49542163840187,776.7677918339512,137.45094298043955,391.05901350615994,447.6687029851313,147.4317842613119,362.17239821744784,505.11235929977863,308.8639919532601,993.9679837872043
821.3544928944378,556.6280659962636,421.4450261740909,165.7632097477877,395.92788722930095,5.1967289670697,377.31143111096014,356.29591582356045,588.8633193934011,16.085513176502122,184.61727405053392,756.0754504262331,195.0534111883474,439.6532631609846,468.7440073549234,176.2974672294057,331.7948560899867,457.91988308515755,360.36614039641483,667.2529326070016
833.1752016399594,357.2406589645623,343.3533997817798,241.33431757961424,298.1542427432527,4.928754907241944,326.0113112488493,737.9777487102501,598.1731969198361,26.15742567759559,177.96165308574155,509.4147212763396,124.71448879454721,392.18449420302045,596.972863400978,169.63924278942986,304.30528820443175,542.3370169761072,273.389805528838,998.7899318496909
1049.5550039120671,386.1885397305395,309.5327543206988,231.77119084610894,452.63838867634183,4.304164832624487,456.884701221311,689.5739328483515,350.18735642832553,34.16152692023997,171.1333386540752,662.4246173631784,120.16520995376179,421.0990852093226,509.6193918936187,157.93495940017334,403.58835513119635,539.7996107582993,322.9125853997998,897.1089512057591
1004.7062044686597,349.0965738382418,367.1304043203852,274.45181364418096,361.92040268648225,3.6089942558037182,413.7837730751843,511.58456855719805,389.99959744714505,47.83948365884127,203.95107487581652,726.7500553996316,172.00781910949678,431.2933522226985,529.9651927494134,192.21651752880547,429.1932475289668,497.8500559942302,223.65351535532926,667.9485964083278
1093.7683465305522,392.71727349392427,393.82972748037673,236.12082130170026,307.06125762137776,4.083613468463808,404.6585752351907,297.2213517661395,499.33909223717916,54.480355356843205,138.1412679663306,613.7458678493005,151.30581410805934,333.025129488584,447.2356249033982,109.44798684682809,424.8914278290204,557.7291478668915,233.4716071186536,854.736229406034
1326.0462876604556,272.34776097907843,493.9050237575509,193.12948191399872,351.5057542891003,4.535338705345381,497.778841555614,601.9649415495852,442.8991082256498,35.891803465808074,127.26949903225128,717.0677249920301,136.03914074645735,489.85135943897313,592.4727427686421,167.42855837524326,293.1497190270876,455.1636940025534,310.992157884416,1018.5026455772863
731.200070597193,329.7079045221159,405.4399561800662,195.39304441369288,442.06385901907475,3.6507030149164548,328.0436824102608,654.5404668976105,416.0469451922434,41.63775380215009,141.20094307998858,598.0016466912199,137.9700499948793,365.7622409415039,465.5597879404746,106.63625094708613,384.3319450074699,396.12186101587787,262.5559253098887,785.2793279733144
825.6966350241792,348.202980170164,397.8139538982389,246.84473422400194,257.2333735440932,6.417893233962078,327.5161582054135,578.63158899437,422.18334385749546,30.964703156786786,204.2212142146684,527.4304506384731,115.89567139673379,405.20674677237065,474.21946903060854,165.62650154381288,318.8620340875488,486.24706715973485,336.2068879675282,1052.1226124917987
1011.254041505531,301.0160384699295,397.5214569252736,253.81328739079498,476.03786805249456,5.14130565758402,267.28930822684447,565.433836955202,568.6381409474329,40.31489875187078,120.72009087951487,665.4945462404742,124.98659882673013,311.0111153917539,384.3719239512768,175.83437049431328,385.56199536592493,572.6829700984485,342.522769242773,1049.54735074934
1039.9684234381916,332.97893311236305,334.85868835973906,280.6170231108998,346.8852618352063,5.893371572162504,415.7600508554008,607.2890344115435,269.42546404476093,39.619367217198494,145.26517198425583,704.5624632722133,130.12341797743667,366.4672776418296,398.2390741379225,177.94101908067967,342.12639965464416,561.6155052437663,335.24685989948534,935.0305581322785
1176.5511837995668,383.9309647967556,371.84575250240835,205.35867623145802,442.29302563599197,4.912384030797358,431.31113846061794,644.3879875635749,589.4046830227792,31.578432121185717,113.35267823602217,678.8035625548267,164.31211357412428,365.7430883470138,405.2939392737187,200.9679201866731,359.7135152030408,495.2024934879324,256.375860752053,860.4580716461628
1060.7613359949964,373.94742353321,403.0211090367929,258.6152123998209,478.6542156697589,5.875081436444455,409.19469394255583,619.8411100454889,585.5076502743505,34.404702895688416,139.51352393134908,668.1704753624645,169.9778651157562,362.1002174322242,478.24943632182055,187.1471437426356,298.427763446498,424.1372580964095,280.59194191109964,749.3006257402324
1075.1356192074313,447.71660390258,426.14662561937905,256.33616979648644,421.4390560811651,3.5023612527430616,444.1367321153113,655.8023658422642,465.7001161603405,31.462176610719734,137.62296255920344,779.2251977341296,168.16595862141034,359.90942200316715,402.5661274869939,160.94682443429593,199.72088004207802,465.439807359145,304.6095456927476,735.7551954710086
1065.0319490009517,489.6573365252021,448.20403919875343,129.33677083331415,360.6791055984613,5.8952659953285185,260.1663385095686,585.9922045078705,439.8404253441543,36.90998739024548,177.52367040130395,630.6107433215439,129.56074504586115,481.52200394681,541.7282582647342,207.92455422596925,332.6474793314543,451.70879365951674,259.50083347448896,874.8885438199999
1023.7185778940419,380.2195699991727,462.2993350716062,275.3330951215189,387.55044000636724,4.788767826818925,331.9752028822158,671.4545538114176,367.37943099202687,33.803348506871956,116.11871232544314,698.2473402444725,176.03504737542198,515.1161155997728,567.5647072850802,155.93682213652124,400.8497167166819,507.27322327784236,338.14604892001245,1034.355803860012
1088.8863128785754,405.69016313361635,479.4980673813832,172.13425870543276,256.38703747632536,5.576164948654588,458.77031467204915,430.6166809917175,243.28152678029554,41.32398104348857,171.75324936835784,654.9671249129048,128.75677929720587,564.1833628623027,596.3850896195468,194.9601789196421,437.7579852285382,356.82679819236625,229.78650966319267,902.0641233131214
828.7341181060355,430.613344801861,376.9900280593225,174.2500207709602,412.11620611245434,3.9663674879684825,422.80410997092105,582.8327376569669,517.0560573760358,37.69314215702035,120.17620200147732,577.4737678821998,126.61373090706857,492.2261135357516,493.8708283892455,156.17459444677968,432.15494276567165,417.86619763523424,186.6686955888248,1056.1808273885374
1120.2321758638172,286.54263516579545,313.4515768732373,284.4992512708453,356.7555671909903,5.624945043267595,498.1642538787792,659.5725938615735,395.3417323880069,25.19786872874794,126.79405871651682,752.6965358322839,114.82602551385673,447.8711789797364,475.0975482567494,128.24923126382674,362.9960809643866,524.9291970225647,303.2856111083338,1006.5962823652776
1124.9945035459864,261.86849516574733,466.53305586393736,258.8775979335914,307.2144729872505,4.021397306740086,420.75911617897117,686.2565832279125,507.0230579862109,49.9262180481405,131.04091590990555,753.6423962863174,171.81631166569485,356.0986268823405,453.7045128967915,154.50998004112998,266.71532846318405,531.5017939600078,286.067661664673,902.5534470894776
715.2259133948402,347.6062795399041,453.30063497555045,256.8997904897698,276.11939257941293,5.47642460568147,434.55918208175694,480.3040134080726,466.17536762521013,36.25645344429649,153.48171315316026,546.3343077439371,133.20151552558258,351.4453221236866,512.9800819122747,223.68140783933853,336.02483278186094,340.30946444006577,256.33261531902104,1013.7802559168591
984.3258287396883,350.57979242691357,425.5292954649651,310.43631520371076,462.2683006570848,4.12535706503389,288.9150564082673,516.4069422714213,584.6965444897944,32.85116869959712,162.15964756221638,646.7906880354417,154.81712262613422,458.951529759928,537.6476213003048,156.23861998314237,293.22119600853796,367.1927616102289,241.71725383508465,547.4268069099978
1070.129647771815,364.65383525439717,336.59569993142225,155.0717103604385,354.4325689975825,5.995207640029753,396.02332840507006,687.6436238375323,503.4023645178225,30.782145690837016,140.62177502166412,408.1154739394584,122.92320417178122,492.46670803585147,365.8035952060043,198.592700803394,490.5112294572077,378.46973586717303,388.0180092151604,892.4266746033677
999.3551264338349,517.9610761834246,464.6157697043211,215.93869428658465,321.6399066133596,6.881398599680898,331.43739756560217,670.3125720352308,541.4196770736288,44.078588531314715,190.21755521627088,650.7966639928967,129.8787895936424,358.7252810083917,492.52715329960967,138.7383289910072,278.1088447483969,395.50173529006594,285.54150758420695,618.5668898710701
825.8678483819488,452.86269730643704,312.2651444727281,173.7371752179718,503.8434126456948,4.8173063330548205,374.2461874438604,767.8815828030356,584.337180318923,55.45867723191452,132.16920216266274,744.778818551418,126.98095041392956,351.61083902725346,462.51150695382034,176.63740504563978,461.2056048418225,421.48279076335876,335.12053472511593,668.1577145604884
878.4205960640021,332.4137711548545,395.8751537096389,126.20570023363781,509.6494867185577,4.964965211105935,420.91382598172794,554.5092528232348,544.8674241174776,37.798757358048675,89.28254491902621,658.4294655251052,126.6886295207806,376.13921769637545,578.1094070931413,179.29288281973558,205.24998598207137,562.755687236774,277.60113599999454,770.062058512547
905.095116401639,485.1846723839033,389.51897767124404,183.4742199037974,313.9291065181444,5.437181495832511,451.23179477824016,692.152203993343,433.7888080652992,33.787019033074586,101.15177785174257,683.978889280535,150.78939317867025,417.97881965244403,486.62643043293804,158.6759879629704,370.53356642332204,671.1711347597491,275.17778819607554,749.6050709317159
1200.393127851962,464.4776885989342,324.3050432655924,154.8587517492545,297.15917759642764,7.163429603337755,317.697652066706,616.2310784143011,451.17257946749186,31.901185854517482,144.94727222923007,622.6160610249716,180.8096507196254,530.9848703965226,442.81372040028873,96.14935080338824,273.4708073672236,409.3684948484673,273.31744854025084,1403.3165978271684
744.5987124594094,440.50149877843836,406.8579497593603,238.1150480440435,187.69038431948735,5.967853282124186,489.60746003909503,839.6606942809652,454.40280351657225,36.49573003698341,158.50179476986943,635.1630222571437,156.86906784986365,375.45655666912626,422.4420073511229,206.8209082310391,339.9757504325059,578.3961689939051,252.75499606457137,822.4977402306783
982.4718083051101,393.5465097859154,405.60207444382974,233.80697892145176,351.2659790968726,5.260173718626134,457.1380186714101,654.2599819914586,639.6589557747376,36.055509918453794,136.5235385312549,547.3840389024091,136.78660655713006,401.3980358909099,507.7760626731125,189.21738303232758,323.71664381982293,425.0716040602345,387.1257399576939,1210.4918080177697
834.6037428161357,341.13469415366086,596.5188838581262,290.2138178705611,402.56206885440776,5.412764265599158,363.63684298423595,492.0480168052693,394.79308007091333,24.26831516453781,118.59034952626602,674.5146485436894,115.09683443867615,456.8959218444022,533.9357396173023,136.99975168386047,286.10840010055085,482.12794399591235,322.0838509763944,1045.7591147442108
958.9462627036373,285.93532389038916,447.57135121129915,264.01293272097604,417.1659240262907,6.639254885222252,496.70213419653027,474.3771137486671,433.4031394762583,37.77236384422225,101.79022033757741,728.2912964863003,149.47098306117155,456.52490306958293,445.3713113205385,167.1251411969782,285.5138808971302,543.0525578971503,217.39209880032976,901.7154779000973
1207.9016943647748,361.930893137845,419.2399833742537,305.27497684459814,389.04533552378473,4.2661660629957625,388.2602142303659,745.7986283880605,547.3127205827808,33.62119738365766,99.50679847535872,712.4846599171956,118.54224978595752,184.0641205424695,690.9493574833753,181.72893507434074,377.4986943732556,628.9779456199182,302.2448333792131,842.8152492953247
1086.558959352754,404.49059877682083,462.2727607647618,199.46412426574847,355.44081491137683,3.9685654885193697,340.95599970428896,568.1494224951512,414.017050391944,51.552529794358165,187.3402216733868,725.7384581478926,166.9384382708966,548.6620839997556,421.9152967954549,168.3455278094333,320.51226665549535,348.32789906822944,379.53754743322634,778.5664040066175
1083.7755074012493,355.3999591174435,494.7806181663137,328.8428710944467,330.5273198456861,3.8023373576926858,369.8378325329611,893.5114926513195,415.71995644703696,32.44559869517496,179.3676103480693,777.7365007079044,123.45079563985537,286.2535148808181,454.3220679894056,188.27060040330622,271.652111607468,481.45261703339446,354.99266606667646,827.684594034501
781.1628324243673,310.9407890146981,525.792243457015,192.83316269420965,402.0423495423398,6.372183165452162,282.7291767881502,636.2880845723415,353.05818531468816,40.648977663004565,156.18784175812002,427.2524484431025,144.78562911521172,326.70079828729416,440.32234808720983,114.63723536116788,346.5062832578844,440.7444720081012,309.41155637980467,988.5042063889299
832.0351299639078,319.9338957735228,293.8763420077261,283.75039908896713,436.4568843153433,3.839037000508908,361.2251743559576,759.6792909198731,454.14844353094463,37.90032486827513,177.21193156230675,657.7624157310379,145.2676357549205,351.23171609748357,543.9924398525143,176.79459777460465,329.37858826608607,551.5565164072191,190.6236742325964,790.5991665185425
1004.876256865368,318.3797711662029,508.4322106038889,228.99523091460088,449.6898097726758,5.903034675145163,454.40807488543555,656.1662682360155,537.0850549737464,34.323974456343315,151.77771037774238,754.2385061141155,157.22553381207553,306.5094409434329,474.9992624098092,165.13321195973543,353.4056578095187,425.63841982111387,294.285420907779,965.9304511734274
746.2436124012822,276.9091161439808,318.7942076036151,258.21328678602265,356.9423562755273,4.678565369007161,531.5101963386041,629.5461128612263,393.59533027467984,30.26825292422188,124.84630133254845,497.26243460477315,172.0660892691329,426.0789600458213,594.5953674269651,160.64940480971808,372.40420185860546,433.09693177547257,305.8646060018705,668.0579095336418
1150.8178907882182,342.1007557579379,437.01658800639774,212.19396205585213,409.2287958133159,4.427918239341806,380.2836221883307,561.0408480173755,634.8743771168323,40.69486507046029,114.50223985141085,559.5372695040512,154.927923007296,429.7730951622066,567.6881239355662,171.16761632719653,344.70821022301664,425.8359513455045,308.7472247499725,896.7924110992155
779.8540618317991,477.377257131522,507.1959083064802,293.85128256723783,457.70580340035866,4.367086785523723,358.93565818228825,558.3243754798041,621.7861335249515,37.793707517509844,142.43207301469545,554.0238660335791,144.98763500594734,342.8461499041149,336.12054670091356,177.76205748753597,184.12272959516562,375.247935374868,330.75785446291496,940.3650074566899
684.4550860732732,327.77541758017696,379.72142492952497,181.49257456826146,404.017185547116,4.781786445908603,281.39337464644643,606.7637632828656,490.03723421651455,37.238691597548325,156.92194802113292,745.3455302317911,154.52977405559668,507.6729104822755,524.7535142793536,125.05843837657395,318.10529847080676,493.1302855488209,251.81247974604855,1091.7629267035588
793.4367193267699,307.41187213289305,537.7664775054584,236.26598558819896,273.7077825311303,4.227191758706878,471.76852677844823,657.0306754095864,372.6077586516058,43.05950402445684,138.27248272102392,471.55631877756093,113.0468474718073,628.6911074933614,347.9269453468241,193.8306157056367,307.3778093675362,417.7130836953726,218.41113808312963,904.264301245715
888.84087674361,326.4429781059341,348.24259457899933,286.4731953164041,458.22633945537643,4.366825136908436,497.00829369765574,612.9997326128442,590.8044286705151,35.38758265064732,161.41388163378627,616.6696338240946,131.7469505634812,302.12066568782194,546.8870061937431,143.85847115237777,372.90579476254857,516.6461822560103,317.5095226609075,985.1554015514926
943.9672234730293,257.2626388453653,294.2285028614799,218.92330127987165,406.04851658366505,4.327240206724069,370.23175351605033,520.4126712012605,467.70066540700867,35.29745773682939,167.96700425609993,659.4918148460458,192.75297365543884,423.88820365662104,488.9808725024067,169.92594386131935,420.0611162619989,538.1402161670176,263.8167910353424,880.6763745164338
1239.498249521496,491.1133646075906,507.8790118612788,288.21134016714973,330.2556185830294,3.9689918201332697,340.37429844801557,520.9912631584076,401.11571292903767,26.885858248118062,153.41965377127224,709.5407764825727,184.88886617999452,386.7357735707626,629.2737890022935,185.5735899282388,305.15417445464504,573.5413346613855,335.3981127379534,772.6526062137368
1069.2303299919017,378.237890872267,331.07582735983584,240.98107363523704,267.8993648922836,3.860181162901857,443.86274898826366,786.8877790181035,573.8073100452511,31.38941920238075,159.8798346511031,442.40488317517486,131.82708759040298,476.5642243957001,404.35368154116816,208.175437078588,304.9403274329007,521.8827379539972,333.7890377141941,785.6681365430098
904.6623585803364,366.5603418021123,427.4387821878982,298.69806731241795,426.7262734667165,4.598442709233122,503.13815728594204,535.970670039467,511.4586020857535,28.018589052908425,105.26676372505463,556.839359877662,171.77476235426985,495.6632746790957,594.9855985167535,218.31565794270838,268.7208282978679,398.41030396057374,323.19435338999887,996.6911335870291
912.7352385642005,281.3300312233749,369.4089645823237,136.80467157763496,419.3078240006867,6.295969441758847,493.4410342811,794.4116722095778,538.4503179784735,30.07343871268262,167.04234761234042,672.0433363254102,176.76823832633,445.3619357914277,551.6247642306109,231.47558977671673,308.32620386290967,552.6394710267771,334.88728587274807,803.3762253226141
931.8343849909165,468.7381995260653,470.4118338282516,239.54291811428797,315.6383312157464,4.777335786959238,413.5815460626948,554.1997828517582,518.2924352772028,36.15924775624982,187.80957135196252,593.4896570211351,141.62941653484887,452.0510194092251,413.02714352549685,127.41111091969114,335.7690224231212,469.25424766097177,144.28504244544027,679.7834789930995
891.0596380652389,455.36141190867,425.2533638337554,252.4473774488581,382.41334174678485,5.826225009847095,353.98180195881275,672.0252174646996,517.0726798885783,35.49915999405819,200.31140619752938,724.3046491885316,139.65985061624815,452.14164783175295,410.4192808158839,190.09505782079776,409.40885364156406,688.4039282075058,271.59741577885865,1099.6818764341742
946.1898815379454,409.6108245032747,541.3706576246171,225.17760504149356,373.58756275690615,4.670633562353894,399.00638104311594,605.7797816592673,498.83625058442124,26.454052356170273,132.36287414005088,593.1564272920099,166.7495621408451,418.9205064173294,599.1118480017699,131.33834652297176,372.5721941976464,491.4242038810798,253.8875670049726,1017.772846373415
784.3579396177403,418.73853578650926,406.5270370390699,280.2465629716299,270.6373488469666,4.831860158444413,503.2834579455723,630.422887912224,478.91484570132434,44.799064349876886,179.79016429709148,677.1851571209875,113.66945929439201,492.6619639870812,536.5827550825828,143.09554557533409,326.40655785738534,593.8260226057414,282.3286993446449,849.2856408407205
827.7063446748863,307.19205171268027,338.073136560883,249.06816170161704,399.4936311654604,5.4572579559530725,358.5665211928145,562.3139974961887,543.038590323522,32.01298432739597,149.17435038907843,405.48910444113756,111.55984803250712,603.3141085508881,561.2616552244297,124.46669393357604,342.26684557746853,475.12187607106944,327.91116088521676,828.8997352231507
969.0998142979822,430.19265002263205,511.1079541911632,309.6376749736331,358.2243253358216,4.354491948173081,386.09543851430806,511.0532558016282,435.99983159187406,31.31112985530403,136.80069189950694,684.7518001284296,158.0822831678184,364.6364572638446,591.5869159877597,187.98370924572123,235.52414979826352,569.7325733844598,292.1139688519367,713.0755438292297
1137.2495521197548,415.87097183337863,406.9597809750789,233.59449322282617,449.8660329624436,5.203185279303369,450.8239811934095,770.2402880000271,530.2513547803187,34.35559968656972,117.47365743701705,518.1735515830275,126.1822630663164,379.36183347134306,608.633369006279,146.38016869646668,419.9412740536441,522.2807555052597,331.83510997937003,697.060320155285
662.5437692336973,261.6462972369044,319.1281708379996,254.10537293341264,378.4903650308565,4.273416018120081,440.58532124180687,884.4225714866575,548.6162175452622,38.95845881558869,141.93806429251862,607.1006164211033,172.44286492343576,280.4763570227967,403.4240816011806,146.00456239575692,463.3710154665946,428.88823905181016,411.4380332285771,755.94858025541
973.7336041823659,352.33112829638566,543.0590796462549,253.7878158735475,388.69094041691693,3.964857452744374,317.4499174313421,493.58305452038474,487.1974023469848,46.84677327555679,171.69937912766926,469.0754790929713,147.90969678341898,413.3861663187805,410.07841250638745,217.83657090140682,381.86561796817927,519.9924382318587,287.81463265212614,867.7198153628495
1230.1368007803148,285.2691637236016,476.1592944562932,269.36787893188006,265.0531112655025,5.3903672379254575,570.5132431188421,262.0568716792745,378.5961773402111,48.696012422395555,79.81993500070226,658.3163335633683,134.8945916110054,349.5445545581932,700.5856495423089,178.0242071043988,421.2490114412496,553.8663642275511,234.99874462994634,859.7935804014712
1261.2966166033473,394.7014136065218,516.8377500328457,186.57270750246403,407.16749683698015,4.429261734735966,462.8215307075262,335.98735132883616,456.20250947750685,33.75818152269048,164.71306095347262,593.509154353924,90.55530380552045,344.00299160028095,603.2865490039471,177.66031226238124,291.7373526815595,486.91019032153645,262.23898441867505,1051.484164765253
1033.5202503247597,281.3372342484728,532.9444197716452,240.28942469878427,399.3911558357845,5.577935220359294,454.42625297519135,440.19356872286124,558.2798990203094,31.03155038505015,178.16264812456856,377.89719611002334,160.28506892566088,366.33984407516976,489.16435834032325,137.58546741756493,336.05252579833353,485.50629466672166,327.6211114137607,981.8656964778626
1207.7020305112392,387.3310502598195,435.8877176444428,239.98140756470198,418.16553267955055,4.803674335917796,502.5476536953042,742.2753431414309,456.365183462901,26.773672828398325,158.54734544598313,555.5415459357145,127.48024953292912,412.72719547580033,606.7914059003571,186.3967273963645,395.66954464068647,522.2696849346461,260.7109868179707,852.3297014331869
699.3802298747514,302.6967506858151,486.3928345731937,231.796535863236,393.6066078015728,5.858868237325447,305.9455069352143,527.5689848007295,475.927002713485,33.6281454383609,144.0019714897815,707.5980085793387,122.54923330696519,394.96599073281743,463.3398993721262,194.57163669033872,369.64250887450504,696.7439976288849,439.141372426218,1077.2777147331456
952.2066792967919,536.4088097690142,378.2285990764398,285.75613000066085,357.6018042741306,3.364260687835632,360.35864617606927,856.2406944881412,447.5741294008185,29.964005954767433,119.43469878284051,590.9577234894668,165.91612601744797,340.9622458298629,686.3097141648838,113.65866571226118,403.68386743309526,341.9783903820835,302.7551984662878,678.7877723855011
1099.7993471543741,365.46704516471306,473.95358137834967,205.01564494478788,382.3158572965897,5.783342990728702,451.44343502036884,739.5867798415154,470.7830375026839,25.78417637935658,148.87921683827494,751.7197659939873,140.28331371492663,291.54761701358285,504.884711848799,180.9320746942854,316.48526737424567,482.6054087059435,350.61117333371584,959.2010137970251
801.4549828245788,288.17396019264856,370.9025567462322,286.5294164649158,309.1974144797939,4.023800406445865,302.80966610832087,611.1908380240516,379.03574307604833,35.905267290607895,71.88152881907324,484.54924797663944,175.95976513071508,429.99133758195114,473.2341412635941,149.830427329336,329.359798990876,508.9692211523982,374.4105969318774,1068.029680109943
977.5931317388779,454.76109836196764,521.2680804895455,194.3192850588132,438.135336653922,5.190568221986986,412.72277864002376,587.2601212921129,560.1512641177499,49.02613933307029,147.05263244294397,652.3001745821648,150.41025223426598,348.33262073005307,600.8021448165733,153.9979695294363,347.85738196559396,474.1063879221698,320.6073370087783,1189.6601494445042
798.0443258646831,305.88762898067125,417.9807016809446,272.26842084371174,397.36587087496065,5.923569032739868,359.88048257636206,765.6951971891623,515.9191095314575,30.371337105401583,138.33054487073844,452.21324275839356,135.04937781377225,564.5568432164165,453.9861634555801,166.08889449436424,317.0205861616902,471.5569122491774,320.60058268490934,843.0360351479869
789.0208773394054,397.1465040533334,372.14415568380605,241.09011544704902,438.37059496947484,6.126399555146043,423.765798943157,484.9884077386047,458.6984530055201,39.82456787209982,152.48002438937218,538.963958742293,141.2143815576951,415.4368555111686,616.4979286172427,169.67838744972167,246.47695147671672,643.9563430682238,228.21740203004362,1030.4442829985474
1098.963532695297,320.0710905282159,423.5552311885651,196.32889245893662,431.13896531994453,4.4688745762348825,376.77505935466434,582.3469338302555,423.7242995077048,42.419549084340595,126.2049389667653,516.5421732699695,111.41558086921918,289.78700792882694,472.1891898984431,220.51035640126798,358.20551097295225,323.1186893621192,260.5458475782881,1305.0156987438163
849.8496840264415,303.8544791940332,453.4063472698863,284.69943035542803,305.878696048969,6.539083704330923,285.7832467135175,502.62477760356154,526.4504117916362,35.21362204074465,81.00612445697729,528.7053585532897,158.86678471756952,406.54266863663094,362.0683612107428,218.36038924227734,416.7005680776416,475.8665577693635,282.24252003927256,971.3247454635941
963.4631954450292,358.9650407380237,483.1375326450668,174.00233911201045,335.3362696025328,4.365158490269992,441.27833842930215,566.6536325721293,626.4177327383668,38.46774773721127,168.78132917696132,639.4441587950978,136.9559230623168,407.4346045501621,437.134018730168,138.81313390834532,300.98408532757685,489.1917112576009,268.51470842484787,1044.1581940062308
872.1471760352367,385.4815541046995,472.0874622425276,311.1010405577396,235.07988799482843,4.6987559371835985,485.5053283072287,573.5077361547025,375.5043848147614,51.57315007607976,160.26517992760944,416.89171950690775,112.69691110808213,355.8334578689529,449.5323532570896,164.8814276887439,387.44400008093623,407.853164473785,352.24986455009133,1119.890080193305
1015.9820801314344,416.1247236609383,361.50788677631385,282.03035988208336,362.6403885546593,6.376855824620698,479.5065551101469,611.708153442169,509.00988441920913,37.774887724817674,169.85547074524845,484.9251502782246,152.92611470371227,452.3499924779559,523.5655506867793,209.61321034019196,360.82761196578303,531.246437412096,369.54501255709584,682.5843651560772
1109.3019235308884,404.59371463584836,414.9416422348021,284.11711426981446,262.1584141971346,5.219982092722809,430.901371425003,803.9987074753963,625.2877499278717,37.60559518549628,108.42968502572202,657.9363766404349,117.89955556133083,381.0447738007386,542.8320347534152,210.3668118362379,454.45073872153586,457.6966920423023,280.08717756519366,1165.0691025319557
953.0154144297204,300.49744930596114,360.77858414952203,259.870969590193,443.3049138664074,4.6088063469125995,380.3301056124472,666.5305190047585,469.60592905376797,43.59705759006886,172.8757703325562,538.1827019843184,172.79050743523595,502.8453589374509,555.1270900799487,132.19719236491133,414.77593179140257,409.21968277967767,272.6061270369865,918.5748502692046
983.3785265907725,373.55993157166665,427.2124412672665,208.91043287138123,394.50809057275944,5.353258127593673,439.1623944475891,411.63746083773475,546.1212317385933,42.494045073114506,171.55863878803913,898.9568835201233,89.8177363522529,360.4254590518821,467.6632451916638,101.46630379070689,406.79443949314896,547.2586673333009,251.1033743419957,792.3802132066276
1081.5863095136792,375.459041487514,214.45740355384217,268.92935564274023,437.4757241303285,4.978778245035379,334.7629210619732,554.8265185099059,489.9422678061889,42.67668102918013,153.70353243929267,670.6396424982506,148.40043860887712,346.9333377253206,613.7004503338346,183.893294141754,477.7270339670183,459.9479949759181,263.3975307717219,1080.7315375099865
1009.0072235301077,401.0683308711183,324.86069218348365,219.79292863213635,453.78666909083336,4.371330135315187,518.1847135186429,525.9927883886202,371.83236250456105,33.9136288673166,130.22878067984277,476.8112921377285,139.28622991372063,406.8019912605934,404.7154778492255,173.08474460371417,223.30499583490783,506.34087243007497,259.7815953460964,1026.0063917099515
981.6114741505183,317.3616513706764,402.16585176389344,280.6944558220169,310.0207549068779,4.415325861518239,316.8940051564313,657.4626475445197,463.11490131314474,47.34068100620094,143.61990310713995,835.4458896671694,130.9185748371574,341.4667001433302,461.4675928977453,181.60383738156156,320.73607053717285,446.8357909497568,280.4259444935337,960.2890245123666
907.0216179030699,375.58228045903667,470.2487943766011,200.4913512977586,347.05312631307874,4.866784754432172,293.05792762427683,620.1232792863309,516.2580859013037,37.86608843920197,120.12957154802045,554.6964449493448,133.37749356741227,305.85308650080447,492.9960866633027,141.78263578315799,405.57036822877524,371.0122862766448,316.58773981277227,818.0459148858832
868.7998203701711,352.5524041696977,365.0034805362757,282.882162345008,500.13240384870386,3.7349055974614975,301.22968216869026,804.7133822559582,683.0678402904529,48.083384564775976,154.11639737475568,1037.8416578650124,147.1522290560929,443.9567740018423,484.14293415871475,117.08302080842945,256.7972424751705,491.95025765941335,211.62771348257877,800.0580913334985
857.3023682662339,282.35860175404946,280.51300874710046,198.53785436356873,364.7040164813651,4.729830660896609,524.6336473340324,675.3167320656356,419.7469001773795,33.60708486461641,167.12679034096652,693.3849437072996,111.39668914438442,346.7677372394947,669.1419329102287,208.38368167652484,390.9075175932908,498.79452376279426,277.1673923627529,650.3344270324478
922.3337877301327,341.9394528427251,392.66643247429494,222.10881926722155,440.5123696895816,4.078337266623022,396.7378043962903,627.8071810547729,575.9723990556843,31.479471764257195,178.8071808209923,680.648585881701,176.41380625932743,268.57270800211097,607.8508844805328,180.80667163442655,325.0418170870941,464.26486823132865,282.3371462735344,1045.1834846206257
972.0006274362814,316.49917968879504,414.04523890140985,244.36577620741394,440.63564168439405,5.468213426433035,347.0226557207149,431.4495745014451,446.25991129340855,27.52135927470347,157.39159329122316,625.7062015420485,113.15717977911876,300.62704188938744,440.9488920538022,205.4353154864999,359.0131454505655,312.6221388303883,347.5900499881521,557.5280131962454
784.9585934734264,411.1663587246053,414.188396885635,165.12872208966414,369.20955580498656,7.2407229301448695,346.91604461229434,676.6026634911896,583.2920247498704,59.35237851222489,140.27668891264068,639.1470277549042,135.5388136316187,450.39940339220794,562.9108536579964,158.8263876909185,362.9675648780637,433.817792187621,350.6381992376145,1050.7915999227655
672.6127628655144,364.5696658378632,358.03973449705893,283.38560060110484,435.91391776504696,5.634708784112969,537.6084731661263,675.9869526022934,447.6061462555173,39.101505664936205,142.28675445682197,808.5130568480224,130.05275623629458,301.12177241802567,576.1896260167498,145.6372854990622,314.49309967407703,513.542435828424,343.9356727375088,994.4062475500874
867.9140486343165,316.9364437574978,508.6495453190069,215.892282623093,503.42405329872196,4.308216600965344,433.21034390179955,645.2101891967534,564.221453845749,49.14806546541578,162.48463504331946,721.3955884838332,123.98295089227764,460.75072489269087,574.2046024971078,231.96747896550772,260.9857211237473,442.0834174587069,411.58352971603875,914.9446633987505
839.3551601225354,313.7914258922258,441.1074921391965,248.33270825990903,381.32667431338785,4.738028451484159,518.5850810897241,538.4841944982843,503.7279653117365,42.15912851835111,154.83869761414905,694.3342622573449,132.7945495680419,397.78042431397625,534.8864019028817,175.668281435311,415.8172937075162,404.14055827679624,205.00098815840158,867.3021872102047
1026.6967095241,341.64978898353104,407.24493648593847,232.33491264331676,342.85454482228903,3.707110642414926,339.1797109246287,698.64316779277,499.40321481120486,39.00641603166878,157.77826019168455,726.3669985045109,132.43761644493665,404.3626735611627,554.4731472072083,156.3234798747551,346.043931758168,581.8194410378441,347.7393066018835,1094.2581556050382
1106.754933037811,314.29353088835836,447.14946818470366,239.02285515399385,408.4566295971069,5.314205796522041,409.2653114667227,664.5378449228303,662.1945871189614,52.82785406379132,109.73313249302042,702.9829808170213,176.74638364728898,305.9877601181511,578.637720351953,157.89452528373008,273.77162227576747,408.451523578418,218.27337309098465,1038.1267012053736
871.5706484250388,331.97634699961856,463.9474981111097,158.59558500211523,373.29087127845395,5.14941934480172,362.71280453728957,517.1817365534279,597.9485038321469,29.094179915098675,117.66316395941223,501.0606356714584,178.72408228844867,476.0575811692622,437.17070349261263,181.24733111584277,327.015649340585,584.531741785367,324.26773020405045,978.408336854192
1233.4767797266493,318.7180011243351,200.1100620663809,183.87125698330937,253.3601855147676,5.032579210631292,392.9760833621108,755.4875419435418,423.1708589327145,41.11640018687925,176.60288016997168,495.0849440701918,111.3360047597645,378.4404781301407,301.52307245123234,155.8373480254926,375.2068320758026,495.00419435012543,290.48577765335665,1136.548835612652
898.8480175522396,459.8398113907494,355.2111450392811,133.42692426135028,202.42882539620717,6.216414363374904,415.8694141693587,694.5850913568335,555.6122510113692,45.196961119118235,159.47876596655303,468.0400964212684,94.80883595869771,294.80755764180475,409.49942078614527,149.81732954206598,310.52992455932036,613.8744719012456,380.1869834688259,797.7409200632874
785.399394491018,397.28000810721585,465.6796022935621,236.65832531959225,392.4621655205474,4.766031808122552,355.4248241371943,749.3648398021222,638.8367852624153,34.64170047122565,138.43357184925483,655.4528286840896,141.94853049750134,308.8812772510012,565.6737980577761,172.66751072587314,442.1304091283058,586.2876114443362,172.31991270409762,990.2660548092792
1224.9150151044892,418.12420616346895,523.8552992637465,295.0954206705144,443.09351490022283,4.383294103464632,366.6560250540728,540.6375304061327,437.89969129613274,30.092178562850037,135.95901905670618,720.566447957097,118.56403618659809,408.4672121872929,490.72002649360064,117.17687497252786,375.4816730137949,441.44625315371013,193.90230162768182,1100.4316037317233
944.7272910299077,353.1023469094318,410.15305649958833,215.62530752344898,339.63550306487815,5.185756905802316,400.0288721962027,587.0132864385457,488.09519950700826,32.66337326162605,142.53969018175002,589.5995139503235,144.6905373908247,260.6285671215875,627.4564165050066,171.0214627511445,436.92146044555136,295.6827061147952,259.99289895684706,919.9872136637626
1017.8373543187232,347.89998248783724,444.5954722842361,239.88949185077664,438.88178227337903,5.729463305687899,500.8616696880546,498.29075533330115,423.86136991208923,40.25646111130649,143.95279874536715,523.8794361201244,112.45720425573933,343.32656764989764,388.38989163495046,86.21854680323256,236.93038144666076,448.2259681373656,268.4735238247498,782.6023598493343
701.3272269107636,405.33282158321873,513.8677148924628,183.75177463258882,332.9258883559596,5.001098760985432,471.2585412960975,737.5126632740198,481.3269888216352,33.81175557592438,159.1639325186312,740.4210547501988,158.32333733463273,452.0625807757046,613.5415380207376,171.2870234981536,205.59867260256172,427.479618132941,255.9433983887202,969.528219344676
769.0801721317173,273.4501471313002,327.2143198040053,244.5004175700816,508.37349123130383,4.601408768928985,350.52133104272383,643.7624260491984,312.9570203847509,28.444034941438595,88.67999357949239,854.1130942538839,180.63902798967524,464.4771228025337,387.4839270986517,157.2874066240586,215.6494712893951,484.44181149038747,354.211209466673,781.2750033027112
748.866982026059,327.1236142823772,298.48482165614803,243.718352329544,255.68794707811708,3.5989788097518547,374.96089273460495,755.312378666151,401.00950817525626,36.783479249750016,151.7951758945721,542.0368721553735,124.29024952824943,317.4676780701122,445.63533732054174,117.87053662627284,290.6038141341505,304.25849333449963,207.59849722211777,744.5030994255148
1096.9463772714944,357.66260657012623,416.20974915618825,182.42125994306488,384.7569672914364,6.248522592203885,546.9006291134915,650.279575991404,512.201384507176,31.801434828073628,192.48038223303604,696.3845382827751,143.2051033302577,335.1473416225326,553.6655133741853,189.15253176994054,343.0092649359373,453.4838905741398,273.05430862252257,847.0719882034315
779.1988729874415,234.2499661182297,386.35451555624644,204.72927429280486,396.4128651363326,4.870714661197481,332.4801286185209,493.64654168594484,422.9015110796027,40.56238744114886,119.38721086576754,699.2982053289425,143.0330435460956,369.63093930409326,455.1233176358187,205.76155278573998,352.08745756001605,482.6827417866878,224.3739765777384,977.0686665485078
777.8715011927287,397.64086894283366,474.4247026394804,242.23565601532275,500.0711883237017,5.838651534609359,300.9607568963609,450.21260974797707,490.7239925158975,34.52525612205845,211.5538951840146,461.2331825060335,135.83448027903296,512.7989866508194,515.222860844577,164.3850398220621,242.5072715568906,477.75215121532847,238.38344308764363,803.6200127593897
881.87221612959,222.7245169802491,414.9401489338194,259.27227121251144,482.9882565068358,5.656743361486784,307.58858148229666,766.8301218228014,577.1739417278192,31.39577938211563,121.43882353278744,376.4830259204114,131.72489365509097,359.55690404823923,519.4078590962447,169.3815618875347,310.6177276901232,516.9154567246189,217.39246208575457,851.4816159459073
865.9614043612808,271.4538280899045,333.6510785402716,146.26485528573477,359.9922562849481,7.127395159169247,284.32204581840807,654.6940211047526,573.4252575137563,44.18363122864977,158.18511437096504,578.7640568073188,152.32582931111236,417.10997587339733,532.0072206365519,128.1438512651431,335.8658981634071,503.4020275340882,213.29581527711986,1171.8474174318649
944.4014404267541,270.22903475452546,424.3633491572966,204.84042602184758,346.2966480761128,5.088268584071286,413.44644593340826,651.5414505557922,397.4656735478235,41.62969418903696,122.07813144321622,470.2848725213979,128.21810292757112,568.4003272424959,478.4281607020421,206.4274118154404,423.40276315691256,441.760245489025,369.87123462837144,832.3711208847691
914.1528763890166,483.40328156898494,476.84779410913495,151.14203834556787,527.7777032859227,3.7009802813618267,463.45431884463557,622.6021717504709,566.1515113970477,22.44922467973015,151.7214542360491,479.3854665073602,155.7045382845518,359.87393557728643,541.3369992986809,159.59227372058626,358.50815913355785,458.5175097108662,348.33311211467424,725.7145631654319
993.13042286472,438.242807823718,482.3958101301098,189.28173738913523,397.9148434417643,4.738559639347696,451.9502358228078,880.1395004125578,554.0900816040651,44.64885389887649,71.32393448787741,582.6252505265729,129.39843303527977,556.4120763925989,523.1696979817501,191.41631064937312,399.91432727096674,605.4864540664955,298.36085711215947,1136.0854824519815
852.2379730662622,467.6981658579854,323.50263021260906,286.7227970156508,370.78156955746624,4.621128928120266,436.01423497585483,493.3709119916529,471.80282488781205,44.07975840244737,183.66504377567142,763.3533053530068,130.6724159654726,379.99538557398375,455.5461505393244,209.9336163822147,449.2840294880529,374.7236294090188,295.3346839470269,1020.2814390516766
882.9654500546278,457.8920202309373,474.21582561843286,241.47380828149514,444.9698840043503,5.0852372859528305,418.4747363574256,627.6522049130713,583.0634160683378,23.285257264664295,136.35902549627036,686.0507027739224,185.96011396483047,409.5604991737318,664.4244310935419,104.84374779275379,335.44655964644653,462.75859386644134,183.62818713638364,855.0949647630858
995.2525957345598,490.5837040731832,405.33008625294013,234.05952115238193,552.3897683226243,5.26397227725215,437.47574029064384,420.63495940026314,447.5228327439277,40.83402665996945,188.01299562668575,563.7994093463876,137.45883035642564,392.12705863182657,400.7911773197138,180.08223900091645,324.0083769040092,466.13071156328334,326.0784457369783,748.1616151248977
1004.5322926248257,324.10684083282445,296.5760356009775,200.19247422383785,359.299744121221,5.103887296983235,338.3155947530265,558.3939931475727,304.5352324568851,31.59786581086049,148.58891815157716,677.5789073235366,127.27841267994361,509.789241153435,499.6286647179537,109.6367238361447,340.23364781199473,573.0822267579471,255.6470998433939,988.4438503182763
986.3999312089505,230.6202874590502,448.508767334007,247.43238582052763,327.2026447739723,5.141120595733836,415.7434474494758,727.2583569265539,501.4200703219644,30.84192807571844,96.84428845593331,805.0511017882691,133.32052022462847,286.29612076345063,320.257534502281,147.21884417314484,345.1733037562821,547.7591902433261,287.8352766811805,1036.1533808888662
1232.7422727988394,441.1090254783709,384.2303579858642,208.64297019753755,392.08141364767295,3.866499509232825,437.3495500508529,704.9112504478253,479.28333252124827,37.653221417240005,137.51044177997773,740.6569376306855,161.45780013179336,284.8401301973536,575.9185787377196,175.47443184325854,377.11560172942086,382.0982660850356,347.0779782322214,818.5069771115056
835.3527579334464,386.34737896829455,354.83268938794123,221.43686443077823,279.341266935064,6.282941358610416,444.56669894042255,693.6260425414619,612.803646842588,32.082264416369206,141.85240455241058,640.693181170742,139.85539508660628,472.4354158876799,563.5111622477982,119.18668916281752,272.94659423571136,497.1220496309029,312.9640185670369,942.2338860425243
717.2942996534259,347.2870212802713,339.9937863163262,194.1336251802516,415.6700096648219,5.900976786695283,379.76176110531236,739.1083999586402,532.9804377238214,36.12272105321862,131.89459702365426,601.8302421655882,138.27360834667346,305.49181645024163,747.96657957844,191.3216683672894,437.1982885856687,249.75107845546233,234.90820032547916,1036.7733157083367
1165.4032481191082,275.5812390711977,420.807186400981,203.06553249793427,324.30370347694,5.24662488829362,406.50774210385214,626.8104240890029,491.3153451322709,29.41711528519298,143.31193216614142,647.7831751836809,159.95331965861288,422.32190579770185,485.2206243708149,135.2787428180544,327.7781907650131,479.82774784286846,346.72571974276264,533.0592077151662
1148.5563920792981,355.62907212555945,304.8678889789519,192.03388604050062,484.3232131425023,5.954133522516292,299.69012750328125,658.2965544282703,460.15682956572846,44.52682580187929,146.58415189292361,668.5399347135912,122.39077633426388,386.415255146575,500.967653375036,181.2627850293995,430.9460636209249,473.0019294143759,293.1954725403329,961.6966693969355
928.9990959784338,286.05083115252734,369.0891833642008,229.6230049759762,395.4205059708309,3.069575457820919,364.7707649368457,468.5010081845188,349.0585777986979,39.14481573849115,137.39288520724205,752.525325060898,160.73485131685118,459.2444118597051,580.3505691764015,126.54286843859046,417.5176124763233,478.42302696282536,239.41273651897404,908.8715946532697
1067.6396629628666,403.65215219124724,360.5063424953716,204.40866347412134,407.8314320521361,5.993767173561433,434.8036103662239,685.9006595139288,578.5830280423371,30.064502160782233,179.2903210247536,629.8579195169021,165.42913527633405,306.70817807988703,637.842261706563,135.5158960188516,260.49987612954004,542.9823509279511,306.97124726856424,953.5429961054646
1097.5227212893687,360.27708203589106,559.4050686622943,294.87720665495397,368.37938607942544,4.956899036193477,376.2426087877174,483.82182329322757,356.39974545743166,44.53533014338971,174.47391971239242,717.7454170528907,131.61223498330426,359.7476460747135,469.6934121047603,212.18882688637382,428.11371885919493,320.08121804553923,264.9630095761662,872.2033048597634
893.6804071204238,435.6339651659082,492.1945044898179,288.8582168296226,412.70566994715,4.560498112227835,384.9133385175909,838.9922480530615,649.9226213272012,35.30968916878394,160.82860603002828,569.9279306119587,115.67582603304659,498.63511227101975,404.6228147130919,193.11854293040344,241.48531043361865,387.67926557642045,323.668253030091,1022.5578375800933
1302.5335081039743,243.1381429145772,447.046061144484,312.7358927665082,324.42888395721866,5.822417969616616,469.3326721293423,570.7709322886875,380.91470937916426,56.125553761549696,148.11434249126756,636.6921907071616,161.32180521399727,266.1504427348027,526.336066417537,108.83919574634041,400.0361192786967,471.61615830164294,288.8801712672206,1165.0363106956095
809.9236458248313,494.1638836258745,437.2379468976133,184.31157657964783,306.0728238181998,6.448110432508999,359.5867153931991,614.9174839547711,472.5122241305641,38.97477994304281,184.67725349606025,789.3160834434746,126.00340289903833,456.13343058319606,419.0663631407769,185.94054051173424,323.7430707181131,513.3510097982693,247.70449722466324,831.3811952191681
1097.0521133822917,441.07873036638017,407.1076029611483,270.96379908973006,355.87341600602997,4.604514940211157,279.1187685484878,597.6287938210555,351.96084217321385,40.58781359626951,137.51296301129688,478.3133847738379,169.02338702983036,406.90132102268274,526.9599373791746,219.59096592734306,413.42685356282306,443.23607956489093,210.07889358187538,718.5655949290992
1110.065889588162,292.11250153773955,400.3480802625587,288.4468789562838,420.69544492306466,5.455035140093625,456.6653740200169,805.0654505604044,306.70936001891073,38.99720175941576,171.40338426158996,635.3259706253725,130.91854513926745,423.6874967555011,592.7889236657003,107.51020607787979,330.55506298850287,282.84344393694727,278.1597270551148,720.1850937175286
755.4858241495025,464.04338739045534,526.9742205366018,252.38607945278824,383.5815135197167,6.718430810981199,352.4271262265376,571.8965507551637,627.5085117337261,21.234135683344853,157.00234041265918,720.0917746862316,148.72698878010186,433.4991955331435,543.8246279219312,158.20999203284396,389.63315955187215,481.5921446010235,234.41954732763563,1077.941425428244
615.4232999951275,402.2889273370084,396.68634229735454,237.3262310385249,371.46226559045124,4.5599402613480615,482.6353588535416,671.3748996161494,597.9398184187507,32.14212941483825,153.51399856281552,529.407359245973,133.9861646983413,336.49359356454454,438.8295012745356,161.66676735490466,270.67734143971995,514.825663839515,292.51844147141077,1027.58870283448
806.1384324682512,298.09010206015057,450.8733762318551,226.1611028310927,367.0601009647599,4.548723367337687,509.2325434509473,764.0358091829545,442.21970028398533,41.23547970720717,138.07263013338732,571.9311462447422,178.53237691678174,395.4114021846857,528.300573137591,135.17342218947346,514.7284753550463,343.35966008559797,330.07139100513007,1283.955014639509
1040.1659335919833,398.68048933504514,514.0586717620884,225.98968899348714,314.6641612062438,3.7216661771837334,336.69901550982104,614.2807037152476,519.1063261724897,32.72432597722271,86.35641426210508,680.092815600771,136.98185252933928,355.5964762109625,577.5120963224676,155.45374387204112,447.70891725217496,434.9765198830082,238.8589395084069,987.143148011203
986.4773693016563,447.5020104265231,424.9982527513195,271.30729028793513,444.28205556632616,4.104184397987025,442.3834552440186,657.5719838632289,440.9648034171324,46.6275359157388,101.55685614354223,739.5381755542448,149.85221560423338,342.30154313326597,568.4097757076576,164.3593472394254,433.39818656794466,486.1775678669328,353.6774099216485,896.801595333177
759.6815115448599,266.0374133297592,500.35390632867745,210.59992044681186,335.97189645565464,4.833378502318557,457.3841210252441,486.05915474887956,496.6690626966014,31.93118345634992,159.43276863291183,590.315317770633,157.16351892124612,404.6208663433369,646.1036388490339,197.39389079346677,458.3098092235999,374.6867971722425,436.59789355132114,937.2089670220134
995.2097869088198,497.65725464461514,511.58016151664503,171.44775923164653,437.65034202525493,4.265847555069625,452.7510764500616,921.0091910645183,506.7140843468947,39.722181705232174,177.18403132378305,631.596354453667,128.483062559786,394.55290579671976,612.8874999983593,134.68445034478452,436.68497070300975,476.5784402925936,168.0493941275372,1202.8611289121582
1284.9264019779107,569.1489001625011,390.3756221571324,238.4194629705638,405.27410129433457,5.49529078198221,388.0971725069138,668.803517079753,472.58222237122226,40.24545363209724,136.22366935889212,768.6964251579615,149.33825704566,276.3650983330683,523.6901057606026,130.52123585820354,360.753851880588,411.2570914676236,265.7750787912202,1125.713184237308
1155.3438663468146,385.4884261457729,426.0193572607875,241.57090676622514,358.4715193236653,4.128987183804228,372.83165470402645,351.71333232362423,496.177509290115,41.74056134464384,145.9860503695629,720.8973675677992,145.04321736578004,425.0525773482194,636.2431992027009,185.64819653845925,389.28129223070533,633.3705610064495,260.8568978535537,659.6097470758232
907.3600798806523,434.7174206602726,485.9949647154193,154.28139347158697,418.8647845983148,5.900717391646009,374.78295669533867,417.74543114022384,293.1000980248067,36.47626529846145,154.07857668145684,426.42121097206063,113.2450344486942,401.6928518693286,502.76050009808057,214.00927024103896,366.0817425111444,634.3928140357821,232.8021366578627,925.638549693628
792.7202812320785,405.6873899963736,377.857077458282,212.26678487413048,367.9528879165541,4.186280943519424,432.9569695238828,607.8213424637323,384.72132343083206,50.0319220968873,147.5665995267334,709.0511784734397,129.4958498850221,499.96217703581533,608.5190553272245,215.11378796776796,353.31461093036114,545.1510767605319,261.19507058200736,529.0757534842749
1031.6309481794524,438.479930678351,451.01737452248966,269.982397544345,418.41261243926516,4.923728094042853,358.21585518718956,522.2174384632984,418.89064130703804,41.745487678126636,136.2430922930328,645.2414683772896,154.10767659227196,480.84972240299675,594.3150745723771,196.55721853122287,398.9481864623741,409.3645736822636,247.9460386858245,1073.1437257683556
1106.0269771839528,508.04621488719863,354.1822848419133,228.7821922649719,380.7845506366931,4.388276540643956,517.0151215764741,698.2119108842578,514.0187487022395,36.04229801977522,165.88755374919887,635.0902845950734,94.18802346800302,406.8872080178875,415.194886379747,165.28740282123314,435.99437073396825,462.736379135319,289.70439152376764,715.4475651877863
947.6331360081928,319.81653801634565,487.78550878226645,212.86511703745086,390.85320406199105,3.427896387493681,464.1275972163902,724.8447955909054,618.1753464670612,27.78914531200772,135.9767284173181,654.8297766963622,152.85459678462882,414.2638469211778,534.1632513680987,207.69115387531394,270.33606326750794,479.40583689095786,316.3004607726658,866.3979726329364
977.7952001644308,378.6124794180839,366.1392643638506,245.92134601222114,381.32556589816613,3.2958110849683075,432.69038721145023,774.2573046599233,610.0511135088027,25.508046599045123,169.2677892625189,437.1317127178568,121.18455813121048,339.7395028146254,718.8345437593701,173.8433058459673,416.2507020719113,570.098925475831,264.1961755653215,944.0350933623791
963.1500337264058,316.59148472044546,383.67642891541584,198.43901950104487,334.4242456842351,4.115293615361585,423.41680634841543,505.2922022289716,493.01201233406925,46.08412144345324,177.56163429743853,730.260990189294,142.27932832982154,460.20701289172655,564.153645078478,170.26606368063392,370.94286407935556,456.230425514672,302.99097755156333,953.0549335028713
860.8062797394973,403.5439788788325,417.98435310962196,246.22641732887078,445.5861487460739,6.461068614434353,360.77293661488136,557.4716807760558,580.7797886812061,35.124699941150816,147.00015380989052,414.4084187806428,146.58360576329284,329.92793453339766,613.4435213581835,120.36696194907918,435.93722152630426,549.5617282623623,319.2460196721778,754.4923793693245
960.8267819678186,370.9577231461643,242.80718531391258,265.0966997349088,350.4757428908466,4.628270469974395,386.91709907387394,624.0264383909449,290.84316912471695,37.091128819393695,183.06449724621996,624.5714183374687,121.69294541702217,321.003353627108,321.41516031269424,172.75322616150672,324.3277996074319,457.6571795130419,343.4225964538552,955.754834534076
978.4523788469767,306.14951532818753,373.57420297352996,258.09749916568927,387.9057361802854,4.263857101646117,418.82691879726656,571.292705724369,426.2560475210497,33.7055478408268,195.7709401789233,521.3176829910137,132.8421428994224,472.94879241948473,582.3122891594197,162.2037912662629,377.9049592919185,356.91439468434857,288.2313313000459,636.5038019593921
842.7562270285106,442.5110601109503,466.6930370528131,215.99851286036005,427.55401439921354,4.440392587109139,379.81173776436987,639.0247160382813,522.5077278272971,38.19877415699653,152.65791099749603,674.7077601539906,147.96233811352639,463.1933553770705,550.6808262325645,158.16495593131188,384.19164962010507,490.13210519840635,303.0500266000173,1102.0875895300169
792.0991197039737,424.8409218244717,680.8018103852094,258.40912052142403,333.48364724379536,3.7649271303059724,426.92185485636855,656.5014565058201,465.56500090988595,37.67405576494919,116.33551905703244,700.3968314573289,170.21554075326216,440.7329756400627,549.6405261019149,200.97110613704197,227.8214613664614,494.8834163226495,270.4338771718225,1067.5709638083795
1032.8246650867422,198.68380018001264,359.49863195219325,295.3242110391236,412.023978783317,5.263437659019097,466.5825710517983,760.9936304872753,410.67099483001016,40.438039099109,139.94390156072416,680.1797590124063,115.83049998926526,456.51922822526285,423.7690734622536,153.05344280394283,255.5624455453259,469.319378631928,304.5579609386086,673.8991812063526
865.087551931062,336.66879038634414,377.2726203593436,281.30977574613956,413.97946664182217,5.396922511809728,355.0413742284177,729.2356841610799,442.9010152374358,33.13055126381665,161.4176613757839,361.97116695108804,136.4064078594097,472.35809769171414,545.620631982237,152.7455776339285,280.6085765839508,541.8609066272774,360.24867743315184,980.1502606311423
830.0333178673759,371.80550918314015,500.6329676239623,184.85108727600118,371.2186976968084,4.758091472797595,551.5557469728336,839.4197872273463,535.3034540948767,38.62016584665837,176.1802133554731,650.915529073295,155.89929179321626,348.28895271592677,522.2379190961547,158.60704185289526,412.9101532965104,515.3847244544523,254.35879257329015,843.3479817338015
1077.1155103695314,339.99995614181,517.910882886945,275.95098705571786,444.4613082774544,5.09424275995765,348.96200658514476,472.7026829393218,493.2453998709673,37.98866204106246,152.39389192196685,612.7382803414566,88.85455252245382,388.4716136988275,439.4919228990823,169.17164341185753,256.1999219559383,483.7353268615146,386.52737147737963,937.425925238685
816.3835564387074,306.85218223549055,399.82723582870256,234.52097806634143,333.1725234889417,4.523984002225319,524.6659719817176,564.5746196221838,392.4531853083763,38.671782392661136,173.220640399789,655.3034938016866,136.93021332761396,316.8117349179094,597.4188483546594,163.30633849425237,324.1573829955078,565.0222797457162,187.28985273512774,966.169201063728
1059.3225036498661,368.1356974720339,365.29301651314495,177.6064747487982,350.70524704114763,4.629666626285523,400.5485077033119,780.7349943848467,442.3720446052333,41.06022707358345,120.17602058611145,608.4375554842095,126.59484608632184,458.8195413480108,578.7891306646802,163.77986847701828,305.76517928731556,499.4178935361096,297.9595185600183,697.2531204689816
955.359869585506,418.82177572194,284.57743275224027,239.54806701399255,279.039239262852,4.749988404611592,439.5544050603242,482.15964700603917,553.4110842779976,47.071464583064845,206.188491379118,779.6477336318646,113.58276175149427,364.8523995562625,498.43307978791483,178.91900687158795,307.11619792030024,408.9091604995713,294.5988007205081,862.4401693299017
979.1185801128667,507.20141381946075,403.0646011084608,145.35793588731246,365.9393003140902,2.797597761799894,373.42003137548414,807.9123199735889,510.18774460054414,40.150492819573635,122.1245789460413,540.1934040686828,116.81251668311478,488.40034224678675,516.5539177335621,156.7624034636126,428.6004357982056,581.7260141612202,257.33747410993726,1037.7034573875344
877.8123142554094,350.9091861042501,426.48201912256934,260.74271024390015,341.2713768083027,5.403257065484097,446.3954641428958,598.75621873153,507.80257737959505,33.11014682298815,178.2953159082672,597.7150023663194,132.00944739141497,396.82666783591526,584.6063009916802,169.51487036505313,334.72053135164873,352.28050602161,259.93537769542297,1217.646146468358
785.0775512762509,349.2046472562124,396.5444617626992,221.50137013998295,409.74609893214506,5.2795572806163555,246.92467721830172,381.4180164251511,360.9053943909542,26.262827240051983,158.23187809950488,447.32766017140955,152.65517550546252,411.17738050714223,375.5453279502957,128.35004481931216,371.2992634627826,451.6276053396534,242.3988007255657,740.1490479178411
773.9326764918163,436.09553551927513,326.16705896793115,238.9813708302628,270.5147138116429,6.6223618510366125,372.92477059160325,715.2260025605714,538.2170458967672,29.32075144927697,151.0219266028069,729.0393345365916,119.9009803205343,455.7837152739475,521.5339929479444,161.12600264743497,474.0069231707142,516.2687230495009,257.82325635957505,715.0960109962367
837.7069007751392,268.21850560485007,435.85361605425413,286.63319468894883,311.0954914899718,4.7484966237190545,383.9289771812651,724.6333724546945,633.4901259624194,33.98702192224254,88.73586743277477,730.616683081148,161.25465468309224,328.85899699434657,505.6231463520693,203.21323872467983,281.5712657416933,394.922394721769,294.7992592026516,990.3736159558626
916.9532250296675,366.2987941882876,290.4920614622423,270.36455779564733,385.4912682218861,3.392945044683654,389.92593203412156,702.0345382309673,508.568977336672,35.00653620192662,152.2781621399651,644.9676679092,149.65803609843292,399.5806700122561,557.830787737714,129.99533451694558,346.5030087891766,477.2587438996939,303.2607779229376,972.9956742810783
1128.391046688424,470.6485763790317,201.55710842724443,229.08778890690397,411.41275389856025,4.936457648001049,555.7093347566897,741.7652642683244,577.0072167827127,41.64296385144553,125.00828667757776,569.7669885022098,137.90000681425798,425.5629302754407,604.6953011963243,172.89293624695722,408.2969528208132,541.4633512969997,404.1482944902468,1072.6731988242232
1081.3761088387073,371.1926888407128,454.4151205905209,256.88354066578796,353.0894195931183,5.79478056963044,400.9699695933659,527.4158217699447,498.36418561849536,30.81857270663672,153.233886886557,683.7194908877408,152.02864120870728,474.6734198109375,546.4261117371159,181.90424762627373,371.660721049448,622.3629913134973,253.171452093251,876.6111046074996
972.0200376489953,387.2352309201504,430.8135157908037,230.1205644700076,307.2542530109005,4.137923882284287,452.7539339306209,567.4642192588125,504.57253074229425,32.81083989747601,160.98099044349956,729.9088928318358,120.90326568311885,432.0302906059138,468.17478107883403,133.59403589039667,349.12923104648075,491.62555770372376,268.6172460977416,802.2114088320548
1105.9351839005994,360.1344387747695,390.60382626969255,170.55297070423927,444.9425486661544,5.00424465778385,360.78596583838055,658.0758783575282,565.6302951882539,35.72464532109518,162.86104838946986,616.2499314464271,124.23743710713842,367.7062795856365,590.3461123917139,159.73452601727251,404.9383857522048,560.4671779026276,244.18147382716938,1156.6910613965758
1067.4746426907207,424.29562622423396,264.5528800274569,180.59541144655074,371.74145238299576,6.588872695077631,274.1116258302611,367.59472718968857,574.0275250201646,43.1078323863032,150.630906167743,544.9442902453018,145.04102823298894,400.2839958488694,543.0090849285976,125.05103931030877,376.5264200453023,503.9101261958862,285.7224436077185,1032.3770984013465
762.3049790463363,307.8740131341741,395.57497730411853,177.8371950312694,431.15576797112294,5.479501749037661,409.75991028102925,564.5837928986799,383.50495762587275,38.24529372184451,162.4767287994396,588.7648343131419,130.36322765732092,401.2407292588089,515.3881791761302,201.3053102101552,428.96381015316865,388.2713226625694,282.81799543271933,900.4474145558261
1124.7606612595666,398.6262132887042,489.66525952150846,184.12523770894717,527.9482164395206,5.4994267297269355,333.2477263945042,589.8367343170302,259.42803151868793,37.84791762476908,223.88698174442695,639.5684861572289,144.3406612724363,429.47763043713286,509.85347196080573,142.76743168600328,351.8102025757959,517.1609040119988,268.3592749921561,767.6393524437653
1066.27370753449,268.11017201346766,598.500511902607,223.71968028122606,388.1521766230092,4.966341226222925,438.9289340591282,563.0989349070328,434.93357265144147,50.70868271656008,154.59652692046828,539.030201938082,138.56532627596619,478.7162526311847,447.2697632181368,172.93843306801458,349.44562754216594,471.29299169320336,207.53325495622482,814.1157256741117
694.6039814277324,432.57808053269,339.19822359553723,156.68998417740258,464.00573731358867,5.143172870799678,244.87783634832513,797.9773619427754,440.28847700473347,29.339642601984128,181.51202275076153,406.5486261320184,166.88309396898114,382.4125651048812,443.516785266302,128.23437845314572,233.27195891805923,411.17869926306577,265.7419139202573,771.3439915844634
886.379078676899,293.8863391212769,345.0917999936164,254.8382837943048,456.7806508892378,5.476508152121232,450.5795141495653,550.3611506031277,519.7613753467459,26.301139895626584,135.81184320222533,692.2780234550547,139.58218962071862,253.35080790216645,409.2195047706356,168.99097085596145,349.0443716673492,592.034752015677,307.06133388551297,903.3172336006223
1045.5526509815916,331.5934369565746,472.08911437559664,233.5783198744851,442.12467707500133,5.974080855893648,296.66325398715577,535.1290712579244,401.5173365496005,34.41386549124208,139.29280219798562,625.689184683721,108.75501706287685,358.77754686317115,455.7874699947419,135.1466384527833,467.459781614145,453.9262311099018,293.06467541496846,729.0051495592982
868.8490762833974,267.9431282585589,391.39168829805413,208.31448365221658,432.3635107797933,4.701976837303863,218.21436356739974,398.7519316537807,482.4377945177049,36.656633612150976,167.89438595013866,669.6097802804693,164.65131636798898,342.5698293117556,491.07404286106356,209.24055910621078,329.76080084388235,431.76199397297694,253.74482851863223,1020.6231924937597
1053.1748799408776,412.41307232511645,421.27728288526515,185.09685471955243,432.9180042630744,5.840480992558654,404.15670876386463,731.0709061317765,583.0819952368165,39.330448892064645,153.2461551027927,576.4733254989974,165.13784942209844,361.61316171851934,601.7007058904155,201.02555639048916,271.6263064138255,530.916522513108,319.2697797789269,1200.4219331147106
760.5565567446628,300.5836963141935,579.1395496858984,183.90157906502725,258.8367533288108,5.586674085551601,321.47662917526185,706.4731244019265,453.5652575902373,22.779573907354447,138.34772368466878,682.6033909824957,150.6530103661546,419.4494598096513,393.2640094312404,211.00259327439701,466.88221114686326,582.9997172199432,218.1354647689647,924.1259935587434
800.2250586743924,434.71379693903464,436.32913446751616,205.62658861325534,327.31765478168904,6.289868924293102,340.80484539177496,569.7458165041612,434.0698328495556,39.78747240217725,93.7060164014456,486.2227505695786,102.10487090499163,493.2388678834294,296.4884400406587,114.20107102866612,361.72806366321004,423.9525703731217,233.8229900060645,1085.7809474003577
978.4727323728087,410.91217534837097,578.8359621818245,226.25496954522478,384.93284836818026,4.916584229135811,346.82899041557744,542.9728640346918,600.7861969531666,44.56653044057646,174.15690290879832,721.6909139119704,173.56476218745237,343.2994064406077,433.6509162608565,157.3274392615059,299.3300731986891,622.6704059844802,157.50387954675804,847.9492860341371
818.4539641570293,298.14350462643677,340.59941481795113,196.2176842695823,352.65334440640265,4.087095045354604,361.3333371830953,632.0744666244478,394.99207731103485,39.068870320732245,155.91977721764033,662.9181230985911,162.20971204690431,383.23574241581565,528.3159302478421,158.56263156148074,335.23389856453343,493.1133335704826,304.50366483996584,1095.0060237368416
860.1411259677183,333.81195043319525,457.1540000608113,277.74403500271484,356.5003608538137,5.377782206316391,433.5847086401093,878.3665988085078,584.4483538137625,40.364066335112625,187.62575218561716,594.6328988913125,114.06447041388834,381.47511479192354,681.3583691256738,179.85955831806436,399.8086629651123,534.5670458663246,312.2755054590696,954.5360328185285
897.1000347265056,410.26476364146134,678.4852350578801,224.28523177630993,390.90672379711464,4.924736443634348,375.3984331104615,669.7696355840471,499.40258553782246,36.68160623656686,94.52892977111338,697.9411865220516,142.18699122706332,348.3242779532984,573.1804540742223,178.4011867018241,317.4115902476175,392.57751955389733,293.736731860497,862.1239014529261
1084.776012720756,434.6998922809337,332.66130559882623,247.1446088263738,457.13410933904026,5.115782072152344,397.68867918692126,653.0510506213551,538.5667534055558,37.066383648418594,129.7647396365819,690.7990179532364,121.60300663698973,434.40206839558857,563.2185317700392,229.3178444006075,298.165031750925,559.1820591713126,382.1413660699974,769.4261626795336
703.3188929633516,420.4508913530624,452.7359250519208,248.92641090717171,352.54169978492433,6.178892526489044,299.8538055283966,715.9717497191958,616.1259443234442,33.487370151432344,194.9535648311264,590.7708351280213,172.0799034751403,481.241294018713,301.82287371021425,139.2563821296144,365.8145358666156,380.1229638093069,312.1898010225001,951.2997985756414
547.4510745642663,510.151769920147,438.5212720618509,242.31436261471518,480.8153275356088,6.620790517038731,405.65032167822915,435.13733761936487,509.5344750004299,37.33198169862445,193.58059592847445,332.59336959005856,116.75103424961497,255.87513179590118,489.9583394477174,139.7497331347172,323.8754232805371,660.810919217935,313.9963237722828,861.1029574827759
1195.5459248950763,266.64912746407697,327.33983837951257,198.6367312912395,286.086520706891,5.585256307231657,529.5896058947045,573.8077623454839,404.6954503884315,41.00390966731982,114.74457071248847,608.9128936761113,170.47817084411005,500.0405700857599,779.5869702019572,240.72797319368482,350.63174750934724,408.3103543315,318.54464865454827,753.2700433028435
1210.8150540039655,377.0514190911202,534.640212340092,241.02340584103064,421.82457523045923,5.310474936125969,519.5305804061303,675.7801863272841,452.6398751325705,41.214034619810086,161.07641350848644,698.1733761709992,115.46730186473135,346.16696614851026,580.9494899830373,165.63997276333885,331.33251023568926,521.9975934986696,315.9426692715328,775.008652800044
1115.2822333729705,317.63241548740046,413.84357580449824,203.8075673794884,397.85735289628855,6.034023983504613,302.0068870462657,364.8929626736772,496.38252450468076,39.32811522202714,126.64058392665765,720.3385072331753,130.85026376752674,499.2325728603835,484.4807991101049,174.67574152797573,404.3861801566263,611.5451330013403,290.9955813260659,943.8015931696463
918.2292834630248,290.85896177365646,439.7977555446272,217.99004974566492,407.6460229119079,4.891534114465538,385.1567240913516,773.2478783624745,321.41328645265014,56.31730092259642,124.10917511400055,527.734355767231,129.03627486444884,460.46835435035024,484.18605185212897,156.05529452160698,379.4453800235805,559.1732801669444,287.0095158754061,937.0938613036175
972.5955706909687,305.4994899045307,396.600106536785,242.80995316968546,509.0314357815611,4.232558810817654,403.96822882416075,369.11366562523693,523.6030487819119,28.51132404752842,139.5945550846032,769.5868527494653,153.44411685208502,526.2753629685069,562.5201274225294,153.5024723030507,386.9491767988479,459.83938866267147,280.1092441443284,1049.831867520706
885.4387188345838,416.6081543961499,469.99183423329123,237.05942467431973,445.30903041235314,5.657741463843238,323.80095738849616,802.7250479008956,434.7146119152219,37.96270577378465,171.65559343118673,511.0084309078175,119.28132159028584,392.9975115042955,435.0210294040995,91.29446214089563,293.02092602098884,436.51967984087656,365.1648449261244,723.0181649508148
553.9932627825249,471.98877040599757,296.34437977287905,255.76938998110802,416.40639351574526,5.3407573485247335,437.05859539829885,590.7188252067795,354.11832157902603,24.767777128846724,119.56051021810545,674.1258949927451,139.28329449036175,400.61639327771996,505.9562913542382,176.8810895733187,386.3180914569931,437.7959465655806,318.2168198354653,1140.9977337033679
972.6874825850463,326.7197534306729,200.02668772786532,253.45047768261617,305.3864917203669,5.294466400526557,275.3365335868144,706.9565231152978,418.19978997809875,30.178781742054387,74.40024095252909,734.9014363214555,188.17483577638433,311.85457569831414,558.3687852547388,155.71196480782748,405.1393373050893,482.9955492523363,301.7604386616282,679.8082140877095
1074.470866590651,329.27823195046767,488.8659913252939,190.9602409668755,317.6903685897152,5.251620857933896,283.23535365629573,534.5886793633516,414.2013948758611,35.41411992536833,151.67198392630846,681.5928456404001,136.54559068817306,383.6033081925385,529.3473750240237,154.41388410736366,366.52437789604534,547.6506039402935,319.2007893659136,880.2441911981492
1052.1712187598803,363.6108964110199,313.6664641590723,237.55048795288468,365.6253546375325,5.0886137395276805,538.5827479025244,524.4977114603769,415.5061026429715,33.52877906024958,171.26689416750148,600.6083505804631,103.33888487587578,448.7380682331319,606.787605338932,133.3461157109243,257.8926053215916,590.3397232009012,407.8745277407723,1065.9630374151604
925.5872872320922,249.29009297730352,406.5412979528852,250.26447364286486,469.7960029573542,4.841808495468581,417.764842489131,424.2886460699758,454.1616323408036,44.057415633928876,176.42537480586594,490.48076862217107,112.63094027518926,416.8645069728906,444.5873528583322,168.30811971860837,385.2345403504919,535.7299449672103,299.88111350597325,1110.4207648125148
1432.0883334938276,284.76258249612397,393.37322606852223,228.5125433630559,392.58337548513197,4.022796837164501,402.7156145440498,628.0189789263866,422.67100397843745,47.85483686050194,106.73020169977286,565.3115676169218,98.5239698957675,343.6709811009079,489.93550668047135,139.44505745015834,487.74859027080936,484.5722986565764,346.5955259204364,905.8726409763078
1078.9993034517818,422.99419247218873,428.5366028401344,227.7901223331294,590.4972105182819,4.986759331422029,445.4816698381165,862.4670249513727,601.1822929563306,45.396830933162164,204.3596126255788,402.5268201281923,145.8918394291945,373.0312913728718,566.7854101053019,170.64552826342535,195.56307742554486,462.6462448242279,260.53624592204574,925.1763941756035
1171.3783227627978,350.53157858829445,247.67781242852732,245.6699921672343,285.36509497451954,4.679741105474134,436.6953751691072,652.11670135694,407.24722009149707,26.03007613443673,164.13567057823846,742.6496373438392,108.7045050662744,368.5799398115039,346.2146205444943,152.2284301193861,196.5236174984765,593.2821309114333,296.260219647921,1362.6180327917318
763.4255314316642,322.0778658191982,447.98144787469585,224.86851774444872,318.3060467706297,4.1875735887848595,356.1685019501548,557.7242734579117,510.10620962728257,32.21970797787683,156.94459136245962,609.4016401153391,120.48908643808174,328.5211888063115,458.0322324061477,168.35681917727692,396.0960147121976,495.1805257801695,347.2987430567348,1374.3574123697892
1284.2674371815656,376.6406490329379,473.4295245719044,242.11422702835486,363.5909752506515,5.32993879564633,346.2642444507721,680.4100303949474,452.7343046718051,35.80632880025662,194.57334713483158,733.8263431651811,129.58856620373666,393.01709781706757,288.9115386471693,174.13530282457862,362.5381234869721,775.4164026754988,313.3927766403928,970.304131827023
1296.3358408711288,336.7438278845876,358.3663051490955,198.33487518711422,319.9343287356766,5.393356831866432,363.3554891498144,565.7241615419721,402.23271774325724,39.78791320626764,182.98558277314748,582.189476400599,170.31054638412928,398.1387168108268,668.9235965637163,144.67514819879173,394.8491374943661,521.6731992865472,332.0777890156984,611.5759173600757
933.8347402125689,390.29375694482,526.6346382696722,241.6884551691982,483.46118057151506,4.499666826253051,428.3999615751417,563.1431692316771,342.3417605116816,36.625355290084556,138.24579736268092,607.7706075364126,178.79742288351676,365.33714058502323,510.348879958911,124.35809473111759,496.6443856234938,294.8148113982433,371.93477492168,900.7246682979114
1078.9817621318698,451.55986090076624,453.99325793010894,214.70139873555502,431.7153545416284,5.340566659754632,400.90291479781433,745.7037622608907,532.082136256257,34.99897920186091,112.36576149300959,696.5672050783762,170.76348659689555,332.48846808998445,472.4069983367201,175.3100411782715,311.1735962637884,591.132466964389,317.9434929189468,820.5433694653028
1079.7447452296046,373.0324716818212,483.8170758407098,210.2226636756484,223.10791035268608,6.762533177886151,385.1416538917478,893.0175255242159,458.9636368077719,34.376727409263935,147.57559889746514,697.9545238109843,125.32640514115975,287.2964833528616,641.7856095518005,180.65749839200532,306.09688196343484,474.26051205745694,329.435155426356,1117.5437170638434
638.386341299494,464.55401431283025,275.52643968087375,260.1959143756168,521.6220278584327,5.093838746057379,527.5041494975976,691.2586041431375,507.50768882151806,33.26128337098686,147.63641412591184,776.318777968238,111.71312637978477,430.52038698315465,591.074763241484,212.4482861889772,376.9489719518958,662.5533369915427,341.1796437634526,974.9828263726137
852.3659752942231,486.7785065598355,407.16978699982127,223.0289224538401,353.7900341291521,5.25681235977665,298.45580850299154,721.143246095161,467.12265990762205,43.02508213370787,117.66113180824632,506.8546882081157,163.86609654240323,361.5966432577735,522.4483703029764,140.89259099725103,247.2798791887586,536.865526288173,296.3750437765802,694.685281476602
1142.7375206188553,352.64714845194715,545.1982344643562,173.7808583330824,452.7837614462636,6.2284013391106505,362.21077562306846,509.35015030007673,408.54043470493536,42.634181055805314,146.30488792413402,584.5093403790262,160.34482302779216,523.7810357677968,512.9355885932434,150.56281779907798,382.6057454363398,601.7912174430537,244.56063605083693,910.6067144572528
906.918164021885,418.9809362257919,495.3504960239743,231.851350381748,339.2754114963037,5.588233449073776,446.1414629968794,806.5758642576811,492.266440101068,36.40255392739398,137.70724728847355,682.8831573672219,146.16927399477794,451.4076075522123,541.1768106169941,154.88211268435813,317.3380701130902,489.2194908415701,198.78608777818104,999.2709667788187
853.5675310584477,427.9655986991613,500.6822530010168,222.5358159552529,382.625755007714,3.4967811999524674,416.5450671332406,571.6151558576091,416.20989413781814,34.89760247506928,144.01492124860465,755.3871410499384,121.66502160898723,417.4375844369017,511.97568782037723,128.64756364909633,343.36263227085635,476.4371496192565,224.3463249871349,959.4054381187275
719.7289783042447,355.440125806434,407.73205527404406,229.23933361392173,383.3399681126305,4.307761484765928,388.5677563176612,733.4706221817904,419.3064239294638,47.41943107778351,163.48978670549292,750.7394941448056,139.56546616664502,350.6357223613802,460.56438619729244,153.73801581001504,366.52737218289695,516.3767497916111,296.4813459009136,671.6722074455154
1211.5850318934952,396.04486039394243,258.9314146224503,257.8942266852829,388.3639131711219,4.692827970184717,330.75138169042486,600.2787422348084,467.9723260560466,44.30072300910945,160.6720858733181,583.5574116325508,142.44381010311906,447.1613847129453,464.9310909799358,159.4044487013214,365.4895710061438,659.6463828622847,245.7608549783733,751.3391853690866
1113.4692628470732,322.47762810457414,438.2686488269501,204.1850233887028,312.72519899793565,4.9064414134853775,283.7085166022353,640.4698416242461,431.8448661840928,35.048848181025356,163.07949463778223,776.216061621773,114.44578016283532,285.16632037572447,494.4326488342728,154.5335939756799,387.92134434748033,436.93905761497314,308.971627589629,1050.6353522029983
783.167338500396,407.74583000385013,365.87404183737175,187.7462434850768,438.1951915352811,3.974692140322439,441.8994093295235,630.0765214887347,644.1603899301523,36.653552875001445,134.52736103078888,878.3214848059215,165.74257362418976,368.95949416019494,609.4275114018909,166.04096062661569,381.48615050075347,603.4020520702994,290.2471100363138,1012.0160985792875
1029.776607576457,352.54581548311575,463.27317352489024,260.5007368986031,444.9417372671975,4.1067212229064864,400.2875110481404,661.4055240410448,658.2123644951434,31.283168549177198,163.52709593492438,586.8097691709035,139.17005072410012,428.04647753855704,578.0769656490203,156.15388205601627,394.07222385359046,404.0772897854963,348.2366397268013,1279.3695517874344
907.291585982984,364.2963616533686,478.7757156000684,230.2866200914965,352.2709685440133,4.8287516602650715,536.0123351021923,507.6551068206451,422.88236636778925,32.42636257933596,135.59690037696282,568.5894610059095,93.88212749511753,378.286728495435,514.5939224121612,198.6455609204515,441.55753848736424,387.74783091355084,248.559605371021,736.3740138181855
852.1989864789052,377.22048576520615,372.07101102125426,129.3137225710126,381.3056272302252,5.079939976906391,526.9464049315015,851.0208762548683,417.7742641856259,34.56078174421373,153.38607591629454,572.0373034048589,184.3471211775743,392.45520257036185,411.9685545589248,184.68924295891665,392.9270519369186,703.5579320052523,292.60741545637154,915.6137110076795
987.9429066563284,290.3516625005323,432.3350516887906,230.27191924165416,420.5005530980652,5.756755113186925,445.6329167241244,662.5599176521002,481.109188155827,25.094944125989862,116.19713689506557,498.9197531861041,133.47737834183206,298.6343111206898,711.0416811493016,154.94946697372671,373.7851264164735,422.3495118315629,190.4676282158061,842.1773504713004
1001.6265229331636,275.75001838092123,454.0835603079024,217.840628780507,310.6323122468182,2.5681057004376644,484.7281549349635,749.9769303987403,497.9295325417166,38.91689971503142,181.1407128823667,780.5758842046838,179.01393756095598,552.8252428862469,564.1549651199707,183.31668892476048,294.9105871972054,455.152392013617,315.83146650298994,819.9209983718536
1016.5870921393608,363.5672927421729,495.43963269287815,283.859642255659,409.8939488634998,4.310322144551758,326.66771903700374,674.6451048990231,561.1003605919876,27.280447606421447,116.39877188865343,678.5286966654032,143.08735405822048,378.905085615399,491.3449994125433,157.97228055832682,494.45071862928273,463.47720503155557,351.91074046806466,751.9019477112328
629.2726056672452,479.3763910103112,401.97069077136496,256.96641226287375,329.8000916390132,3.9515114514203145,453.7457066249264,502.3391613918058,295.16198195600407,45.13741766535656,148.6137693833607,662.913257809096,137.28239576087876,323.060139398188,451.5953139243607,153.21980997092987,330.52830382132083,542.0772462171408,285.24375054927594,786.2574672983324
802.7670611043945,272.03157948832927,377.6869469239872,205.07290986455214,367.1210115466834,4.836597682893378,342.5414243201774,769.92478882209,496.76162360951975,44.27173430958912,133.49208157823878,439.6459823993355,103.88639185865287,406.7472848383821,527.6442172667075,114.53167418616891,350.94952564312143,524.6064176868449,329.67063198107496,1365.4523579928864
934.3999086296271,241.11417068502254,414.66710501582907,263.1783886201148,308.8283327265113,4.635575274983261,461.76326576,623.1550064387658,580.5286762560618,25.329518646908447,126.91360767565138,661.0566101124675,113.74919249142533,480.47810901508205,683.1751258116744,134.3874767592408,380.9263341896316,403.6304123392725,271.66957926921475,851.4498705017813
1024.8790778760897,431.3347648407586,436.3546546038045,246.48856792286264,364.3529013135739,4.962875257433499,390.8295708373242,594.1717732827883,572.1002147835572,39.594984330071966,137.40207011883706,597.9617434388539,123.82404673772587,475.1126200377918,514.1220497136825,92.62590849216946,328.44309430701713,332.20910656911815,241.600875921,1039.1815380093024
828.7586189042595,381.6440097991392,321.9049039938743,276.8300012924475,409.11002243130076,6.113579745528485,396.87102508161144,750.6484224428675,487.33266612871324,41.884402837527624,148.3516877836894,918.1420428106294,87.23224692532742,427.1415934570275,475.6161299117748,183.17881555684534,465.122422028761,471.03717604614,242.9489491450181,815.2810028355481
914.5767595214852,458.47689168576795,301.5501873437793,217.32228254654436,391.98604728824137,5.217635545674093,299.35032832809554,726.4622920015873,483.2149870727426,31.996029398043746,209.69545896065347,585.4034843007956,188.02027848318718,620.7483264092608,427.90773812855736,129.1883103011868,313.8315145267829,473.21271502592697,289.15108931684085,1126.4758041061868
1182.9040870581025,305.6491166717175,440.41342574401244,179.71252053422117,471.38998746196637,4.34154912477512,369.8460861535694,411.7918308754088,459.14646792549655,40.52287173572486,176.02165533787988,510.0399391141789,167.67855368060054,503.65491205952696,593.3513897095512,157.20068166032817,354.5771966398145,501.84126849288185,254.05566838257528,1159.731003653029
1250.1597552118333,386.63474830607703,404.12546851592145,174.41863226591136,390.3536114851083,5.8622046920253865,411.4051665007951,829.1586589824367,557.2496482980102,42.49635592139688,150.0986767680148,707.9757677346229,164.26422416029797,330.12952847086615,445.9995917354407,174.49890574951397,415.2211271190415,397.6822587874692,196.94287327138596,811.4288102911844
1153.4824948170838,271.23385463835353,439.138669881541,225.24633161960938,414.54861277652003,5.915649338921992,391.2100688921907,434.9545977576714,549.942016211546,20.20767781565783,131.43121678961225,710.0263409739326,135.36117973503477,436.04214368815184,444.98502617245896,135.87609311311542,523.3817371089426,332.86042705674254,314.4346199901545,934.7714328316233
975.0478239196577,371.25390418982823,363.71054902480637,248.55956012619438,365.16479618625146,4.7593393909509984,260.0529155147428,667.4025997047565,406.8291263897409,23.896458181875595,109.40676361411136,549.9473778895631,129.86147817757876,441.21423979845036,563.5202307331156,159.1507019927378,375.880809457281,471.86608153287875,260.72080644435067,702.1515653494203
955.5923060366242,353.6702739300762,374.6240094654268,204.0393162354597,424.2655497781927,4.3353563495132565,425.13717684626573,649.5160445377891,463.3910506004553,45.07766807807601,142.22209041344863,594.2401297043463,184.12685512358692,397.1081888653068,637.4858881286148,160.46746540582686,236.24114439635773,453.69085099371887,383.4905100528874,924.1665503842377
1091.579335041277,498.066697019174,435.24857976418826,235.21889224172347,432.3232755265978,5.22184123004282,399.47109049400325,690.4301310231424,433.1398047473517,43.78334759117393,184.05872610993737,860.563023299951,176.350273642742,420.20853280469663,595.0604119411482,158.64137943742463,334.0445248359558,464.8330408627958,314.0328997339136,763.0691510921615
1056.9400498679038,327.1250281596178,419.29366611904055,234.297251282604,514.4877528030835,4.565822062543125,330.1400295180949,731.3379419034029,542.4879711681757,42.466224944600455,214.13732112638172,702.3515064792731,143.40253948195226,434.8073438021005,488.03651617156044,184.34129382284033,290.3766194388315,499.38380875049353,341.62588475550336,912.0597107380179
1007.6772490460806,338.1371112398087,392.83532930769957,171.39560705602995,527.5810961496059,5.331624543789561,458.08432501633126,798.7950528726309,525.6949472241454,27.063060338634628,112.03848596535414,644.4179928756829,127.22163350257668,362.81201023940025,556.6197345146321,176.23220523216335,363.1660132051727,519.2708044471249,329.8764052306466,1019.3190008610659
1013.8067826242783,309.01227241573866,492.29942739356125,264.0884228198342,376.1563664672569,5.776189784896204,514.0512808089504,612.8246902840331,513.5807796827692,42.04924739002446,127.06563436403209,617.4372970932528,133.06241676699997,357.6452328810583,587.1295944208226,171.93969749660488,394.97922200087646,548.6043960838858,279.22137803064044,787.0571042033271
812.2821228602118,246.35491611913773,420.4881680667349,249.3488346005438,391.2422283068753,4.552789253617823,392.9471475280581,719.3596526883352,475.3513781441615,37.63189310233358,164.62057217610567,605.0329186914782,143.0676380414772,408.85177062271225,600.7876158246506,157.13013891833972,314.90082421828026,289.8846454753908,351.50773092001646,1024.3376346901985
791.1384593499744,309.34919776094904,339.9802838965995,268.7175649107708,374.91834062062514,4.231850374402704,459.5928631156046,471.5948403483925,497.79133322362014,30.478364250759746,170.54014024382897,637.6439681670473,188.62286243655086,392.1977279585662,582.840887268328,151.82060120504278,240.37038002327222,585.2883753947746,334.0195754699302,964.3443430932161
537.8396779103871,313.5190316699096,362.2281925788521,234.221974502155,293.723007221769,4.900185208504756,297.6587462515282,590.8410886667689,368.1170156693599,36.977010161485396,111.74311407234273,847.4752156537259,163.5387755397859,517.8806442970953,427.2688517715686,171.24947218670658,292.7331073594959,218.60177018446262,318.03710753410013,965.6651789939509
1005.7538656286897,317.29795171914543,496.4839261672747,216.09532762693135,431.70335949443836,6.159238323597102,406.7181302391567,586.8739251851179,480.2466417264529,35.782595705025656,147.08019860930048,532.2471896210441,157.07936719970223,321.8185868789898,405.60185336121725,160.13783711252233,373.00422043010974,489.04465553922125,291.1760171861885,794.2472692300399
766.2037574250544,238.04542189122554,376.61658693158495,225.3350278458319,414.4858662007143,5.4477921768657565,394.946193307049,612.4728169405917,532.9091897980084,45.984786578221275,127.51335181952507,827.0276628678632,140.2272231605666,308.51027170969024,514.8462768649379,184.3537081950044,304.9913030072599,473.039047209283,326.24892302726386,567.0378134669061
922.9802827067177,419.7990150567992,337.3120828223569,191.9351493504287,342.8383062395011,4.815176882508897,366.4311139543239,565.7175411976343,491.1718615720897,35.853978244683255,146.06334367858165,459.4387096113294,117.71835398354301,368.4844417258804,571.2819528893588,164.67198155354671,372.07429671625476,540.5254786706821,238.0549067782983,1166.9435409543964
1286.739570832931,425.62888931376017,373.4217580767729,196.12740128578895,309.0461086953506,3.2591598946406086,510.8905786648285,655.2480296915769,431.33188149271797,25.603694975012726,177.38278295166785,718.973884614326,182.43189742297628,512.1399128161723,595.4790505619687,167.26102420756897,356.5658774928973,316.3720923584951,348.1071061892667,1055.6095182521137
1088.2626226860625,237.13025788572276,389.5150038841353,240.3885309869154,393.3718694971102,4.920220582191337,258.37296856366714,646.4013016809632,403.5446889281159,35.46106528600294,122.87806598236116,909.5592154778149,114.07629388528173,486.99601222279273,535.8693539397003,154.0443901290663,273.66101188175344,432.4545612950676,246.99685829265695,959.7429638710046
529.1652552937237,373.82323657159117,490.6125638266864,196.51150882922906,264.6038829737783,5.265931464585973,456.9399020007092,702.2806276208743,519.763318053848,35.59414731545674,146.85556484762975,577.1724416145394,141.95994936960568,407.2790837489348,478.10090133288463,176.17780973493987,349.923895854119,564.2646258389041,229.77091540172412,920.928930425874
654.6867054040824,296.48833422820724,508.8903190792796,282.8113955525188,301.5441056623794,5.818774792945131,526.0184416463109,629.8347273298468,656.9159994277474,30.14770675176508,150.75140207725372,739.8738831244419,185.55432302223335,598.2247586915406,503.3293247367604,175.75894871590828,252.40613218599975,663.7772199339527,277.51133982924136,1548.091707212179
880.4881531097369,336.0802394620792,368.27330910395364,219.03308396430685,387.6226877960444,4.716359042303269,318.5460248347372,547.1505757163587,513.2785520621914,38.57407005109658,145.2235924840127,582.3503886440126,151.05233953076603,394.41165606414296,557.4063655291163,158.74299599212782,325.3966619437479,438.6403655846767,251.09264131955,927.1244543913573
1033.0514243000232,439.6934079780684,353.2701478263367,184.08481755118962,387.34501378548845,6.294259367636421,382.28187356740267,508.41074592138665,620.5312374419816,31.277891712437388,151.77875291906452,694.304811734717,105.81006153125662,426.34564977727416,489.90412100620983,157.1980082425974,304.55213037482025,375.6221816654919,293.5673479152441,921.8317357645303
734.1100601598939,259.0995249284179,457.64303807810546,225.27185761458162,378.45522100393754,4.821239362672679,475.95362417541367,684.1243394013227,605.7590508502685,38.63006114539471,140.55104004222113,605.8170596307565,108.40309087849798,301.48620873653056,483.8252563031453,147.46524957848874,423.186817480101,394.18788737000887,304.5426993748535,987.9976577690816
962.2374887400705,409.05126784437965,395.6672608467899,229.38236238576252,410.8085468513548,4.588216915812466,336.58587455665776,744.0733430645722,472.5982793624726,35.77887962423593,138.14771711374982,685.8905177086086,131.79985862915532,352.5301660008046,487.7615078761724,132.07400667639578,320.605475656129,425.4463257776662,267.09651944455186,1030.4962885728532
1068.6209956358193,343.0024740793795,492.748113587089,254.6989855801317,348.1467356668515,5.394239739380556,460.12774057085926,694.9824028503326,638.9102766846044,36.15217214548053,152.32146579015443,638.3432813491811,142.66508238972176,410.7280256307698,537.408138062406,168.64506414807687,446.37758793459284,365.76928245256397,348.1044717067122,1122.0996973209349
983.3894116171708,501.03642861134006,494.885951188522,278.6369162453754,315.2828640271442,5.383635048702998,460.89765841489236,460.15802185632754,418.71903896243265,33.84125830190288,168.1039744088872,592.3148912824095,74.31751079104869,475.7814601037858,608.755491341735,168.8118334690059,346.41351330733573,465.6122772444015,284.0726975020081,828.3280597591231
885.2035380535132,376.7809195153346,443.58282277437746,215.91895691305552,310.9988271240455,4.872161199124687,352.03101901812937,701.200353935507,532.3399686556938,36.946093884894616,177.53928980655104,705.2444691760284,148.5406501261114,486.6632235294883,495.9604211512277,177.7730716447796,333.44397307644886,352.58387301759205,340.4221403346248,1017.107226946104
992.9994946171352,449.4797951225235,590.9017448562435,257.76602192372775,453.45536425384296,5.685116472234711,357.0358216195598,624.6573381185234,497.73201832468436,35.617270579370974,158.4164694525283,662.001223314732,170.30361876667217,448.95659516234446,590.0504771816828,145.0688318735929,415.27940615834,411.0411407285436,252.47523092247081,1096.877876191234
857.9979555012442,360.3091725319454,436.44011197155606,215.30030282531473,208.5373337117414,6.607305521705554,336.3347414379631,428.5265773081205,568.6268373843754,38.66811487686739,180.3089551749064,466.5516457118233,125.82177797378296,501.47712698022156,548.5666440582472,179.28740730746637,385.24174058465405,414.2860494299179,250.11605819513713,885.4081207220505
1104.008474241979,392.9940412722018,319.9364972408647,263.38929046875086,409.83325473814847,4.577119460769645,337.8230322849843,814.208373441796,537.8534651902501,31.438824792160425,122.42811187910743,735.0320699310597,168.8323895702731,477.979948399126,488.2499732840271,149.00902743933483,406.3892179277054,484.5306321586766,331.6260126817448,1179.2505128615544
913.2812872087021,360.3961966712872,304.2923029668476,184.24707226567406,347.4338974405834,6.165441852687476,396.1067322135102,526.3970194834145,451.8340583943079,47.59653479012793,127.72647899651412,690.995275763496,123.15003186491587,307.73056402195846,378.2503805682471,146.7880470125978,343.0794576248609,522.9856406023356,351.4391723559095,931.5158291567867
1142.2334312233513,351.4690766309779,355.20780547468104,199.001593787405,309.2944095932088,4.359303863274202,453.2197159951415,626.1762840063595,338.1407394421975,42.41762738590768,173.22449764975676,645.8487239335011,140.97224789607665,337.9505224856876,505.3857734750011,193.53987442382493,488.31018139709624,513.8502992340243,357.60818234485475,1113.402596695675
728.2457015617543,385.2277579158676,425.51584320592394,172.9879398436643,363.524474323076,5.798761721676161,459.4165886472343,706.0867369710825,389.51633836133595,43.37857243751635,160.89821664110045,561.4683363699631,155.02152910948786,440.653038994053,511.0012063015246,199.3420116367884,398.4465797904153,436.3713538336513,237.41597653290486,1050.4729627243782
787.9422630545449,309.9414839462091,518.8894988595849,174.2169962596478,329.5968798620708,3.5208328278425016,249.07405325496188,697.2673127824339,525.2129852768851,31.357289942531352,154.45768053558467,916.8924697955708,98.23472654984869,456.0339082955803,549.3692430008437,172.1491830827001,253.9218264736376,346.510340710126,239.0086090904586,943.881550971587
970.7628680299479,427.5887801796015,423.36365031786914,183.36353868578158,450.3064142121298,4.927271728288215,414.6969537592345,757.9193612160801,460.7001970081793,32.254201634641284,130.51355992198972,509.48364556143656,170.60871738657693,527.6924993251689,569.2338030010217,194.09509335526604,393.07427589455216,650.2486622056635,214.90434266316197,1061.728353194449
686.4416991408589,357.3295720488555,338.3814844735953,286.76697116705884,437.61117016325204,5.0094586406853985,430.6072712254458,509.2843356541191,324.9784853742386,22.36152056151034,153.7135222205481,702.8240959724649,123.53568270943111,419.4082897764896,508.04779764530974,164.30679336010226,361.40482645489203,551.1996290172626,286.48123657094146,1289.3571263710858
958.7974873627281,280.03444255634645,457.69893157633624,166.34476375303205,382.8361412286053,3.723676293408989,525.0706330125615,715.3576951185194,468.5263602750779,32.72094371974113,151.9666257767462,955.0076085021612,109.46952357719728,530.7226859011125,450.6972779118948,175.27983202191126,308.4145732825789,371.2279207190136,278.2362504615802,874.7248434604502
877.7325079383544,429.25061563013526,418.7460547342022,288.2845318701376,353.77473317683217,6.213257259527721,383.9504628838453,669.8467160693866,512.2512701636809,28.8578787092289,98.29971300538352,722.8472871791143,82.21279545255345,466.2164254457153,593.4049882577021,170.4159294453985,352.27170691356196,563.5038892401001,371.1723283105782,911.2447843742145
1182.356042191633,325.31168999385864,508.25714278113185,211.04616332681627,310.47132070142777,6.085085387816198,373.2200751976796,620.73413543265,297.951907442097,36.23954002001183,148.79036741785472,617.1873150870517,129.46885815706594,389.46828954523215,522.1790326618982,141.99360511189755,275.4375660824127,396.5709648248261,267.6144414677137,1278.7137321259888
954.3403976726559,393.76640636817586,391.68636298095,217.55076575991194,333.8733795628366,4.719671320192902,389.62655212715816,571.2729872966202,464.4327433196152,27.763529158243024,155.949920192848,628.2351633383174,131.85199195519343,436.8966591358399,567.13094817152,119.489729470209,339.9777237290958,534.2512373342349,248.20155349069668,890.9115826221582
1093.358352232141,312.4344955078808,425.8873306431566,275.8515467018092,382.7333709470906,4.358761352631234,418.92985333246855,464.7678508669611,405.05287226429675,34.81942730036305,197.95864050146972,442.24989256920605,155.52913124301864,397.2657172806958,336.19996669108684,206.07685206516453,493.46554416549696,462.3457715464639,223.4084410926128,1085.1571988042128
1231.8285058553697,305.93410801647894,486.5381717775645,244.19810761720038,402.3546544331856,4.853903987374802,402.6073495213295,837.5401171553754,393.32143437818945,45.97493088757718,114.43858536610762,483.3644230739318,107.23800637949662,454.4754386595211,466.6961066949372,199.08990149213815,401.6657928906082,602.1520653225326,366.047823995984,1085.043141625572
858.4934972583136,447.3440871304056,327.98332009825594,212.61006394204537,416.491678757024,4.970839401007118,427.26566640116084,605.176385480943,612.4541764011346,41.37471956441978,142.39538598330628,712.8717914150051,145.6601136798119,290.58896390877624,468.2747673040756,152.0595034815521,440.0177403184431,314.76168030702786,334.81968296950384,970.2571153483406
783.5075322031944,352.820383302085,339.0376162128469,255.36366587559772,302.34726800803304,5.865600020063503,390.71089579537164,478.45331641398434,447.25610930588715,33.36379500260779,124.01152101058399,879.9396303088281,93.11634719601983,330.5616364336937,492.6020147881881,117.51309333873755,320.8550161146901,556.3547874444281,220.12768049924676,1147.37198750538
1045.9548162298402,392.8412375114894,655.8469014420867,204.2412313137519,483.75943927774136,4.835589571399774,361.97059083421334,412.4019544859845,462.9232642058085,30.200769234707835,167.9746942600696,561.8102154101189,164.72434510372383,426.2129384717189,342.0749297854035,162.64285013445888,405.79823072667,532.9778317774758,343.9917682868453,1160.5061630245043
960.8549396225949,356.6247057864141,498.3496436474129,209.84228006693084,328.81025090582517,4.665958658621927,396.70883544404364,668.8346765466767,403.5140500003051,30.465367207699405,149.20113651458757,567.9775264585882,116.79791403805403,398.62776525171114,639.2933588446595,182.42251495021947,350.4835879223772,473.94510065314967,300.05238387312517,586.3498355979318
746.0053656524587,401.89819115482464,466.23080399158664,183.17240365060718,287.3301404117107,4.205299558078645,455.27871330030587,605.8678035279894,560.3711152423539,27.143706141254814,107.37648321177488,653.0190488467827,100.70611843173941,519.6968046844986,522.9406515891931,204.85753559123833,185.56500930249067,421.48665639207826,379.8227147169881,629.3051108436133
1120.5030932449702,197.4542043452974,328.60811829476586,224.43198272508468,356.0082701335691,4.607798468753009,524.8238726590059,665.3201524212297,385.27247830641636,44.69104984368429,126.31782913780202,713.2165573537744,154.49058751259773,386.6039324503609,479.60464274387414,171.22903090148267,361.1595303606355,540.7307733416642,343.66439558690627,916.8462829147354
1236.8050808663284,395.099745032889,420.64509338380077,231.80904653179886,408.81570134757436,2.405380801617811,444.0227710103446,665.4322019693979,495.96095782455603,27.603069107709484,147.5110545877717,803.0369474385041,141.48288227391296,394.3703575578454,594.4588494940301,188.43634269337443,426.24091895449624,617.178633726515,235.6740040098048,1083.0920507485994
718.6150080563167,357.5851603638731,362.2080481779284,229.28307530846854,379.3523562044682,5.7167323564308665,450.54496199014505,729.5839126175855,365.85005647608966,34.54176978606836,101.2825994471691,608.0690672690379,132.77418485121004,467.1120382737873,382.5993926282649,170.20415748550258,238.13956281693646,581.5738814028354,300.1313077504325,981.942846919188
767.8238945532761,344.5843385127364,520.9534254507582,195.85325393708015,446.0083670166749,4.979964118772144,349.32322084776825,538.1391398420225,384.7739416794998,41.1520259915,119.81468311202731,515.9637338104261,179.74859953007342,462.83249705053026,566.8393798906153,147.75638370075,328.9979854259241,317.3969706180545,310.9586802186881,924.9481783361948
1252.7502571426498,369.02091336734253,450.2218603838147,274.43822114749463,415.67562049161734,5.799831879365628,541.4440149532289,557.4247051714948,390.7044609793839,30.81207359224431,131.55033526161455,902.4981680690285,128.26232224057878,431.7613590654044,629.5439761959498,160.61930565907213,494.3822955592956,473.56559840300247,355.2970176566416,1091.1615578114909
989.1763179691802,215.0306837524245,402.2022641527422,301.5886084313384,389.26306377319384,5.090205428655152,353.4211703656533,608.3021614495236,493.42684564832166,23.10464466028587,107.9118067900171,735.0590452334924,157.24540364617124,352.85872455583444,412.5944032566255,128.66030748081587,371.55882553166805,527.1546648305201,291.04190829548895,908.2106412360006
928.7055103895574,287.6258614050156,516.9805471500729,246.3077750726244,398.7901462135324,5.001570681715283,441.84843715963956,641.0056628021383,503.4247416597393,24.820716128106028,169.11769844686816,498.3419291812379,153.53587619278755,461.2930393181149,567.2311077700033,144.4443971103598,354.82349736720215,461.49217626159805,252.42197002917126,1027.9526062206614
829.5588781078469,362.5446576664524,344.0510752631083,202.43805831332327,279.65291315949844,4.722365904342259,514.5784251151422,557.9945951331566,411.83366800379076,34.06027545103615,125.00846773237049,774.4117934229752,135.10489547847476,599.0916424859284,623.1032739185739,199.12607523179406,299.291836689658,451.28267454433984,324.9773705571212,998.4624629094006
785.9734480528722,340.8606199261734,314.1775740562862,195.84345908388917,441.1705926400795,4.370915902439386,492.7476628757298,456.9417069419852,520.8434913184834,35.70299369344337,160.41887325841543,685.7943827297156,114.87391653330955,407.41872778396794,392.8914152285733,144.2501898107724,405.9744972510639,521.0676290562488,299.9574494999476,921.2941272353107
1131.408232379395,355.31713347288564,405.9290382083335,185.05650134394256,541.8414302402481,4.40775013275696,307.9899290717159,565.5410986752628,495.1568672146577,41.11596172625427,130.4625131902738,749.2244504784811,127.91019386057778,395.24886079398766,578.5147327100422,172.83269097730707,343.1363850854184,438.3381634319665,365.9820782381564,933.6643988298046
964.5065970360981,383.6157697807201,467.7913467765591,256.68520462689435,329.0079017296741,4.830997076359276,400.86114975579153,694.8360857497534,600.0089213752523,38.968397409314875,163.0702804243896,482.3048163587446,163.5213393585292,371.13763431748407,522.8617752972326,178.48646082592842,384.7791507808678,418.7470628242609,309.549447456509,974.1856608041769
673.6374384127171,344.134595203423,391.53906688225436,270.355050450689,308.82334199225556,6.240406426962021,354.7779219559571,718.5067031669405,613.217729769835,39.9163045232654,138.13376715703015,506.1185752669121,196.82760597921123,451.7842067313802,507.70044468847095,120.26384245655927,412.8868095773013,453.338685971938,347.8493790769135,953.8551779781601
1161.7174417441602,338.58803588537734,411.85146907371876,249.72960846881716,449.1524163694302,3.273169741257433,450.33212464889715,561.6549720339617,594.2552447331028,39.43390006147203,135.56051173541178,644.4715972080999,138.1006441844509,404.84352557147366,470.52576215063044,129.60196759063552,391.22919881715467,629.5769836893448,285.0886318142844,886.1728230681878
1141.3455073704197,360.10849316384,366.3438269897083,236.75302225864843,343.7202735180161,4.476699015859521,399.96382328253196,573.1607390461206,375.1721613777496,47.8471823017575,112.39884713955216,689.846452740836,166.73342880826,371.9822824278229,563.0747095681655,210.9526916807698,381.77301086927747,432.32658505434034,274.102422307181,911.9874706590974
1117.5638985599783,407.30338684373163,506.5931748041341,223.69594823047984,489.6536272843639,5.047093454599545,424.6242806970771,633.9442563964599,365.5217393236354,43.92694204251224,137.80735364290288,631.9782000541397,188.0817999636904,466.78750955431246,549.5163098054533,211.6484836238251,340.06926769440867,557.5815484244413,343.8276392713209,753.7553972167963
649.0822706096469,305.9249110943803,543.0780385617304,251.25817837482035,352.1797858655288,4.181239884411887,335.06154441129115,461.13408204494635,390.04568013651885,36.18944605817378,119.34539317953315,726.2493938259245,165.26515744141355,380.48868013311335,641.6059904060875,206.81622104597187,376.2313860678365,400.6535838921809,323.44117413609086,838.0527664012473
1047.7908819446411,361.90313672900436,543.319832705795,272.36531330933474,539.8651934944132,6.118661929143961,393.88512760239894,562.8976002993239,392.5842537650707,45.14048766604514,104.00769145402475,612.4990527915164,127.4462143802716,363.91108274786507,363.5947515881944,145.0450169009244,304.88162020544604,596.0195033685476,354.67355797484277,939.6480802218931
778.0497886660237,205.08694141181843,442.1447034410924,251.71515638836854,424.56636971994135,4.809875830038566,419.18295545697697,516.7825807249579,463.3441425097531,46.52166907150513,170.9352883004694,495.0382279469969,141.76579619617968,369.74488354205147,531.6176989263557,163.60523329743165,386.5114865426831,599.0392936662171,302.01415949094724,812.0852982446231
613.8992140212304,321.7682919376078,307.50797833684373,216.9718512790785,351.22483817202817,4.061806646420228,382.56870692939816,590.1252363088577,472.86566089181474,41.912986336384996,145.31938032869823,711.4010391191769,125.48695348255433,300.98540470612033,468.5208551565505,176.8826309727007,337.62964372800207,446.5778135593035,266.12047297872897,1013.893714104656
946.4728282206268,388.0505358446339,367.0991709914066,199.51975627507312,420.70230298694,4.327778703973407,455.2863462935291,716.3987095063741,433.1378887400706,34.69652170600296,133.84776441445104,671.8561750739674,166.78041305228038,445.80383089346515,512.2174028104732,186.45154976691944,350.51145595423077,521.2979036838797,303.56902215049195,790.3503748970927
1021.8159749246487,339.4861907035146,450.4302361017357,288.334587091973,455.11298706232753,5.3323946599453755,412.95450447478396,516.6928678374493,408.38239019390187,40.689153382491945,124.27616573633769,659.9016064483334,137.49481926860457,517.0123939742294,456.1435061853889,146.38081426766155,286.7238433362132,383.6976685119894,216.43599414066398,1261.1012801033908
929.9140819917237,485.39969572846815,396.64015035189624,214.5894509992312,312.4045840146918,4.707435322172926,483.8425236819261,477.8522865934207,565.481626667075,38.59294717165039,171.38267808046342,873.6601476876306,141.45846572260785,364.3739984357634,493.5095262888873,162.94073483907985,364.8123225853918,582.8655940939916,328.7558817234262,443.55877754981856
976.3443630221926,473.52225422265576,393.0006495618199,203.23286173845383,300.93090726053566,4.42548896436497,320.3291536295761,640.880058446619,467.90067887795675,42.19783299866608,87.21865863376081,789.5892901390466,114.32676162715985,245.4998691532895,580.7382283248273,156.98761960702842,430.41425070229275,414.0940970459417,293.00832826358175,940.965512072216
1333.4994777114264,464.34554791238645,482.2881738345481,308.3637826694971,288.90305215290755,6.741891844359135,408.5270091044934,935.5659302484958,563.1614776849063,27.08270352159437,172.06850194737692,646.2395849223526,110.9225637654097,381.5325107139427,429.711028225981,138.92486777526048,327.9599547399902,450.87791093096394,215.41375693426681,800.1940231952552
640.5675821516047,430.3431725363255,448.14073315750926,224.3478874558059,345.59182468019344,4.967604066564409,339.9799678228602,757.0519830637984,526.494135745588,45.13235334382986,126.87662422577989,640.4445040476625,115.19061264438324,489.1878193362364,593.9692204633973,178.3289115152127,145.3949959845504,289.86855498565643,143.86014554531886,829.2886506068068
1007.2233970345876,358.6022419835961,356.59341628278196,236.8752220975181,335.96728347969565,5.537019436985015,385.75212680528284,462.5005267879501,633.8674089513615,33.504119369289086,145.26716173400993,700.556024197238,142.1098245913078,340.3170807041305,414.3172391993929,143.3071999527743,291.32103245837,473.0201427764905,283.32132989180104,745.0406086997472
854.135461621752,308.20177975858235,286.91505423225277,241.1169477552837,457.91687938310343,2.850522379934383,360.5824349978524,471.80087976360437,573.2598020873972,36.90258403930732,129.8538657936856,653.5491418904495,166.13020968349085,370.663786592182,556.8826490493989,183.5322970489703,204.40895199401317,637.0448070485503,307.8097412131322,930.7063078245585
1101.652287465056,361.68138846229795,328.87809519470477,251.0133266464834,422.6405561067347,4.862629244115707,493.1065020090715,564.9047385809897,544.2591548194049,27.12822289825546,84.65272603190996,543.0352151265859,139.30374575866335,460.28544815908987,397.6616053323395,157.2690410287244,402.05798533431073,338.81507408714975,159.17984380622698,889.1567095975967
598.7089056061152,306.84708467660505,451.1596634633187,234.27197919531645,407.0314147606076,4.52498815718463,396.61998648510337,654.9632005605984,578.4802283256907,32.62168797629094,156.6826036334976,505.793166268808,157.35990318035937,417.3398486825473,474.90031329694153,217.29973638903462,407.58883527459136,551.0321315735425,302.6899744013219,934.9617335471166
806.5329980721755,397.07404259202156,474.22987568884827,196.83012589292787,391.24372114814594,4.212175871661911,339.80272165135955,579.8519343739031,445.42904551896106,34.69509540322354,179.2181584829647,605.4334791641578,126.84762599617,386.1140883411361,560.9814169143167,223.8486589104895,329.49937231089433,494.912902771978,367.7051689927719,996.2123701955755
957.9385182500342,462.7582975869389,410.8427231073149,205.24879517156847,392.7207603026241,3.5173761681804017,552.0574408358557,397.35971458130064,424.1892327372023,41.74937765022088,141.58815108608368,587.7768397295778,112.65436647343165,639.2522298281333,548.56789818561,190.79162217193698,406.5624482667588,612.1115030192451,292.465886920238,931.4579811529516
927.8366371514056,330.5435796510835,503.51784725997163,249.33475203090924,315.47803365904105,5.196482867196108,415.41450710107165,392.3898451172413,543.4289283754558,44.08191974288628,125.97507678634578,389.2721880549174,155.64738156579756,339.16171936321905,505.99034972626566,108.32999191824419,385.20097015310455,455.0061528842399,264.6895489953701,1022.5387704454446
1181.7388802726657,359.15203445718066,549.037617306649,298.1782598103166,195.19469334264681,4.912286395906208,434.3422279163703,651.5485762301863,496.05611028561174,33.210335577016664,110.36785315937126,670.6181908554931,101.43220369676295,396.80214518672983,489.06806825980124,165.5737938657474,400.42023565853634,639.3886693586595,332.17991960299247,908.550706246403
591.9135029391725,376.7114441829885,410.12360088125166,244.4522119282159,406.0647768290872,3.851475047493805,307.6602962586391,686.4187018544849,466.68087970191533,39.44366189430455,191.21686491513182,738.6985609556394,154.25066828308965,448.7364763493713,586.1605054554125,135.95493500804176,279.1805240719203,367.62970549300815,247.68442402421192,1056.7364683295052
756.1468585334958,341.60985289452117,353.2138338555411,257.158023116904,331.81615814890347,6.121771453668298,398.07151890003024,502.1797733704963,387.4718496075836,39.565862794808034,134.4083216330265,572.9375420459594,150.594657833219,434.82457819814533,586.4716949900713,168.85073324849392,340.1952041781261,434.5127480843141,333.5176244462826,873.6363251111535
947.8144598549205,410.77694797104397,470.4796589521121,313.426426467881,349.45875911679815,3.675791556420346,298.553276183327,327.72798887553324,391.5963554918153,28.719441359808357,135.47018694254342,520.4349204767777,147.44078359699014,529.8275796160897,488.2477332073828,165.70119603074377,422.7991464864325,345.8636051131433,345.1105824315017,980.7321694709397
1034.8941843792043,395.76072451693324,361.6702832452752,201.1548238627868,419.77302261916253,5.709609290761399,336.5973728401351,581.0279720520983,626.3974017062407,39.97289659138587,201.22625409860976,577.9406474870079,91.65855547681184,475.3961932339043,474.5315479096634,125.10619974549527,434.07173732112176,395.57767162495446,203.1854361381436,752.5393699994393
992.1649584438818,378.6661186950029,484.88542894867317,241.00284818385632,304.85489776635484,4.396756596561408,342.6385975221918,713.8451376554104,573.557838839869,41.88193110418348,165.97968762530263,574.3036802317832,213.62367401741233,482.3823647454517,549.1853471226026,183.2821555920878,388.2137271199285,587.5689522562544,229.27303805881058,1080.3517621541005
1113.8498196611322,341.18545605188694,387.3188750253224,188.19180330708215,280.15834809106525,4.55503992477151,482.4020664655795,452.2226948321089,404.4493056329045,37.13533037265423,174.32650837072953,636.10221156125,100.99988873493886,441.9217455346436,623.5128070004941,119.18506152522727,243.37361613063132,413.1790098380629,281.89362036052444,1103.6472842900048
1406.5059806513095,374.4589935793276,428.0015542607961,192.47466849449467,326.53965494892,5.33606393963669,490.62597242104044,668.0660231392043,463.6002388141228,41.98525654430391,172.38131909013958,581.130192367699,197.88850742601892,435.9017699680354,581.7411908398327,184.58520946920618,280.89776688239186,340.82756603298543,264.8342834771487,989.5039811110516
1117.465436513219,540.4268849348255,446.6841078157425,200.41138676366245,310.85863024697545,5.248643616292698,465.3808771137303,553.3068871799977,512.8147227221365,41.33681683615829,102.34388372064402,564.3046897677895,149.35669588461653,492.9341123288731,633.508377088174,198.90342855756683,357.67834169450623,471.9619144642862,276.6999006797528,983.6657330793313
698.082580951121,326.487376642905,381.682138685333,256.2232777502903,345.81147584895734,4.875466423966595,424.30898461298693,741.0192399994405,463.85132394200326,51.74824344527563,159.9222392366485,590.055935119037,113.82714352726624,187.53920872144548,506.0505289479188,102.59460459800536,550.5969549421353,556.5559842330522,255.2473446323871,846.1775229751289
728.507597457565,405.8818747247324,328.4152480242252,275.2603132351179,246.68139354980624,4.8353743143339205,324.81967865539116,639.3064080402444,447.1923947419172,30.498958535281144,126.26198655784125,760.7552646207362,124.44256341932567,338.6422744587371,573.966503269595,175.02057865603388,275.92604135814673,450.4873604678218,243.79114006804974,1133.0445171282574
657.9089149198235,412.36646890760363,447.70778711759704,270.66664589631523,299.1862560193554,4.884516112465631,432.47011820062966,668.807031224861,466.106064873161,44.08991640032067,125.96526402953869,575.8232025635006,124.65506977347121,313.0194233678763,553.7926087436268,187.252173322929,336.34718042617834,464.7174440017252,265.3844640566982,960.2993203540166
1032.8734691399525,430.7656540179057,359.1114650392122,251.7402414872043,416.90379274011735,4.049952775443303,458.2551077878188,564.6204136491101,530.771959534594,38.60634370158905,127.23067744258417,575.8009177089543,157.20809617789695,458.0157181459206,582.659082999226,178.0561271840416,329.3327427011825,617.3841297472418,335.79311936403974,825.2085833726317
904.7283497595065,336.0858844481389,261.66885537317995,266.6046282124541,438.11676326934395,3.349021941467445,497.21096256975426,494.5893729163746,502.1154332096988,41.80879248602431,149.60948805758093,556.866145054388,147.75163995283467,390.79964787201,518.8153759165486,190.88748820205925,295.8713547275599,428.3554204901272,292.26912089225317,1148.3806345809778
1328.2996140292798,472.10718118668143,352.2725733595946,246.5524144674844,308.89608212909775,4.91907890358086,268.8583784132271,680.3691446533478,363.70906982258145,36.652932232691334,177.78331398147708,644.6870594362277,134.26798034472023,429.4697762154051,427.878186150614,169.6635821864313,372.67952185289846,449.5985978032652,160.06080347478897,928.471881138746
867.5866867404752,336.8787188036384,398.94293505772634,192.96494051716746,431.53891440004287,2.720863844543067,414.59376947416837,717.4516357974694,658.9345844807895,30.38010176880124,129.0692632589779,578.1541853416161,123.80256137817061,385.23181532385314,499.6983281952214,144.71086633422738,328.92124850957697,469.60948364955465,296.8005217024736,1066.884541018274
851.5173189172051,357.0368064427349,347.9275441584832,261.66143055766315,380.2786997815417,4.535558345057538,269.8176632061849,533.9702185818061,336.80314338358403,33.90753655493082,111.60207859317808,528.4216198599261,175.65070390538534,467.9928746651821,422.1784030940203,135.61160304587574,247.745226938751,448.85784212851513,331.8459184020649,991.7575633648975
816.5094632400677,265.96748962133825,359.1156842985046,227.71736494767836,325.0102780156552,7.836477694033237,204.62962528467102,605.5281187615013,590.5401512366974,33.49386539573319,163.7628967174305,485.8934583068507,160.064044041942,485.4402493028765,461.58178195797694,168.62372751660058,434.38259060781587,637.8704631405976,325.42969544081075,1151.406178348329
1005.4137951661539,417.48283504106837,449.5190464678076,131.39427503918864,438.5970554213633,5.105988300890682,434.27281481833154,468.5726837540777,570.9324067580319,42.41339694042668,121.9497673132504,484.0004831554678,149.45492722818926,422.1283265571476,426.6496124251239,175.26378727163063,222.58582733999174,448.8906241797687,343.82455975601863,931.0156895673193
865.6956991134596,469.4300898547465,491.49784317807763,217.41169026612573,359.7011064572353,4.775921674149914,388.21912241628826,506.5544003798144,509.03878670259394,33.37913691348741,157.9200133170593,637.5590397847153,88.14461489031282,369.9818889624599,518.8247786985221,169.33535904061924,369.31267746908276,500.2876039385722,154.48813258399755,937.2945051996832
1005.4530828507131,373.7767628570117,341.1054293362411,246.07822197122763,466.7093360833352,5.936919498716602,456.51109436174534,723.2797009111598,642.3316977558125,38.67976529677004,122.07098405685917,723.5953092034662,128.7306637955351,377.74611498885764,538.6061464532022,159.65846855949766,356.1961307706648,521.8557805944447,262.4874365294121,974.6835437921574
860.7004011403806,374.6907905516791,285.09264940551566,303.69118919564727,294.73393512609493,4.797604024820077,500.43623841852866,858.6367641517511,423.95707023504656,38.13653646433133,187.80679233006734,704.5115886142501,148.86602009309283,379.1467724289813,545.7760449012453,155.7010687089275,377.2104093552394,574.0597626998654,328.2481219105801,882.4342680139305
715.3560447285655,378.0431978234702,480.33171999890214,283.9194263868426,357.89072400598576,4.2062573032965584,418.14793396526846,564.3057594871937,464.92341268180525,38.423216257065874,128.86888795847494,626.3605658215715,124.46729309164392,483.4377619751939,597.1812575653931,192.11316255768546,410.6428856396232,424.88869500952524,354.1712910345349,1058.8053027690983
1115.5983417117561,452.27020804530196,578.9683218533402,270.1490069826762,434.23538476166027,5.815045929193772,384.956478072806,666.0378764569763,493.0343501471215,36.89506407820098,167.33271371340481,696.918987479045,120.5746120601243,447.3448335522531,529.9091816116486,163.98489439451467,375.4486302325948,428.81706950873803,287.5501775787263,1096.931546560166
895.9271860876835,338.5185697833235,394.47489947398316,313.93749012968186,444.20834679561784,4.133088358555375,466.06474277415174,677.4415811605922,464.34874349294626,31.880841039045038,127.25987694007793,511.77476021993783,155.0980466407222,347.10657262602797,443.73103045218954,123.256104309617,328.5546082476381,434.59221953165036,319.131931789633,857.9114292561981
845.5767418210178,434.90068929551285,517.4721863734936,260.99970474060854,405.73232422266534,3.9553586237624945,331.55985882790503,627.6370866747844,492.9829676000302,36.87357689440052,121.70764645597149,547.4224923925299,124.42623455171226,409.30271588853,494.35393447642684,190.06872242428494,316.71328166079303,522.4152953042668,256.27462450171583,776.6439311683655
1137.889581310606,373.34324520148937,377.2711932627774,231.63604482801577,462.439303466956,4.645905401600181,411.9927791834124,787.2532162254317,615.5552006669112,43.29285839667535,144.98114227404065,401.11248671845317,156.793896410881,405.53565771876475,400.24997870851445,131.85581510685057,376.1108979290314,426.5975422341986,276.42267126458495,861.8817146444622
1030.8124263201337,445.12354731708456,383.4486378268035,197.60249867099537,357.3359550440601,5.477588359197583,408.00158652365644,692.4608882210002,468.77359480822656,33.518490510901096,101.47628189291072,747.1265119773074,114.02327472550883,520.9775144196609,449.3958739281122,130.27500229123436,312.885612100887,492.3999285380129,308.5103397101602,1005.7166782346296
989.8438670545739,210.71177323629698,445.33219561574833,243.53907714802256,254.9200910452222,5.4726857327794125,355.61258072831316,848.1346710869834,382.54729855042245,40.20898610883179,153.52946515936753,624.7628731503789,143.3907136070209,529.7402652648119,490.66217907592073,196.3706148192106,453.0954841794632,428.3118553029075,228.63896835415449,1055.2685801862112
970.4791900027188,364.32018975615506,287.7674880109357,198.88072159832146,429.38428895164105,4.41651718510218,440.747956930663,650.5530855913405,539.504823098321,49.38572126356681,137.72704268526644,512.8129640585704,119.9662237930236,460.59798450220205,516.9219622916074,148.79030629473195,425.55455757185234,299.53843827265325,291.7882550031426,888.7711838076639
901.3509195703255,361.57939706710323,422.63047927943245,291.22367441257654,334.4001581028954,4.6163281147505915,313.3960790867325,616.7709589505655,495.0446700732712,42.31310968328666,156.81443526396865,630.3744056225172,145.07941320012552,338.47359965663054,497.8794851849413,165.5464032179396,388.17238712702124,503.32484236627215,290.88025736208687,803.8876281252316
911.9524793443509,314.4249359026478,313.3079811712288,221.48432753010505,329.14554840956686,4.4169831332678005,446.33974872488807,636.8936201906557,626.0117437407621,36.25293356857669,164.53921612803228,645.7605572499652,88.00643995003153,218.18033892153636,532.0645311875172,124.9622157579171,291.85086813112537,705.8071179082219,308.25335648934833,1050.4822869120417
1265.2875399211873,390.78703730626023,270.0329841429224,281.7791380007332,383.37099229677267,4.287066861955637,445.0713284980858,452.1594692381771,435.92832645865894,36.55317334124657,161.93049447040747,519.8438101340412,117.03082103200704,407.1981503244019,430.01927347456274,162.45070815944518,305.16349468179317,496.3783547738773,298.1649483144933,1026.565713814377
1032.5719546955681,346.17652837174217,279.9250638974605,253.9111654241508,311.5368043237152,4.176308217849021,219.3435107734947,528.9353923194243,442.98131505227207,39.89220701283639,178.61790357087375,488.74067717243133,173.37303750465807,386.9261705166787,543.2402269607916,147.73956587167413,311.41360114481654,478.7395959882779,270.11853380629805,1106.7059270750092
1180.5206766115343,308.37156499187466,482.1531936040426,324.2041955852976,447.890786250769,4.395379405692033,372.53911884106213,565.9541094454502,372.3413122500022,39.39280167612683,161.04847097872852,443.56276075343004,124.31767274412074,393.14652709134634,408.9052293260738,160.95422912683694,310.5744200317492,456.3732934309078,306.9108546893058,807.5823200785385
1112.4452081519541,322.227332252369,397.2467174277059,233.23702372647617,355.77804372974646,7.346564391204581,235.72719648191688,1055.196668294503,482.0913175201996,44.20504079279294,176.4193506613455,685.2447473650788,173.9965614137808,403.34881080657834,526.3810136401393,148.99110627520588,375.66274579210113,421.47981207618096,216.2973630264371,960.9565046011468
1102.1695183290205,326.1983626938088,511.824268853357,268.773787273899,424.9857007285961,5.586013747275655,395.5530742026359,759.0525501047875,446.34663638248986,44.26346293482896,120.57911353459606,668.9755421657507,108.36337026427687,453.7045590689599,516.9421700853844,207.99496084313378,497.6420911558389,470.37845929355274,244.61763343404567,864.3580668801876
844.5011535132428,396.34028234640374,505.19235113164217,210.33163118827943,459.87977858141073,4.229686554993942,448.67525992144374,548.175202343294,359.5197131786356,45.90783616789103,161.16245895158804,730.8818871235911,145.1289847536927,484.9553191512713,490.7643137875987,142.67933053124062,381.20895756985647,445.92146286770344,271.0709857632936,942.2485693061684
1133.0771809563064,371.9256477188155,403.9699567140638,250.31504501850557,422.3127632745675,4.003745877558194,421.4018202871639,699.5240030917822,614.3354991520846,32.10779274087436,114.68155961435511,858.4970509140281,136.0498489439214,358.7777948846402,626.7044909649223,131.86073366729647,277.01758720287603,364.3223962479957,363.05306575797664,902.1724250058661
760.6805302637263,403.3144153752364,320.40486909313887,258.99675396436487,360.1771692476093,5.4862000832387245,285.255345899019,713.7138655056117,510.15919564350236,52.8589242235665,134.20826752660523,649.3187530088499,165.9513833574512,421.34765873601145,473.3455993988241,167.31152535800692,143.01911588627416,560.0386470421319,324.8021972871642,1216.4757035931516
890.9983695642231,275.0382878751851,457.3103682410775,257.9006362533434,416.12205215687425,4.058971914647161,397.520816202182,563.8896795172333,364.0921650475401,38.27018517586373,167.89993376085368,711.153992186368,135.52364935095443,406.4669128119599,456.56117358166756,205.03072083931238,408.6229470867289,447.63943365023715,357.0198807223726,1084.659724370919
933.9225297530774,327.1056275427485,436.4647491714428,224.37908897613437,299.4115737737911,4.9118081357335965,380.91599948436505,918.2536904913289,519.3516214821842,36.33547158987589,136.64669581814863,847.0976785484139,119.86313298613833,278.99090105555206,447.4866648136302,141.08231579439865,424.17873588976835,421.5724413137626,272.7956696238244,960.8515383625537
1213.8096729497047,366.9050936306826,482.57424006457916,229.01397815794664,353.9885439771742,5.615846026401657,346.8254980041262,710.0688745159785,397.4637663575901,37.9903227437636,210.3000915091044,617.7805328208083,137.26623964000837,367.6977665425792,452.5338239704278,138.05093089996674,312.7936570914751,592.4599279777439,204.032987500285,889.5949986675541
1024.7382024262604,445.9755510509126,406.2416772218106,255.59286996490545,287.440125386152,5.740341826029551,348.44736188381324,660.7940112673092,392.10722751167,29.875107846454377,129.80618703401953,394.07489342372855,146.52163537716433,439.58883631846317,499.53061038741845,181.7655316058373,314.2623222971989,543.7495486818516,205.76630199432174,1051.200438144152
980.2914241221309,398.8479260000224,456.9283920111163,188.30155400349173,393.0798301616377,6.246648285001342,407.63124740693445,609.9852675271796,383.52963909825684,49.24695655903811,137.93323419710956,646.4813666900801,124.35901332859397,155.5693552816093,503.92906527986844,194.69265385108775,227.60737650380312,486.0097025656888,287.1689096694538,904.008723452887
1049.531564328902,410.7625231438865,415.5904974363658,195.096908847164,353.43470517768316,5.692294964624686,417.2815647150438,538.3865590187697,521.9710936904098,41.78657669160264,159.2634493093081,564.1124476591589,87.78874050362758,523.8646235833204,467.83246658752034,150.211735344571,445.5153122818016,439.0059127932077,344.06897070093504,792.435442943017
881.2701496035712,351.5445464003704,325.92180185740125,234.69911660168768,361.8139457217764,4.454804019747809,370.5288916217275,715.9856155069872,405.38520748847344,41.31411386298675,102.12249521081347,707.4732298848181,131.18428396799635,451.459394242557,566.4424376617836,162.5123319091679,306.9050458324838,338.8765899259305,201.47204633383757,888.8289992809441
665.0322081546358,293.1006312420897,454.0582524976682,204.8143859453986,509.8708785058135,5.319584506864775,304.5685496110463,593.0730288984948,686.2816289136622,36.26788003860617,133.65123642477357,554.6761530988354,137.3165121340986,374.27661332493534,626.7255971736213,210.30687951697968,334.6731162595787,416.27192033833137,409.03847216594704,837.1235601225443
943.3433250391554,290.64880733084937,447.4898565147144,189.19437870577056,365.85239987627295,4.3203734490162935,353.99768181217246,634.8330678746402,438.52867059893964,36.063814522676374,147.23580223766913,669.9767688539295,141.94166257640038,340.48993486101324,398.2044816783965,122.79589856913915,291.52471402533945,434.16855552295283,198.0984210286777,947.1325086452126
971.5635990398598,368.6706801895174,436.893222163394,187.32681307535938,340.3894606629464,4.59716387506518,415.74411654323495,447.8953118556734,362.83638248579496,41.05464498171989,149.98901777005443,577.1500085980629,133.51731681006237,426.791870224503,513.0031146531236,212.7200592056726,270.806328701031,486.8206134244857,302.43385664463955,1087.2123882206104
1036.9530291689898,429.9021319092185,409.9326128993698,219.70150220026832,332.6632307767553,4.2861238134801045,553.0950523046052,784.8468726660137,393.21787778913665,43.665956059406774,99.42817809719483,553.1622837422868,136.2068621500136,523.423040236357,724.5986564715605,206.27426948479768,443.4660068376005,445.5537430722982,213.73129067568527,664.2499082083241
879.544530596225,411.5464354692649,471.11041732620737,235.2379807802301,407.57660767019973,4.656840859961861,391.99182683950966,562.9583120790733,373.87975432012126,42.211951256847655,167.5560805682718,586.7203484307721,191.04372555931954,446.6993750180243,551.1198857170431,178.28238321807908,402.1347307719382,405.8549226406735,269.971673032575,914.593864561962
1323.1292233479755,343.86617759688903,397.8512641074127,242.73508206820313,360.78910102338205,4.227177893814229,463.6437294722381,689.0338414610917,426.14923158090664,29.422976912363975,157.5591141267914,496.20316771358387,119.35443079745208,556.1985567905512,354.1470692573711,188.20261449384412,268.0870231554783,379.94241963831615,185.0504320538036,809.1277393696331
783.3929259588812,296.1566836930244,444.3253879727427,235.17815064984808,399.22852719125643,5.600625837127962,406.7958838101526,598.3464797786024,549.6553291642101,46.12918623296113,109.91146629062416,843.5070061975323,127.58044413872952,333.7355604065208,474.6254488318351,195.861051265146,371.50097103940465,397.68766609397136,304.9120766267209,737.5336281155465
932.3309012202436,326.9521419340982,370.47270620832893,202.43117174657436,418.7674823869115,3.841784465672088,541.6558376978494,608.0397737344372,507.36218434848223,28.012831938340163,102.4736767196535,589.1831981191722,157.1869857585167,377.22531358487026,327.177182518078,194.93003705855844,320.5787549907708,700.389371652647,276.1774920705805,1160.0074832746739
951.3773988956024,271.5651287145644,482.84979606726455,227.1139304760847,360.6641560495908,4.974176785724649,255.10374277894306,531.6238351104365,356.9335074794699,49.48954954691356,178.70841180912834,619.6261276534784,134.6230860459974,260.8699031317221,594.8351104562067,209.51401949615723,387.2850363477479,404.7603017067332,334.5164555939961,921.8541490592224
1168.658093507363,293.50384804926455,531.5393747302513,249.6759703680213,422.84554874033785,4.9854001771992,399.66937941118624,534.0260284394766,609.8743994369393,42.81262596783786,154.94947312703388,913.8528389137487,155.78419487116258,348.3742124448303,510.2970110200323,165.2571297201303,313.4175136391566,327.51377871798934,261.00434860954715,840.4451396188502
677.0803968748849,350.1904342069932,346.9057890891601,267.5026831543176,409.94052069979165,5.282728684671774,359.7642653992694,749.239000416699,629.1631890400532,48.37132805191915,182.80825452252964,696.7988871228916,117.8627426393691,409.8870062437417,518.1864825143634,160.19999032127342,401.6124839687798,440.9709081560361,296.4276397535984,913.4361356214322
851.0495078231733,295.1076528166207,406.28267178849853,242.94171683109397,434.0766181125759,4.430973422304646,534.1543484487025,595.409744324329,526.789707482671,43.717868849851406,104.31793385646294,676.2275400558021,133.79058105376453,398.388738348647,447.3741335836608,191.2762983417672,345.8623870781085,535.709020943125,285.8560884989763,677.747222804718
721.3232881299407,389.2329915114562,276.73413700548167,251.84659062112183,411.14078748442546,4.454292698959806,136.89005063664564,536.6637029997091,403.1958035420125,41.72272238308516,131.6507753789856,747.8136183178968,120.76037816022497,318.9060193626516,737.0548089544412,160.35648896642937,373.5052736882121,486.4054669614412,315.25010779646175,1021.3076820845013
760.5769729392539,307.3268346829308,319.45641626917825,279.97728674299293,436.3635239778598,5.6398186408165305,473.61775950136683,633.6540611897348,397.58229501245626,45.9751206580153,155.35728140050827,495.7623279359416,132.9101897476892,449.30879455183486,618.7152055386181,188.5762926951744,395.90684075029134,510.2549926636879,284.52733869612126,1140.2279149803517
889.0834712356001,339.21686131523666,281.61181686106846,256.0065131270265,449.69372092946065,5.297005842471785,209.21815884477348,624.5651018938659,580.4379345255767,40.187368606517374,138.74029726855102,796.8844064994573,103.10320158258374,387.50895494795964,534.0368822108143,167.5848660697167,359.58917063178853,348.3267753142923,280.85471049366356,1100.1221920510072
831.1965348247172,401.980889781567,488.69405582095004,152.24893929128604,253.73780940514735,3.179098849789836,479.47899783994404,491.72328354961024,562.7327520954358,39.21363180081128,194.07976405579166,616.1785028660219,155.4447040339096,430.1260744348637,553.7210276793247,219.6278901352928,457.19111506687324,469.9784177079277,293.40208072140416,1145.4043707804979
1006.9017089324864,284.08343893300787,423.35974938193556,252.586791876302,299.2491649194209,6.133071818756432,427.7797373277566,618.3190846519304,400.36171729167864,38.36618782741369,132.6406313713954,407.863368766425,170.21517447753453,430.5683875052246,539.3847308188958,181.86779808173515,385.3966412653707,384.67719062247727,360.544581413349,765.7531240190427
1034.255091141806,430.6425611896606,380.0031467697085,155.61280286914325,455.35572160878445,4.968489477048167,448.65313314449025,639.7825567462319,436.362329851259,31.70622422004353,138.56951021423262,622.9634562754168,129.35295375357842,474.4306029864793,534.3821188296565,173.13266527810552,373.6510896179281,539.3201278509199,274.4786229138597,766.1113030642742
981.8816954008043,425.7163316288646,348.0060951923821,208.23902853900267,419.9357680149555,5.101024931011062,479.92621927459606,553.2951865390854,527.6976548236207,40.739492634438605,138.41692589218698,556.9811375337772,167.995199666153,352.30407634835683,402.8260539255667,195.04595392015966,345.54347519912136,376.5291933337244,297.95630849810755,1191.230455233966
1288.8008942297529,334.83566872813935,430.8289803073932,253.2915104985142,477.2960419401022,5.99130631084947,431.28204412259777,516.6193188813417,401.3042717100326,35.62705067008227,164.70284191237752,618.70274137429,141.57964444018336,308.91027115368695,552.9366489829957,161.36831497056664,300.43332867582217,562.9812680362777,357.1151186109043,775.223137363396
1240.8149598870611,354.33516439305816,568.3941826197912,266.2027769430168,340.8207909196342,6.04604690961935,501.4168064515277,679.9203614918583,436.03073077698417,40.49807996002131,166.03807957912088,756.1567960834225,131.79537788793314,539.4563863434902,594.1151272936892,138.3198039519711,289.9195555377392,491.92345443694074,298.090906742364,710.2134829226048
1234.3295126594332,369.040828045846,388.47621955658565,195.3496083625765,444.6640917765367,3.019988541052591,359.07175224017465,755.0504343516418,411.35957552793826,41.10109729865404,123.23536399657773,452.13282907390175,105.90384582635522,461.60019406808294,490.1062145459201,135.48876196404422,391.8898653364571,665.2992677707815,341.711023791276,721.4104914479535
1069.3966587309208,324.06123026895546,493.205943457202,254.0048029859796,447.60970622960406,5.8658590757785705,444.88838357970997,581.1660831690522,515.5958509651418,30.312054431254303,174.32673004986222,611.4573347686087,147.65999439622902,385.42793586112015,608.888459076957,157.79522179822354,351.0936175928994,486.18652840008497,242.5641359196831,866.9557597195218
1003.5194458255459,481.77887847573686,409.14444872763386,241.16455361259224,341.83455097129865,4.25018257933078,449.6213856533881,566.8586966126193,508.92104680091774,28.73785615698554,161.2785040172147,614.7862149093557,124.3199240458312,373.4002739365629,668.2600121367647,167.25563001279315,411.74823575639124,408.5674628628342,202.26812606237937,873.2167047831338
1006.2257563489637,340.5177797018216,455.9649481124836,252.23091735396287,360.2793749261028,5.184627705539477,388.380116099539,667.0565060889347,581.8075099084718,51.89361362693641,160.71644106266498,746.9378281913215,139.1478403069307,401.8461220520037,652.9211770015983,139.23022486624527,408.4141437754968,437.59434819502724,298.32019397435636,947.8761391196532
889.9542488758315,334.8760345307811,352.57842805226085,259.2270615341576,420.851657124712,5.768363694940922,399.1192122693052,523.2245839363371,548.1305007740895,35.96570321872238,157.39150905851068,660.7998043426695,84.20596169106744,326.245809883516,380.40468377306246,113.98797842677305,298.89301610186436,476.04955161861574,313.5188422900041,1091.3272066435534
997.8556927138429,388.0558159604025,499.6976809179063,160.88175982489304,356.12815200369704,4.3196952826578725,490.0157109905889,736.7685105618589,550.1221883607952,40.36652101514434,144.7995624249244,482.0449738352635,154.6893567534152,498.12347104082164,482.005356237242,165.62026109059732,292.8932710484184,482.9725934479215,228.19913056410604,951.1985182195867
748.7423876806663,230.33634492358684,493.6479575124591,269.74512767339615,292.3456866504046,7.4851297486016595,254.04731880871336,484.9976369403827,526.0080840105478,29.19867588951961,151.34526894922607,376.26164036795257,139.3085393404467,331.4283548845643,446.0393787157135,205.29615898481904,396.8987011491492,579.6024073242291,241.7528887342334,800.2213864328646
981.0707978338272,377.48971802082764,440.2094378371565,280.04680923076785,482.1238676198545,5.537242661828632,543.4959053474388,581.6458219950752,472.3810661044786,35.650873938664,92.2642013787528,440.0222232664593,163.7709680639677,446.1750870226359,475.67459265043396,155.09994905051087,351.2223357525923,476.4245097164197,278.0689647168557,941.5420251384639
906.39936490891,236.458240680422,355.6754860531305,253.91672480244037,417.4097801857257,6.709450545220356,425.1741197076553,535.6449121733797,522.3442402366712,50.07558508028595,100.39051777691597,662.9425837185275,124.95613795877063,480.721280598077,404.13397220120413,179.28512854577454,445.1560104918558,417.59134745250583,174.13155622384386,773.7500500097082
1094.5133770725258,246.05543948984734,464.5099322863661,141.4999924046652,346.85933696938696,2.6405859826712117,616.3748298736496,549.7566660780514,621.920455373983,34.40390211799995,148.0817346140969,664.7365300767812,159.122684349461,236.55626257519668,484.81694129451154,191.26283111585207,254.74551970174656,620.5628009437856,338.30946932152943,850.7975246068322
978.663300642234,507.37712273406623,331.50984900854314,282.22529847554694,436.2913797310911,4.500800827125512,486.80027562324216,599.5699019273021,394.16390146208096,44.44972280977751,159.2092011357173,759.0254483448377,141.52846440546497,376.608073490794,477.4035681466759,173.53871000343096,244.85214016808095,543.5711161222412,257.6187375612766,898.9441883188981
974.2953008080365,323.3276181472192,420.0461128143157,202.11210722437448,480.80652121876807,5.839437166086629,335.77057428936064,537.5947335549694,284.4368985741189,39.535990893042154,167.34457424075345,582.306604428703,163.25220510677184,521.9241670235429,598.5856926382007,180.42775553612768,338.7611156000139,490.5760092971575,302.46027775419014,1087.4990330726873
586.7559564767364,345.9310136984813,314.7542705290284,199.0978428759366,359.17436325515496,6.574383722791152,454.71995526866954,538.4929571645775,557.2378163502897,37.843705974245445,101.48074436755334,353.64438027517457,149.04482266526173,325.3980142977817,486.3423789305514,132.91248418971608,397.8524839733257,403.78196416088724,223.61738463668627,1115.1643298471135
1062.3609255094373,403.9613000947643,350.5907339089635,200.86099718214345,451.0384582125554,5.207726432826005,457.0114020622134,713.6549570730302,400.8478730933062,34.590095240356646,115.80568402701954,692.3670903713693,106.00679872683031,361.53258061432973,516.3573338365223,203.10510829200405,227.409761381934,363.3061672679358,342.0883585468907,893.921725336989
635.1720718357092,383.74040427942464,338.16881333043267,243.0514340518297,352.8958258206725,3.9538939007429796,365.6853717740047,602.6543095880608,432.7067185866986,38.8597865963714,152.0815716021212,594.524171136823,149.58226599466866,480.0945716348311,500.07174911750997,164.05687663322882,423.7863370871839,390.74326392711333,260.07743462431716,1100.3574202042892
894.7683955948717,403.5620315426126,417.98542995390955,200.31097363945435,238.57083217677987,7.297243312256384,397.37652099053656,519.8965459600672,608.8952760538336,40.02683219296174,159.31427238463377,703.3337496459184,158.1846551671664,388.88364104056143,475.02503421535994,174.81126596708484,268.1156575539991,410.71558833843176,261.91168919716307,963.8128880477823
1009.8347723747929,323.782128503633,397.70723781251826,234.7192354584332,351.38885508140476,3.7902390702983846,410.39853226465823,672.7396972908307,558.3327797788464,40.03817930087371,188.34784476895555,736.6733796668267,170.39265395929215,280.29353964542383,493.63592023750334,129.7593627897052,298.4195298793754,484.6463179042733,250.38845122138275,664.5742458844229
951.125662662469,350.1315664201569,467.65124515908815,255.7385495661245,378.3131893083184,5.925678020859063,392.81776291978923,613.7189750779035,313.57428601098695,32.31524015097728,170.57666884625968,581.9317153775437,108.8744835081082,398.03917858453576,451.38688767298106,149.89426995102795,358.48414313437684,507.0193851982894,318.16347416304495,743.1133682020741
868.857407033104,307.96202826485967,306.75198588412024,255.7495541638091,436.91885279257457,5.896149483143569,438.1919305897164,603.1021625498811,515.7460702234193,46.551388694709686,211.93481814171574,611.8112531947859,107.5056224131024,282.5921769508956,359.3588167076831,152.54339127864736,390.6900911904361,496.46917117184455,328.8548736048137,870.8878253038393
936.5729973097569,339.97232295707573,306.3005692600695,167.19523598419062,333.36406057137526,4.127741648225238,381.686685728516,665.5810391799342,414.3358271127614,35.28230800227678,145.5679902799683,553.4600589475162,146.44990812055536,368.19576699192953,654.2922574778011,153.01399976064656,405.83070381223746,485.99112811777877,302.7173380873717,1171.0581971502027
1099.0139918805105,286.2495742641762,509.3788372725269,275.5958172629481,388.2065669391868,5.988814857043389,423.9921349747333,581.1115603490754,478.7220951636326,37.90437169854603,162.66569401649747,869.095327216576,133.68561195992012,409.8327428587572,486.8936728459453,170.8225318531161,292.4499149618241,377.90672281388333,382.2417359911433,976.7218638982001
942.4979972969027,470.2461778926892,505.5911923091577,186.61353408958888,416.44802670141377,4.652631209021163,376.94948739933824,616.3975805933815,456.92581977191634,44.69442739637063,140.8413228332981,390.925839631308,198.31364160353397,466.38941396677035,576.6765078400882,159.6187995193869,469.834616594916,678.1956898228859,340.68012529335357,640.0233283954492
1226.0434671624084,363.2041349035768,488.4636460214932,228.0297575961748,386.1506936508284,4.863378180236929,280.1847511322713,345.4077044052164,490.5335587850422,46.286735281863734,149.36425727769753,653.3213998569182,139.28649390462576,478.9782918122434,511.24391075078347,179.4392932464972,306.44089457475263,558.2444590449373,278.1991804389595,776.7565452835702
828.3832250854531,438.2076434310443,428.57802298232565,250.74376568008523,568.814989874538,3.1413897698259663,319.6902321223458,591.2742021146582,572.1355636901818,37.56390840538574,150.5618109278616,513.9551836015448,157.8525580209477,559.2040140373095,431.7641294824307,229.78686798501508,381.63118871720576,369.61267278496666,338.18037413601246,831.3931178613349
820.1245215337904,307.5790513430972,506.30870752043177,219.40582534905866,299.4426899064613,3.7619675466230262,428.3757970995736,539.7644544295499,459.1009646116563,41.04702924140909,143.1582475747656,628.3268900775844,128.57843252615348,393.33369476879295,341.06628765970015,172.05909253510777,367.137052234704,353.1284429565268,252.13870705427018,890.041274693247
904.1880965210686,278.6975295849184,324.1102609424126,241.16677951473685,352.43782993030817,6.557042563874894,437.4720183729501,701.8392366975547,457.68774653131027,47.24149880118869,101.7915248271077,495.53443930553124,154.3142387243024,632.6845083593164,493.8968716002928,132.69567446540216,378.9963773288938,482.2529690879039,313.68371849114004,782.9992912050799
962.7314440862514,283.49671599433555,386.98369944505004,215.73583725412504,402.1452988882985,4.661718830177969,352.95938271969646,557.4661844127794,478.7907457037687,42.71026165082555,123.0297013284151,854.9497139341786,128.91701027316063,445.26952933413327,615.2980679530227,168.58176567307467,294.83822858543243,469.914506021514,338.1831102878163,879.3412852839768
1080.8878545988414,235.90181305361085,567.1320784843444,276.04292491369193,358.49549339791855,4.9879594017958055,355.0257735990671,687.0198495569196,436.28344580131005,33.22353683451318,174.0923268966392,523.4370333335553,129.75108357283762,386.80792215021324,419.7619788538912,179.39392540253044,328.1406395355165,360.2016102045716,328.3487872514375,903.9016855525294
1046.2814084935771,355.5280143568544,405.4166904275736,380.07926848149464,441.0945838127265,5.7711730365133525,485.9917164341404,620.1307343129727,508.53930322807975,31.317364264080375,112.73994920085411,751.3267494399306,133.53893168210183,464.48986444874606,385.08840349418557,160.93465535742004,433.86901846243575,331.20486582050904,226.23046297875655,920.7201085104965
709.6849479649325,316.57400551370625,387.1292707336453,229.64763210192893,295.3188390783299,7.155782237716137,411.96493527463673,648.0084536768238,513.9340497517504,39.58235791999306,126.75795249274199,594.7208001601552,168.81600745044014,417.5715547873236,546.4122881805248,218.49887682110173,303.20208190516644,389.6966412471435,277.6015499251396,915.623248438396
594.9762562338426,339.333336324738,463.0104085548166,216.9557214551604,434.67782359505384,4.894319415432538,427.01166711536695,802.9380578002906,527.6734076903181,41.25286644059892,161.92681195688513,869.8342266872758,101.04227624030835,393.194295519839,557.8595966762939,101.58488584816796,275.43976926628466,500.4955906936652,235.30300837699397,1014.3541542798384
791.1843281289321,334.4678392207779,478.80631888625874,267.4760567113506,375.95366703694106,6.487611111802779,354.67747104017013,677.1137118294996,584.6063446719086,39.595644465466656,180.40752808539233,611.5365554543616,102.58860525632122,304.9109565239599,527.0134590546794,116.1020943105043,402.07217152784983,498.78306297819,366.88400039836404,980.3415824190172
1188.268808672517,354.12241356826496,394.90278925578116,217.0054082733008,401.4896585637181,4.429975090422044,478.1385544100108,486.36560337316735,470.6322183357873,37.862717838193205,132.54814919955294,625.6786485076005,131.3320119101519,286.34900390557186,510.71139525466003,161.44605748283308,378.1937397480237,466.68268792079346,267.27324613700205,787.5027336712734
730.5783073227043,455.36406841093844,380.83912192471394,206.7413637620474,365.1821624383993,6.591727696173459,295.1061130746708,618.1794098167207,329.58068697587737,35.550023775456104,179.80896831832814,629.815832271564,132.5923134914973,483.3172538444529,574.306178298607,154.18469434065136,277.35192110017806,453.4790977195191,281.0187041168037,1201.2681072349358
1072.1744817744684,348.18667270107113,436.8693106363336,239.98619297066637,358.742378423442,5.526075228507512,474.0264154355506,616.9535560761035,390.1160866286726,12.898237411767209,109.0632298608653,811.5367931375993,126.33553547010294,454.53897662530386,290.99474058351007,160.17446793058465,425.94027014977263,424.07329275085556,293.43225633286386,849.8149433894096
1096.0177793779487,391.17029510208107,436.3155175576153,293.31362782311874,297.155504426961,4.689350760403091,333.23083046691477,785.4863242876716,511.57285416128167,35.973239998267765,137.45122718916144,487.722327077062,113.42719884992636,343.36124712491534,504.87824576101224,140.5822453720198,326.32301541135087,251.82734830800135,243.62510769545133,963.6450193127866
885.0964808235253,383.2006752351293,361.2116731963131,263.8400753697671,438.4876016912724,5.632010195528761,385.568482616429,555.5297171675621,468.3781774690399,40.02765313173693,178.99137896381995,729.6743619628775,96.52941085024798,435.98040372338664,536.1369790167441,170.36713159504458,283.38528858204694,459.5375925156878,194.80440629573172,1079.1464276718455
1204.2328031815462,273.81542876574645,486.9829125469595,196.44584345298424,399.8093982994798,5.0394280406329015,413.3274019978453,797.2756813684649,366.580145941782,35.00106722891741,158.34159294343925,698.7023729333806,158.6849774592139,522.1521161759697,620.2821423045467,191.86982500176725,271.34727551282833,507.4803172646489,279.30243318427114,1068.523277320872
1042.4930359065625,339.6874595609589,392.21966060103875,234.51298455209292,482.4699884920398,4.11282584502729,389.0134683589551,674.2595365560156,515.1062425444535,25.289004370708298,136.26424319650596,535.501309953029,132.31645260276653,415.74443551441874,588.425252585638,118.56036987732705,246.87656245919536,550.2151728095172,208.57934519386004,715.7816831464341
891.2710440700495,273.85696616783656,406.52545922032334,257.05070201345194,389.82770812860446,5.033332788102386,448.995736983486,571.562855391133,504.70291563494493,42.56394016382218,160.75165562502931,591.8765981638923,127.06729057844296,473.57044504879633,415.12863298410326,207.80752345735215,401.2936289517013,507.37081768667207,357.4698402194786,864.239743446764
742.3358940392598,367.56726417410573,576.6890583473236,290.35534260945565,372.11147573472033,5.5903241261827805,357.5863022292276,704.137651515563,487.8154190665688,27.191608470209722,193.45910723664312,592.5219020886111,85.3633572044564,520.3970274876185,507.2100971009678,152.97899495182415,215.125375516996,596.6698163501206,257.6299182389727,1172.667078843746
1140.4796584648125,450.4939528059625,217.04875970484784,222.47599882177946,386.26290811023233,4.437415034993854,482.588995781016,825.1101362030743,535.2132794515346,28.3645952582364,150.96198776847297,805.1960488897206,120.41147546246735,372.9438994778019,484.8103888826531,135.91081512603154,295.0327621113692,555.0643128950826,335.0202048787066,922.6986259437745
1112.2964407189743,356.9217447591576,340.1373961123461,307.71612055163064,428.1714831659662,5.6111693459186744,445.03636088405653,589.7205187771721,503.41554762376836,33.29109198639088,106.58824206538335,585.3258697261045,109.63435034773366,394.02558819525933,512.2590257962067,179.44478480927216,426.7161723361761,431.152963302762,349.88020294570504,713.8188913559857
775.8732750633179,455.36757948801295,527.6852635407314,275.48253579597565,387.700442320608,4.36812788361606,341.2970747487363,597.7167331999898,552.4315922976157,50.529711273970676,161.72459943235253,610.9467502937417,134.06170833100265,376.0550336872909,577.9762296250291,170.4613980578619,344.4259046293307,390.3573618181729,286.46630825481395,910.0793981171678
1186.0949066802477,405.7361704082945,480.03405935784366,181.01097724615335,423.0046398245615,6.187348572484055,362.09986196052427,591.0442871854228,440.3597714935978,31.898326371148485,184.99364618685766,725.9594519907686,189.7946565980392,423.32079618871626,511.95070397841107,102.61708959419957,338.9872029421949,349.1421086593788,333.9723856105436,773.0019381309787
856.8613694787354,391.6754164199926,462.43994730449754,233.22334463653064,400.20777050272136,5.884418890525995,432.49198662149547,688.7460353647303,546.2926265675412,35.446339698679765,182.3148336695844,604.4926778156434,112.67679780771938,425.941392569384,330.16099188145097,186.71374686245088,333.7719136507683,500.20876791276754,208.4544716145075,1180.8097270937697
1033.8506165182448,429.61796782779123,426.7912201300063,153.8320701082518,332.1033209182973,4.299438242199052,521.5987605620152,559.0415049140352,505.3547584052815,32.669626130320204,170.41143605111762,687.0313021281485,143.23276353630786,423.99675420400337,519.9212529757755,154.79468785622393,296.9748166288934,494.66151792144194,306.93529047254293,856.4455969423482
1193.799792470587,377.2664847575516,426.3742183664716,264.2816185650051,327.1920930469104,4.095967410297445,351.68014151982896,506.7321858881836,531.3120399685748,39.73527558277116,151.1868465225497,521.2068025177477,193.77103641418535,424.1919498364163,541.3611163041395,189.64535390263399,322.35329870800706,381.1352438532957,191.89811404003498,983.9346702683447
938.2749400178149,447.3220270615695,368.3583727653996,260.07568755473574,383.1228777856861,4.417933933854978,409.29523340945366,794.2371365186625,407.4808082707494,33.10631788242428,190.5841186423012,699.2119372814959,130.60291104856603,409.96654010798596,381.0197814682838,192.54808222557506,428.9325939685992,598.2991879676471,224.72303652740533,746.0830134909958
972.2679062518583,259.2025289820445,365.33660493779854,278.2586913632595,376.97909268127387,4.845130956717325,510.54277137219674,742.0556506499922,495.6850010917635,33.36615398135305,133.74039470626707,540.6569535325273,165.82244035265617,457.6066262656524,578.1962480360324,159.48332585613488,445.19484520398674,450.163132915029,300.3463655930068,1077.194593142859
993.5681325457872,378.1719008303927,385.7559629513121,188.21711449346893,366.3738344449627,6.009313895135458,256.46017961976906,597.6113715097006,467.38355919302984,40.78944934680137,159.9186477120687,645.6926928771287,78.584951762939,376.27509629940795,428.5222993586261,160.74102554013106,258.5420730272894,298.9040159582179,315.8605299181807,930.1951764010039
915.7268098472244,414.4578798366791,479.6353958131367,244.3642607547966,355.83684211291956,4.042462980906712,340.3981502661122,620.2101565067662,487.7320295725608,31.453252030829614,146.46719797782856,621.4084698754407,125.88907329578788,328.2131553899746,493.86394313722445,156.75413130938682,366.239209237226,332.9525626353581,246.448288555319,1203.8953952503036
1234.184359615669,458.35642179643725,408.281360684409,249.91583348960953,340.8975937423745,6.300879491693956,603.9461521942334,763.5238749369278,512.0098293672688,44.89108190398078,168.19845850663222,703.7398323443315,113.18213456014384,526.0535454952268,385.2686781715748,191.5121226782215,265.6694992499384,461.0409848127396,292.7240088626532,968.2082008113657
787.5964526725672,369.50066867949283,359.20332575184625,120.64986537892379,606.9820713092383,6.500371805900441,413.7741932369101,539.7335497738511,565.9902755503371,32.206369931468174,216.39614805815603,599.3542186750856,195.8489668220792,403.19712066158894,609.5260516910098,129.31512182435927,335.2182883051953,465.7038343860317,232.464985833075,943.4996680415297
597.9070386583246,376.38631212751227,390.8323260721141,229.6064202784527,387.1451219270548,6.659160804339889,338.3632100036824,622.0904575274978,468.45415890564897,35.35929798440063,176.79198982584887,448.8416793137653,134.87867565869885,403.30029915586226,374.3940349312667,138.6383574241171,446.34007976695796,480.9200922769566,326.1112687418431,988.4663427616422
1289.9993223369302,347.4447464838932,443.2040834894309,210.0361748422183,477.28815140681183,6.088119265498043,407.11066137267466,692.0583080229264,407.40760662070875,30.76387172694121,148.0117198006979,845.390926766021,177.5279314892993,542.1318609670628,402.2961185537632,140.84157622169366,483.69985281193135,407.5566016684109,408.3663792781437,1078.0190209760265
618.9621747795269,314.3633441517136,407.97553093727174,170.02071146661186,378.26676037733523,5.926564690495135,285.1120439759799,605.4443257837764,435.6606755226882,36.447627993854276,125.14762715945386,485.5637438680261,132.46318016419397,373.5043691689852,396.2808894783625,171.38154292328264,497.5564256721499,476.97101516660524,253.07652050659226,816.1488318528642
839.8629920397909,399.2118619130381,538.6334916199532,248.10510919334132,394.81133747840084,4.2383056540871,369.2573797657888,522.8357966805313,439.96191112855604,38.1688134556366,147.12971953877744,594.7662845915609,100.53286567074213,483.4945861193988,484.9637191561367,160.02339153188066,512.7760961748667,434.8266143421725,258.6716262751854,1030.1433496170218
850.9720789956821,328.66570631967994,366.5202857850242,191.91984555431043,397.7925716697795,5.071404073164511,403.16698530594874,802.1965336982215,452.79741768133556,38.574559515375306,156.07320485331215,657.651221766753,127.51287733296246,463.40664368466497,473.37580197161935,206.66815084441095,205.62656387634019,359.787074795366,258.28914409214275,866.5232009563892
1018.0762591656278,266.1484243347533,301.6636667422043,169.46551434590296,363.54728947182593,5.239390135286182,360.36464896932085,719.8966733096694,443.8029317184108,43.70020683354453,106.17837408451811,563.9883202151505,104.31010387982754,385.67889036711017,407.867389308073,149.87603905026546,384.049188003046,544.2553939056193,293.46379966433585,802.149694324341
938.6668810181758,419.9976392596303,453.53243648653574,255.90686876927566,271.2974999062289,6.194959520354088,378.03272913565115,622.1510585643457,577.8911893157758,39.57443021122272,165.14888011685778,852.5193503398525,118.48574273558512,361.3760357302552,752.3446482166821,148.43683241695038,358.74176094426105,515.2844693926264,276.15585060747327,1068.1997975776135
1085.9733726444274,334.7295825129769,527.4462532460317,240.08306764134937,421.0941565888678,5.343646097291254,342.71586298015063,543.7258555847433,454.35821763265824,32.17222219828726,152.48927619360921,652.1543943829017,161.75235767658157,389.3674097636112,484.546893591442,190.237073060198,425.56870005874174,508.38850078816745,253.9494346227522,1116.7235693059404
844.5132174476515,433.68763695591537,267.05005272354856,195.2924598094505,405.6918774982387,5.940151319206895,497.32373433683523,657.5420467071524,282.72070021917165,51.47198003218804,101.9891851056347,666.7275970321779,175.12864043979985,331.5646850122936,446.0672686348356,175.9896280553708,315.3214539538815,326.37463550209316,198.65174636516227,1194.7399072449557
1089.7785901916855,358.59216689216987,438.69307281236394,205.57116447491472,302.67062961779305,4.753603627801461,385.71576740061755,566.2154010291936,518.1235018765931,38.744489419802136,172.49104541130475,573.000074043838,121.76039759563389,378.87655310033676,441.24944834103025,180.3334562275696,385.40032550816056,595.667988100594,434.261861871791,1406.1101280527846
768.7397965004685,274.8501172695304,393.3691880135775,286.69261943425965,364.9104977008303,5.953665372161874,439.4341046161157,697.3109208089475,513.1406366598271,37.50925731021056,137.87811059398877,766.4612278663046,114.42184067937806,407.1667087779339,568.4170077877798,145.8073751472809,364.8096249622944,393.42624964364677,378.27728934527545,1055.4812632829562
902.1602898271664,293.23719390768076,371.58530540426034,213.4167300931901,331.7405745955937,4.379089571354866,334.12873841262586,671.569422033496,434.73746852514995,27.67669861833099,124.51702817855332,745.7985898369506,128.6086855707471,335.31085486672356,368.6747387116767,162.23738708238378,440.8035562828761,325.8698404606038,204.65432123567433,1101.7234445863353
1033.2219596857763,485.1441245616094,395.77806141353136,222.89124709000032,375.3142742077581,3.7844347529649407,473.0856219807556,458.5703303537543,419.1382180265067,13.78299165946937,148.27452907796868,736.3309718879001,113.14378726043635,247.02353411590414,584.4197096893403,147.96277986306103,400.9289683643504,369.45181353704857,241.6405350409081,801.7503287958995
1213.035197134585,235.4173500683184,483.52052872046266,174.61247647006806,345.06517263773935,7.244986808505658,545.35734832577,704.7665099579627,698.6272341065761,19.768498600459623,122.0352883086083,670.7133896739188,134.550016235699,392.4089978948225,354.70642609703793,126.88908772008585,333.0476312121318,470.0264866928838,238.9198424343262,1123.0038643073685
815.9581665065516,387.27400694153806,406.2714152817632,240.43989937185557,408.6655815631945,6.4253586290437985,365.82882686715504,521.5097368358576,382.84622047841464,44.71809137046928,152.63849315621619,638.104265245724,161.67655384742642,396.81195855544996,311.9994569710451,149.12982205944516,348.0449146994606,462.23608609432995,301.27682045380766,1509.450614750624
1482.6051091235122,425.0388135265266,325.79740150340183,213.69933619369087,425.64733746912395,5.797120319630779,258.02944826212615,676.3552815215944,529.8050083288864,41.11382647994018,142.35803780804713,577.5302163108206,142.18479711969647,379.36384669754557,478.1563980485545,155.30286625504544,438.272895633803,564.5309751503836,307.29037241821334,965.8059075844544
907.584684504965,300.9237310433154,522.3620372601023,263.78495646924637,350.4934930595185,5.466954810936595,443.5841228446449,588.9039774194467,497.8144390333267,36.1030906359784,153.82444815372568,771.3054168016926,147.95626063099058,474.655199507292,606.6784735055587,214.9635084074378,365.7127845946589,570.7631093683309,336.62606898878977,772.4423407583954
851.7465148349119,360.515565136409,376.07341599143047,225.69160111867726,356.81322456670506,5.098837974091286,395.474723726813,708.5671284979891,362.6318821535787,27.688145403128605,139.8225505566075,655.0006416454194,134.4892947527751,415.38756535498624,313.67524705636686,175.08578172057148,380.0328342116403,567.3370485624719,309.6055560142631,968.1620310909464
958.3570625619399,217.97224690692738,494.2790951400862,261.68173976109716,471.9373476814023,3.7079704607140824,276.07174355812566,624.976670740205,552.7175193977955,36.60736433202125,154.85341231005407,676.1756599017705,153.38597462303477,441.7755903191505,539.4414020421838,172.72040652275294,294.8806554017856,464.25528361225355,362.03079658991726,811.5023044080633
1253.544737877216,432.8663904771914,510.3163615740426,243.64231382948338,312.49086797050495,5.13577590917413,418.1427848119735,656.2170703586813,544.9454105466713,36.27347640985422,162.5793524479059,620.7203780949578,144.7213094002473,233.21007634953742,368.66314814173825,184.1550918422488,284.1408129739707,398.8884686085412,226.90375727277308,1038.2179277125633
650.7248874034158,350.79957090583787,346.42471396499195,239.01885737215164,390.2339006421855,5.812727104865193,468.32212189498534,724.3705731146935,539.4076109477742,32.339362840693866,147.03222527492431,565.5982894115511,179.88353669963274,526.1523376058847,597.0036997824188,147.44084338410696,369.2361937528482,408.36014641456745,325.54063397883,960.6003613403108
1305.9260431735197,310.46255697252457,388.988914043587,184.6613094944101,431.83797694856025,5.09175222367705,318.2783511897633,747.4020390319188,360.5174584478307,35.15343821911472,148.22941736590622,670.3801861464643,119.04767262661396,370.4776619794799,535.3161814048516,153.7039053465237,306.22465936033495,496.78779875390387,190.28446739815217,844.234236346402
956.5239509702741,386.36828510411954,387.2644372882137,216.56359191269584,453.0096845193408,5.171664909970717,379.7769024257356,634.4814852327418,371.7793019806756,34.38855690957446,180.37107944287547,559.0685078861538,118.19850277383097,460.58419520662324,556.1933759148154,184.85629440935114,360.779421509116,498.5261133051437,348.380478575297,876.0176215239968
1047.744142505101,482.21780810595743,311.7275682122978,273.6809306970205,235.70553635446566,5.4530117804895255,342.36223280901015,428.8147144365437,621.1163120020194,41.56086210336332,149.46454684104864,606.4664071452916,149.0614615419186,264.7567972233122,609.8740846489025,197.8233618178978,305.4393939179372,370.3984973597526,260.9929866853478,1100.940835939476
1113.1237284408626,432.1643082089961,235.50634970280657,185.95639170935482,392.5707127523288,5.38572633912004,312.6243543264036,646.618523523695,425.22966292847997,29.648125102181407,138.98343991829233,716.2069460703967,122.34518412248578,419.96233542620683,599.269320961471,172.9599022994053,383.5729035486228,494.4805983908686,313.3310366300926,1135.8890662673941
920.0483118636522,376.8199456293902,372.20429239420935,227.8648226080077,416.2469688955123,4.411403355671513,397.43270251770684,618.3761556806313,456.971561859769,35.950331057288395,130.2288301824361,545.0258032341793,154.85950216051816,400.4807849377071,715.2971190844091,160.33525429456515,414.483822827303,436.85832887377575,256.96740521464756,700.4814629087323
1115.111475063332,446.2118986449817,470.23510585217343,248.860004371464,400.32167566271295,5.172469237686795,434.806909378545,604.3692726135938,459.8291436214222,47.22343684268961,117.83904612907017,574.7100883503205,137.63205953110182,412.3016664775128,596.9635209002665,159.3155456312942,299.59920606078873,434.3730902713042,313.4867369306464,993.9348087241688
1155.9920064818054,337.0072040320581,342.94951883457185,186.60984507452818,436.81174275346154,5.563942935784633,419.72200896957247,583.7920854806238,269.57050584547756,41.665904910017105,150.35921375676398,656.0006366040001,127.26122110275998,316.88102176714995,444.69573440292504,158.0971056264542,317.7307966731978,468.40446796144795,261.75434719273215,1159.7328672137464
1337.1682559446763,254.0008773100995,397.56420443964157,286.26271548693165,217.49790857891006,5.188112130825746,212.43662263099165,598.0857456929901,520.2214797935369,41.085621210111306,119.72203274158433,564.4761991044867,88.08396676714685,618.0228981201394,509.93305038993304,128.31003262336262,272.5620296155739,448.95249454549844,347.11321731487504,976.6157406937256
853.4331137304102,394.7088014423367,486.44666949314956,231.6398190450726,309.57815956410684,5.490860865218467,322.0358575549002,756.4429486828762,474.6948128640508,38.876599563353146,124.5570272104031,609.8279821600972,134.98484152683847,391.3115874932595,501.0602607569399,149.9226336246782,274.54767975098946,413.10112016266504,335.3224305910564,1020.7603499808554
971.516852130635,228.19706012642033,350.55524680122824,214.77339633655228,308.94950343129983,4.81084485203153,364.38499426658655,721.3853033456738,478.17150436965807,33.22113843735444,172.67885217752809,678.6992743948009,131.4571788589768,435.9400446864055,365.5248186510706,152.75996300520632,315.1418829394188,446.78464717554715,413.4916356917089,916.3364607270605
934.9213686361282,261.9955978845087,562.6582387456756,235.79675114803,336.48789118609426,4.528837128858212,478.6590619671135,579.1296854189151,313.59678499507163,38.89862809761705,182.69431918664938,569.7661354373071,176.53485057034894,397.64329019128337,551.7217072201216,196.95469683604665,319.5010585666634,551.4360594336615,287.12287589347926,877.8820953993062
942.9383744292434,439.4310988448543,419.6221960856636,186.0558607388142,382.08026144928635,3.8739894515539746,457.2317752121857,722.6417389671102,441.96333526920995,37.42008839042797,167.92583066634634,674.7192981123429,162.10024599366318,339.06693761900976,563.3759741881609,129.60154049343865,273.3127757220754,423.1954532474716,246.7802183155751,875.6753128777336
734.3418102824892,435.3479762086827,363.46057275289166,202.03753289722056,363.4312931573207,6.0851676305225615,466.24459898030517,858.2967478655443,495.4526624083655,42.636616315062625,132.60117067485112,595.1183384878912,176.56527394837113,488.09889452825115,530.7453073907026,195.84915475247584,285.03930057954864,511.0658898479012,311.51086390486444,1205.8090448058483
942.6166657432951,420.3525906370934,399.51671944331565,199.69465124681312,422.1019692566451,3.839062549683206,500.1555708626626,649.0499652656137,330.02889832701123,38.0533722469398,173.30605598420715,546.2481023295658,119.7624522301116,359.2512253844167,501.8668401211213,152.17179116013185,299.88366471013876,421.48860227996016,215.02023058659455,746.8625473627236
919.0269848375373,418.162709530086,345.4873584886891,209.67629646758647,388.63219616233937,5.885864104218232,371.9289178644859,559.1142396130734,504.7629991025632,47.4307456058717,130.74700181894335,610.9491370430368,117.89549737795733,407.81746339330056,587.4775460656323,152.05356357850172,354.5636419309869,526.0378493486952,314.86339391371996,960.2150947252846
1046.547286650868,427.1239873725758,462.52403632847876,162.34654160583173,454.2493148620296,4.058520961473079,494.5910624304222,647.0860035262268,479.18206291736044,31.4455904209708,130.22820917537757,590.4515953451129,70.49333252025171,367.80284766676374,515.6028531392348,209.99257756065964,241.72268628082188,498.6352806461498,305.33425330502644,822.2628636081964
904.667778091436,330.8966733939901,414.66050259212227,243.7290494932341,481.2849211835589,4.195001285384807,371.1063473165334,558.6541148319365,457.7228724900982,31.24418893563368,132.4022753887948,777.5142910289511,132.98268238151337,383.6323379697534,470.7408727290565,118.14552764387693,441.63964720339834,412.2764747576627,276.7619395586554,834.7571369365323
819.3075694360562,373.28388416735413,290.0880528897155,224.34663386194578,401.61110652087666,6.122517414564021,455.5906272416788,837.0732826637054,441.2619559775435,38.15653898622213,146.1748159309453,715.681569897907,178.6292962051767,418.3424796978719,563.1188990708094,106.58455770935035,391.65986162995335,616.0692455051608,311.93880679381425,908.5930546014317
811.1010693360207,163.75692023284677,440.2497723045312,170.28513563503313,244.5230302104562,3.7526083979651386,331.834503650028,713.118046915882,461.5040688334389,41.102217915543605,128.15013870814374,771.2349995810373,185.84906949749086,359.0918564820531,524.294418424983,158.54884229966717,286.0131273899646,444.4504222158554,312.8283083581073,930.4344726662735
840.7896119759291,355.4589945556131,432.39766147366737,340.403876068084,327.1377821510223,3.3326846592570316,365.9450729079379,675.8870503639099,343.06889853864834,42.9162012325556,189.7901550874151,810.420459733911,112.16054811237495,300.2115866328783,525.1951137714872,213.04726839808868,382.05987080223434,471.4675612304897,292.5985981784848,1166.0680941237006
819.3168293517177,340.9739842026989,699.5150738378678,249.4802554171151,184.36317355973708,3.9530301136568706,416.7091666779144,637.7267919753896,501.78606830820604,46.050990934813136,109.70052048532413,796.035616332178,135.28351818700588,369.15159529238895,598.4830163999379,126.76666241667644,426.87151443048214,496.13340649861294,357.11941118442184,855.4278996160031
912.6160312253712,337.66023111020775,406.0883588129368,204.72471214388378,420.4859234147234,4.442611588487505,360.76058157420937,446.23141316337035,573.3303137945192,30.61348367202622,133.44744349904775,876.7305003575901,184.67106918842478,476.2350294178693,375.81114494785174,182.40651508139126,442.87518834713114,558.229429275922,316.3855078427525,815.4650347635867
913.9616788071091,291.36576120873724,458.1766119008857,277.8357531773433,312.5854574876668,5.175296650016489,378.80653859157377,632.15080624016,450.17529286471586,43.132847032907954,151.71409479979815,786.9914357016055,111.23576834036477,382.7909343855709,531.9512780950595,200.21298982191612,357.14060082606443,468.5942844774569,266.03708488801186,983.3135036211373
904.8449778148167,359.79527387533614,404.730698355413,183.39278888912943,489.3251690764788,2.0091496920119116,445.37908197893216,296.07126409086703,560.7946047440826,28.927080378216488,138.94919689312914,780.2599873509503,160.72246087460562,539.2996010932437,639.1796686848647,177.14771754119607,291.55889679418135,415.541406415797,287.4686304475746,979.068523009005
770.6840505321175,369.77199287738335,234.20341850098754,203.27422637061062,373.0664945936821,3.7161035515749727,430.9542902313469,350.4754958540146,479.44379686330404,55.03715787354787,172.11200881569908,692.4834134718175,139.22520831058833,252.67869576739045,549.0897313987135,265.2725723132885,484.0639631735206,399.75571330868104,344.5394829546362,690.3376149920784
948.5569021728927,373.9922646114595,373.0527230825297,256.7400149992688,363.26571895966725,4.2367627701793635,376.3315953399692,522.5479542349549,504.5025869473983,34.84145003316991,176.99094319414363,806.9934571844004,140.27004694974056,284.48567683368645,538.9514257935867,136.9431829830439,418.920863377352,443.9599323901652,340.68082718420715,714.7317601408758
1020.3959862319807,326.50133541941705,474.0605285997127,225.4518521846781,440.5034357043673,4.375362507618132,330.06129401464193,468.1899397509977,385.53775001235437,28.54901492206258,123.82175940021249,716.4401763937497,131.70409114388553,419.9863570441015,497.40448880252484,177.1057106986643,381.8238124951375,441.5667884373275,307.01439850325846,748.9795645732326
1193.0169011293856,377.1402107951705,488.299003320393,201.01340269316722,252.74255518860204,7.038313223545806,426.69818825807477,627.7038416574194,538.1578629437784,32.01494651118863,200.16144633760499,732.8933392813506,152.58290562372093,326.00840845277946,397.3824397848353,142.60577545592707,260.0901895853643,441.0762341543659,288.6868787225167,902.343567563135
893.7909696781346,334.04616681985624,535.1605837696413,283.21789654627014,324.5012472733753,4.4108907706077725,293.71527492651103,697.0870089523198,476.3837399067176,41.75085058003466,138.4405487281835,717.5977700597822,173.01350696495405,375.27356563757564,425.0082897626394,172.9450308209651,435.1093848606278,561.8909188435243,199.9197190936302,916.2609602735432
1042.9279084873358,286.39465525220504,471.68143879335713,296.5654384458723,455.4464606663503,3.459014491829591,203.42171791830313,726.9620186869872,402.309281192,31.479443619598705,161.37489516011726,584.7134263459972,149.67952124773947,407.7606068121866,633.0372844447116,161.48763686661354,394.9428426965912,559.4485538794354,293.6937900837643,1118.8845363349606
1182.899808688217,330.32176774836637,503.75246622020074,200.3403418373274,288.98024785359115,5.34901643388108,456.0520187077526,760.8442085077995,421.7266563187015,35.37868734660747,133.84633143391733,776.3883890128895,158.19523448889967,365.5757944048663,606.8687957451702,113.87442740096307,279.83183952961537,508.57993299595245,300.5451288438376,667.9684755992689
1080.1376737616333,274.9465315279307,506.3326471598471,158.36625463442527,399.28975043483774,4.707076984246954,520.6802616647309,684.7139583570503,652.9446075090104,29.704488916520027,156.40170993290502,354.5417491655542,136.85409214110285,364.85493193305194,543.1182505447885,117.72596012003373,452.08688432859293,350.76512438255185,339.3203203010235,618.3999788478773
1195.555318240926,402.3194582556974,469.5647531494418,298.1522963610074,404.14044860866863,4.980481817839327,301.2556254498438,592.4250411825642,511.75210966815393,29.278679856137426,128.33703819025604,460.6979758740979,126.33883364252367,251.30024272220587,636.2025669924176,126.21191758428955,411.48900172014737,418.80891921565535,278.1776729746479,1138.911145366986
981.0214439974615,401.38171884840773,397.515539596583,174.27312903538052,402.31756664838946,6.0938635388145,503.13869212631425,648.018650057078,565.1524280878295,37.95280568779469,180.00596247464074,664.0948304139653,93.57466529096912,560.4212397198405,493.5131182070788,180.98964389712614,358.3463622218586,474.2923704596285,358.8768759194069,1015.1723971733081
1208.8949557649123,339.05300805105696,329.4021817876968,218.10100228949958,336.3528046850481,3.9223633952811507,337.4603272953351,869.6350202019372,515.9705438740073,43.2463306159988,164.10619534055712,750.5641391725272,129.2233305090926,505.1481025623271,627.9088221024801,204.75693015399312,267.3494911923681,477.1084880048428,325.2845126359391,944.8217343331116
1082.8793086758435,343.9979113327652,396.81215466117743,223.93513035480234,336.33865912738213,4.806432700467549,389.0321903281456,668.0006709206027,489.7903313637552,48.303124962511745,118.03760777290023,612.4455020573562,141.0584058980419,440.5316472197239,434.71966837787033,159.72391625069304,379.52292867711697,457.03017319254735,317.55572952229636,1146.0382626482601
908.6498041542626,285.72912046521526,534.7766425494351,290.13896038784253,363.19040292105683,5.979451680401187,360.4067221004532,641.5231079763572,486.81162011003374,35.06666627408914,148.33915755894307,654.5177094389485,163.96570477275142,457.70040503612796,545.1171847879812,166.83526111468024,313.7675558610159,442.6614943981344,331.1169950420234,961.6482237566097
1109.5883653590577,369.4161753258828,331.8881682425314,230.65428060688797,449.5824335984429,3.7071380161098686,413.57644210449996,582.0993966454085,417.3104582449645,46.50454368672952,141.43221311674282,692.2552181550241,162.18684765221101,433.44826089014845,538.7150555693722,150.3629596914281,276.38739331353446,501.659670627054,300.0788965178745,1252.3756083571548
805.0818563470175,380.71848426287,368.83743033875265,276.4281829446861,475.78644495234073,4.645323725976644,321.6482052737353,466.4157317159486,446.72379461608034,27.519390552957482,155.28576528368572,665.832993992038,144.24726707428,427.9319888394679,411.0225454613285,189.30683201749727,336.6696433698869,472.61788092484466,318.73608747851216,962.1844785855207
1060.607835203287,441.85585024907914,476.2802433614243,197.09434064140078,463.6368274359618,3.976720739059177,191.5010849779229,463.77482438864877,484.9443744731601,27.523482297008044,166.28549074580854,865.6827349521158,115.6558817889985,483.356198930304,494.03321795681956,205.4385907076326,402.6168295383013,369.65845486625125,273.55632512789794,839.0187953387136
843.6562830102209,313.8744038797955,437.6593445084233,257.7953877644647,332.19695764418486,3.6579346397303807,424.9642165496053,676.3292113271888,410.1344102074753,36.16536872829259,131.7422406654908,801.1243024939563,120.78944549349701,423.97412207198306,558.6542580989241,161.8507180182186,315.9367068306573,513.1088740016828,375.6736917017716,1020.7737627226759
928.6450046822683,502.5452468690843,357.6705424394619,188.69056816490382,474.7659514437563,4.695827588492247,367.22424584862733,811.6975201943029,582.9096429357976,35.05009884186161,171.3007221880847,531.2527668960048,140.96043531577132,398.50613950460587,423.72315775595587,175.53767724609776,433.3504571160377,591.9828413240722,254.83690614537528,1003.3526059487524
875.0672505292449,377.96952538649987,412.33925199341604,211.18200479755552,365.18968680109623,5.699703945026337,449.1993427391078,773.2279826648137,487.70678662939355,34.766151024820246,172.9439499318527,795.5483610667677,119.77862810129554,366.96659182903744,529.5495553370864,200.34976610049122,309.373211143351,421.12331369409833,267.3923891240321,936.6255938436398
1271.3904494563471,387.59378613927777,377.0709231910739,270.6438124046563,323.1487620394637,5.930158450319766,417.3293357261653,485.5721006975632,591.3718882364661,31.443106164298523,172.95669934753437,835.1665725162761,152.6754549673084,422.0134252317514,548.8954955575433,200.73136410180092,415.7078194772991,560.9385101047909,251.20417956568957,881.1379206844365
906.9460821776026,324.57265873230335,352.8936776060452,204.65695848355367,265.963667080797,6.297535165969426,483.5464408755676,607.9314768877582,463.61184834047265,39.70556098031716,132.3818249359855,719.8652560665435,150.8118018879229,284.05611616270056,465.20228872115547,174.4756182809416,411.10576196886353,529.7310772708929,197.0617189778439,1041.7923998762672
968.3084708771719,350.32643752075694,367.3952439213862,201.02134226443647,420.5024181998019,5.147212755628614,526.8785089995732,632.3812273354987,560.1785780265775,34.43552062735186,167.93593421732515,699.8098485451683,145.0762726621163,512.4441776186331,495.2016651736291,157.22360913652872,289.8458227042851,374.4919841993212,298.1891967936953,774.1526384284925
632.9443962596974,376.80624171463734,364.02125908295335,186.08901847881344,494.9648139261323,3.6046459639316826,393.19969436463197,653.6933951470764,491.472052147558,47.495653282895475,146.04847473578363,777.3242707461144,193.99979541401802,306.2974847157204,524.078720317395,153.61149676941875,287.0059681928273,399.31375166872937,283.11885122882217,1110.4237202680652
1211.0544594456655,186.8809004781429,504.1730177170478,213.3152128068525,339.3397526601493,5.424318713265466,374.0023891287093,719.1278089433551,508.7937639429005,49.14944040807911,160.93031106129783,609.9744580736362,114.96550519225758,297.23827013622696,478.5180741213077,134.60636349649334,219.31379347345379,524.2292327192622,278.9259966438998,1029.7055439595665
900.7849440335806,302.3297412881351,319.95243961388843,253.14550925489914,349.09811831825886,4.4362970121645,322.45302676385245,724.1761634516838,571.4500686248207,30.265757115360074,195.52465882306464,624.3817815910336,146.25480122792624,509.4905091736537,431.36768503246014,132.81616670453252,291.69286351154625,346.8447148717022,255.60555396581736,783.712590274467
712.2833920328767,381.2270723072519,390.24920326059885,189.3378273091489,356.3689788611548,5.202046919591652,366.3271043820152,614.6438168299934,452.8120451064991,32.204669591895154,138.58142084763597,508.8981724501067,153.9286283363953,502.3582090393496,501.8923403028009,156.74616728344833,347.65583094978655,557.2950650752322,201.9131001406252,818.5794805693789
1078.4661453218102,399.1573160003118,495.9814894093257,221.99453994287293,228.86114515278982,5.586152820963978,454.69794476129226,548.1359984933291,475.0390037835673,34.750795348986976,158.97319718109486,743.7105394102917,119.32377915362692,369.64527134701973,436.4342295919917,147.49287706235992,363.16088999401427,482.7525243130069,278.2010785711613,852.8512186874838
951.0404990169944,278.89256627680805,387.3041865042142,207.12909615693553,353.0669369778592,3.7274365479108145,416.6191914189102,538.0163545343996,527.8047901803893,22.398997505527753,140.8166706640933,628.6139394606553,128.52944156148627,262.7333806591803,448.3401805066691,111.96674587565903,377.26546303249245,578.1075119526263,365.48315127680013,982.9951179748253
1013.1277650233758,390.0184262549673,443.62314252155966,248.89035877196739,352.9043964083082,4.086736254291512,403.61474636432195,553.3763048800683,497.63272178379873,45.062130591213474,155.8342258919647,656.4970207718999,102.18029766119551,445.407066552423,351.3695462226642,132.27849680774492,396.363926180479,409.9713114635659,291.56052459499296,1127.012781273275
1221.0010764108547,375.0940944599499,446.85003440672386,295.2405010599313,356.3746481835892,5.3510696703958525,475.4755015331468,568.0432919172115,418.6851618939391,34.18572645259725,172.06947663135333,581.5146160597343,145.05650508598802,482.2781052182749,484.9889945463367,148.00769943133133,393.7110837384697,525.7873379848405,358.1510912626283,830.4452389287936
523.1180284077916,473.80011653943967,355.1840826138386,229.7465097302997,385.16572184553456,4.309209013202475,365.4301717153801,601.0890414460273,358.6091889328046,44.55431018518215,133.8546947579121,504.220904917075,162.8548780980308,346.43785231971293,402.63537040994277,173.40288524825812,379.90781286317,417.12577518069537,238.3554424698243,1117.2287827587004
1309.2586117313522,540.6435763683339,399.96954197471524,240.19198204744666,384.47953913781936,4.078935469613997,524.2360854640748,587.7679667830939,474.7019200654044,38.81849850396505,157.3868919482509,542.2658554974371,131.23784904304088,472.4812139136166,419.15867269823997,104.51582963268174,305.7133214273149,498.59729321092675,223.82977869198362,1107.7085191846577
1054.6165560294924,371.0189249011405,323.3398410982642,287.97003532063667,352.30869739772436,4.001695235714445,430.7444415963108,727.4619491060059,520.8111811720822,40.102719781126524,129.6273616277131,635.7360275286278,139.24179726558827,365.3160703074296,616.8427623888364,186.89339247210313,348.9584275126488,516.3449033148895,250.78945980906505,589.3951436070329
1367.1098790345573,354.2601599833722,301.4058891338495,243.02382928943985,403.19238528531685,3.780903362285499,511.98773946304084,414.55999130650855,537.2605625225626,41.09098053603131,120.95237818001021,502.1498192485045,163.1189295600656,531.5077474138877,440.7343927503773,180.8102127212685,343.38840534814335,376.14823088627674,279.6895514576457,993.8388997526683
757.8341742163732,411.9164985763181,327.6306918951576,324.53912664052825,402.34597829305625,4.896772035262482,361.05254574213365,683.6611035163569,463.41380610851263,40.42225134783479,128.91059986891062,548.4145337236583,194.477759974665,476.8048361208595,572.3457274633319,186.97377111534078,428.39025207548707,561.3862150814631,230.95346206114468,674.9048583973686
1008.3109115428363,364.6968331817911,343.4211190047018,178.49310585587534,441.26173330037705,6.063220144879476,478.0926395149107,640.2404252343429,440.8787173550614,31.55026028663785,157.23035462923798,563.9323456494842,112.58515870974742,363.35669829100186,431.35020422278467,184.56304279452593,267.7290127077718,396.7480906488707,309.0211395932214,962.3740888847739
869.0715917223307,356.3730686331332,345.09088891541336,269.51951969795044,381.6315697968496,4.672521479663079,361.9663611462853,575.2094935804196,517.4975095077773,47.55249743079453,133.22918248655952,730.3282688908832,138.26694800040303,400.83672467771964,395.9715332645146,140.2976860046341,476.8147406517368,498.5456640418113,352.5428402441303,1038.169451391022
504.75212876655667,391.14286170048774,386.6588589044086,231.93333765425845,317.64280667033245,5.18953198887256,470.51484389986365,608.9291050801014,414.6820589562145,28.144794504799755,149.94665589582897,720.1848383770242,128.04111800142445,463.7535567700415,541.6702784087006,203.08401512178182,363.581510426959,413.33337838352145,340.95963249976694,627.2825386145057
782.7057730355565,326.27791198698714,259.8173155762079,232.69358035444725,403.01572077135853,5.965634061779491,357.5999115452907,534.1007855802698,439.8845995883398,46.46689866515007,163.5697855699602,689.9717379637909,165.17766282881627,438.2255864207282,597.9239376385756,167.50422761220716,317.58081082866494,477.7833761472466,331.2527410339223,1062.7407819649009
1100.2814633031817,348.33730421172834,353.307972236978,234.0258328734592,454.20407785634205,5.180709117755622,477.31467619336485,846.0203645238934,443.6432488203706,36.049976193105216,137.22535610420198,608.0879083589739,115.63986376517893,268.0561589376814,514.635390447297,122.44900660637879,359.1182903229076,424.71714222393814,327.05849302793143,1119.658842268968
1049.3935489909134,391.747490436371,355.5970604448418,196.85189789120886,389.73312217740175,3.7989315788835274,411.78786624443126,815.7310355644008,539.2443665396306,33.26608495532744,118.9796066908921,495.16361912961855,145.74003033121448,353.0181116916609,460.16677796616443,122.3317376769894,297.76764775967854,466.81824089764797,339.97488478117884,723.0708240388645
940.5024917815547,294.0993947716306,339.7428281170588,234.97442716808865,309.792469504623,5.082262721574971,358.49990308698784,584.5066039797414,506.88947004385096,39.862832203246725,132.50436824594644,878.0907723557339,159.86844703648944,217.14313199875423,671.2553037139505,164.7126651390857,427.5487981463214,441.01256630554747,355.772227434255,818.2198664584464
733.4883774813134,394.02305923464735,465.22818395619595,186.07173086599659,420.7413081517508,5.749372829273705,325.64194621562837,581.4638817232482,378.39132339182396,29.110894235814992,170.2007114607198,488.05626385947005,163.6681291026536,465.0018009056123,543.3948172610659,162.6543114125891,324.3351727353254,602.8533940702599,309.5071228479334,993.1554925201899
1188.1382740372856,377.0091744527694,493.97135735054127,243.10231439610354,356.1866944339273,5.579440100174991,436.3857364274048,710.6237913674634,399.6923872190846,44.14231557726708,149.51271927841597,770.1391263510334,144.2098036727271,521.9017504846262,493.08634665318846,123.88661355312668,350.52017780754306,446.7143190924073,311.86072774532795,855.6377406801872
1142.2679557142728,303.3409582074362,405.27069897141297,204.7570513677239,313.72676103720084,6.360766463857981,353.013743011061,473.78624206375605,393.5255147830822,39.814083229141794,164.8317764646653,727.6277259530536,145.862457504932,651.4437782074892,541.0672663790008,202.72123645210746,258.6068685631818,609.1618869371542,433.899109631,1105.5747906295164
810.7762835236356,379.8910642673227,388.8335387023533,218.8433003827166,365.65004030921153,5.3519596559574145,438.42489513223444,621.9310440688702,635.3839213782501,47.818949220989374,106.46401363862205,665.9981078746379,158.4962040056682,435.96312055258545,623.9635211309767,130.18798253707675,387.6857731616529,488.7677387001527,332.6592101609744,1097.610778719855
1078.2051134457142,394.83376946185007,551.5151145556506,214.13428788335906,373.0542468427623,3.5932546025512346,340.58508573279437,534.186560791454,554.1563393367643,42.94040480752964,135.03042780681682,557.0127031677378,126.03203917497196,441.1750582471929,450.87262428779707,156.1654384314256,441.61634664529066,600.9215851018439,280.8005738769076,877.1931851013655
1111.5788909903313,384.12056847833446,510.47162535293126,173.44220594605892,317.05456470779086,3.2482567299918603,459.63891444673044,523.4582994008406,366.08168204963613,50.93465469691669,109.7191501011095,554.1850221510348,100.45572337278747,377.8519226312907,449.60964875067646,126.11189264281626,230.82220882310912,442.2363790531457,324.56615527595756,785.5080628262161
1020.0595258618093,353.97982908443134,461.19620394169823,203.87521071097007,336.5578813388385,4.9154122061203065,395.40102881912054,735.2559134632909,472.90607702427593,43.576324861290814,171.52783257952967,676.3930795595955,91.69396098879103,531.3200164548588,520.3362879277937,245.4705495063652,357.31819823807956,446.7699085493871,398.8559930003995,882.7742634850725
730.0349907319911,468.68703898671765,614.1320071272389,174.85863257192153,382.5679463799483,3.290506596400861,493.06464678970445,675.1912889457609,523.3548509321816,37.662792728632695,139.0268659701155,440.9948156901695,155.934353310097,500.23682469621383,579.4327349101642,184.29366801239567,316.77818576882726,555.0896607061962,222.0156424749507,955.4827131197728
1064.2685773339285,371.5228135046158,417.9207714854413,211.26832350062787,390.59149503310124,5.257673515698744,393.35489181135483,711.9282817635958,395.59933388368177,35.195215232807485,142.55913900933683,769.5569904526928,143.12938027953805,316.2444258439543,445.20431643936945,145.21932654466696,270.2099912762428,390.7746910954312,335.29352572398227,835.0739694214465
821.4910826753696,364.88152734193835,325.79357443023474,176.97243850605247,297.4927808652335,6.054927752244126,377.26390952071546,759.029148282367,423.48077407414877,45.58833594617643,131.74020939695743,632.8140112237853,121.39879624273222,286.1696256899132,379.5518170558681,161.28547032587068,287.2571891101219,463.7366136565695,274.4870489858177,876.9565910092407
786.9840994011702,305.85703970510644,388.6591117296782,200.96336654520687,410.24531242179205,5.692664611401412,353.8614151903152,750.8411899885117,555.0470290736068,44.660231352577824,139.98042952666668,758.1027076505803,144.40460550954188,414.17888662645305,540.9332644082594,132.8672641148106,338.21655965865125,647.9890181315212,287.37469994869105,868.6125588321235
1105.236768266889,293.50208617170904,477.7898735640798,207.96586266862596,223.13076475331684,5.332943117825399,424.2975443040582,760.2696742998751,566.518969920075,26.42971211653085,148.3573505858788,574.3971220770064,168.53503183601143,451.9541359925787,634.7550956426168,143.1139294035144,512.6532320789968,452.53714587097164,250.78738458473777,805.3928866433723
704.9385666591215,318.9587086736859,457.52105601598237,272.79345054610826,350.5890513122961,5.39754956225141,280.8149076593131,433.5608417997514,515.2444572393574,36.10346126389747,144.95110523266789,622.1124621600071,115.77899703841192,401.20840440813635,520.6957046001512,171.9542394923357,359.2508088352167,486.7672992053519,356.2206792948781,1141.2465073892758
1025.1360226035129,431.3248234190215,381.6699678794227,220.88628553648257,450.6410991338931,4.420144474043219,357.0753246835375,555.7840282489078,509.1214717928441,34.74592437799543,79.95953610253326,673.6937337564912,96.24143334388671,409.351233342592,590.2920868624608,127.77449609982901,320.54760944589816,354.01588044466547,298.14419298805717,1148.6172817701245
818.7373129039868,341.97826751021216,418.0869279711006,209.8254787328683,374.734609468226,4.237905389838722,459.92570261924993,804.1755555372357,434.02160245839457,30.56269498858852,144.40876596251226,589.933889757092,148.6151386963934,420.6982809499971,458.50815013227674,169.94649179753162,340.0763013987019,538.2486817074019,368.9890378209233,1124.426994606315
941.8225480337621,257.96670555258123,439.3889723481753,244.0386405658242,409.803206829779,3.424671018346901,547.786750967509,582.1948133674828,511.7477490607004,28.643147936716975,75.95095262654645,717.2895264806514,184.0023957706338,192.52214100985452,543.0427780387421,186.3862065033698,425.0963238279013,487.55569048345217,240.78247801165236,756.7508638922938
1032.051078095647,331.7403606190933,379.5445555320971,231.30935188970903,380.42507545899,4.141976708554855,488.6649052594822,888.6394257218641,360.8906993301444,41.10652158198796,120.08052603692715,707.9841935051184,143.47061050895914,348.601213307413,385.99819674994615,188.03348640586512,379.25984542079533,550.8399428192757,248.67237022446645,934.1783545426448
1026.0387730135396,461.95576944610553,277.3706625709192,195.41506463045272,269.5765210367422,4.913209588098129,386.1950741895038,791.6881892979592,463.32224583865644,31.178928138197115,167.55990202382492,635.407960133756,115.87392547366717,550.530020543913,506.1293573476843,110.5391688468642,390.3596980232903,576.4733618555716,274.3632546183103,886.5101013506531
915.3081670067179,323.85520268523305,677.9564518941354,201.90211908551726,330.1571502171414,6.8650374607922675,395.85433471280305,623.4455326165759,503.3697801589924,36.119549285424085,137.12121174238627,783.7842612410751,128.7001606566253,415.5381685461624,516.7384861182984,127.22694063506741,371.2684009971887,430.8965364176524,242.5835697924063,1003.1727571912747
893.9834288812351,390.1531746635849,396.11998191857333,193.76365262764745,361.144543905007,4.723927805010763,532.3070823411457,748.2140912968981,658.0257779854762,31.484854947832464,110.92113022992591,790.546766593718,140.38552329555034,310.28631948335453,535.9656716093261,165.68752116607482,342.0079264226792,446.88662217868904,270.575258512214,821.5895660495343
1122.9653095138183,347.79366587158887,404.01762856066625,258.1569058027766,303.05518035742205,4.701005388430861,439.4958158491199,722.8854764536081,556.554062270315,42.394596535034424,121.41670259219661,505.6283161303902,154.8289013094147,458.0053703784202,477.8460799030146,171.38362890690973,321.32579630638486,305.0554391155731,292.4150951799479,777.3153072750644
711.909520478141,369.32250972023064,598.0505836945616,255.97346436233454,327.8169359121113,6.065035955034869,392.5208904363643,380.30162472375457,430.98277149890106,48.297973084061226,114.06006612231735,598.4126718554078,128.7848419143846,394.4955845086599,521.5414136451539,206.53815091487195,416.477142428982,580.0378840263986,254.0151794912699,942.0927112483567
935.942262632195,285.84788473835465,499.52696759454574,265.31603369716225,420.2617049375694,4.799172531385551,429.9386115184638,662.5344574110643,391.8549486897539,41.88904717587573,134.31831992221885,590.1532391640391,135.46871071928163,444.35158729800935,443.7215188241106,183.50933223091644,345.1003021054552,528.040903179941,357.00048017458596,1039.906750519112
901.3918619343565,339.41060312679036,462.51787265702956,252.5053390319477,413.7435073012438,5.634617170202517,296.970222815337,501.20625269188724,457.59625824039546,30.305441025011376,126.13835252950446,601.6485432238044,96.99385293038009,504.7720404993306,447.0948957172051,163.39633199591287,347.38865415872704,678.0540359133889,255.47099956188163,893.1911618575249
631.6742933570415,323.631144280154,416.37938230071416,219.7217199776876,415.86582923608074,4.108894823559472,286.92407829502463,619.3297162533619,362.97056486351653,32.70984876639154,171.05885996210304,848.1357501219327,126.17356138915592,446.1654720764595,491.92558051142856,188.12485308056176,391.6149941777074,451.7144148720732,236.7581160956497,1043.9957333867083
1017.0153227312406,364.3634415658751,325.46691555968465,218.52206679971897,278.4743010965748,4.752309440809992,544.0180300278876,360.4231415440347,550.0419742589705,33.79687525787294,118.91004841649836,711.3647028951865,153.60454130708536,583.5334053189658,371.8536440240278,147.41331394679608,309.5431730828818,367.3487149826589,206.57755253379187,794.5486723434238
1006.7678258058978,303.2008263944734,383.2144181431696,306.31617983912287,397.24338656476664,5.194396201270612,397.6179216717176,701.2969561659502,462.9820373620071,48.79867230219817,163.2911420691312,698.9896889301443,146.29655996863906,466.483745336815,520.3653338180102,181.5935980119007,329.40617144092215,456.0258822652106,297.05650836482124,933.0921214506494
785.9813448305838,383.2617662245141,303.8733050292659,148.5279238610329,370.8206618897176,6.638953576232262,301.83905613174124,534.4216158326363,260.58412201932424,37.84112202567435,218.2921202980856,683.3523547475091,126.51553350146474,357.85629524583567,540.6349060219403,169.12202764172955,390.99384904756545,597.2040108420744,264.87363755016156,834.612316336437
956.244349021298,412.8382982553695,461.9338095852787,256.1381189449737,318.62652147066456,5.931781843007019,326.3513660015992,656.0653345665397,463.3245858566475,38.72422327064786,140.86016997546335,728.2742480510506,156.15732657198217,434.48953288369137,432.5631537331431,177.66937438958706,341.4902855877708,436.18504276086173,286.32349013674303,1213.0260592101758
928.1213121379793,307.6518783425274,512.8667166429495,191.29504300894973,378.34018523235096,6.427756020680943,483.92721925764636,534.3678305526813,332.61166054943965,42.844792301372635,143.62446898857235,308.6006302435883,133.4363703090446,403.8442555449323,552.2836707367844,171.72295131251386,396.72950992602654,432.2481967303465,293.92928976362384,817.7046394755799
949.3682461479362,418.28507645826716,403.2786359772414,214.94131746924182,292.56705324574784,4.152465485809016,349.9729158644191,490.6104663443821,529.2806075192563,52.38046128156723,139.83317056986965,666.1830228274698,160.9666838229274,436.7202527125711,422.9331688320168,130.10536766662437,343.1747605685721,674.4513966810892,302.2319911936653,1031.2990231114497
1096.4365373315263,431.95151214201144,452.84450947900126,226.33777070158567,234.01472846863996,5.242461458991714,376.3177558234293,649.6349104424722,416.85750922129665,38.97709115634168,182.91425719391154,465.62027043128,133.42522392671262,374.74907956477796,525.1890832514816,172.5010464042637,239.53711771911148,484.6286236434243,338.004158585691,1091.6309832146324
575.6865288973224,341.1392969468687,544.2386022618684,275.55192237905777,459.00950305638315,3.938266073831781,412.709092592737,653.2422915414638,566.3527299660902,38.467831872588675,166.0695817725561,636.3853800021834,156.35117323851318,387.3076513331396,643.9328613693351,182.29745206331037,325.40008389392153,501.72922389679997,299.86530926955027,1039.543561036549
905.5575906282785,356.32851652328037,409.09737950610184,207.63167099090023,429.0899812560515,5.484339124919602,471.98340703375334,748.5831511832381,515.672238853102,33.298969912345484,171.12999582453347,583.9629448277846,121.57792151169437,391.1323463563016,466.05384547214874,144.80932203826848,376.83718485793975,516.6928781589877,340.9055882238278,823.633848898052
932.0987549461389,347.2193739112984,354.3708928630525,249.34919601260114,451.78666018578554,4.283605953415718,321.1241978292313,577.0125862209571,550.7221255340271,34.87661536621357,170.5846325063951,581.1641526464576,126.51510163699155,353.4837430500862,436.1773856988124,124.55050764061,298.8482613404223,408.5552808153751,300.4990575909223,624.9990506485158
917.2144645491217,216.36740634863148,442.3548538555107,208.5780001219278,328.60260895284796,4.710797492338301,567.4597146848773,705.3608082562564,399.6055619182945,41.82555510777101,178.6028618863777,788.1075200046552,105.47691934172246,425.6113345352935,347.87025956917967,183.19569650055442,343.09927742947383,628.2948910777269,312.3931429123167,862.1058672174759
802.6733350513769,341.2911497904558,327.91434945028664,276.26132020683724,451.2090292447748,5.037400558179153,476.43004489998316,520.3791448141727,403.88577007798096,23.805929441744908,145.79294337095797,537.4603948532219,112.28097204906013,442.6932396927092,505.86598892323684,139.38829156906905,427.66850279389763,496.4451596229138,238.7269815739839,1069.4370123451422
912.5644690233732,319.09961204731906,478.113733680887,185.7023569647668,355.2569684996951,4.568743083372826,448.9345709712407,715.2534416453423,442.7921183501801,36.26525001906129,148.5991504071546,592.4581478755284,162.83495513913695,338.24658240090287,493.87610253959366,157.11978748002875,490.8494982215517,508.9831496431727,362.64173706611524,805.2015463467806
1329.281315987628,306.7502738233402,300.44571574730685,280.4495512587084,380.511528118071,4.025948851474624,488.0130584538876,440.34194046135974,326.3382828269828,49.639361586857405,107.65971495125467,591.5421867852193,134.49508765704982,346.25939499731203,579.368437772474,198.94333015115893,393.27656972214896,543.6142831529869,300.11129151004366,972.9531804911919
685.307944119591,341.283070863555,349.5797412971182,266.71969830420005,270.73767498297707,5.390855811961986,410.760483992245,676.1773935211295,502.233148271086,29.572122183041945,152.74095820694998,716.7518010325978,150.81453299016374,380.76627220927475,501.2429977781326,188.33882263302974,386.8765679388916,457.292922906492,326.43964471585673,1098.6086731945227
709.5545704098113,277.6636937299229,438.7622610002524,213.82468515070684,293.6256379726868,6.278459632135628,353.6005521600532,759.248032060048,407.4512997114565,48.40008031676781,138.46130752054592,523.564956308885,164.42313555365882,526.5655796126271,295.142553041625,168.75694943089803,395.3126986272914,476.80787394184256,363.69291585381376,738.867407294199
932.2038925536027,413.5192891102341,336.167741051739,202.36360465141308,415.65700148867955,4.693466784071827,327.93175553608285,735.8030214577686,489.8787216555053,31.593820795571453,178.15001245720953,603.1750454851646,125.33499193832161,411.5265852327245,556.0204201572878,175.54388662552404,420.1796826893049,424.28786435980084,154.0255624443224,718.0221568097716
1125.8497974469833,444.4880908152995,500.59453692075766,250.86940450845816,425.85362942665273,5.810677985366699,365.14950585143083,637.5204422645603,547.9178930377203,31.856265451163598,145.4255391346501,525.7606327733888,108.66817943132023,317.94534844041766,494.81607814173685,174.64296583229594,330.6715431243216,564.5570286964972,262.44933048553355,852.3496814164826
889.7615514274567,341.6340637846098,420.79746601021765,274.45333904022766,330.40957474161723,5.3620935189043255,411.37578166962106,629.3275536869947,525.6657741924281,39.23716165861427,140.70982675226784,361.7181764010668,147.8001519631887,473.51284373415,199.4176362874178,198.26061370475347,354.0712387387056,394.52218022154443,311.4038790069196,925.5983150799586
934.9942108602376,375.5969455333472,438.3683618672774,239.108381025873,361.43282831725617,5.2874498306856665,333.34826607903307,543.0340004199181,314.3803471033257,38.0192909556168,161.04687054230607,461.49470668774734,159.87889981306617,491.3900314426536,421.85159709759455,146.65833419877958,306.1290837319454,397.5723180372921,232.57835132935205,905.1201463454942
868.6634530828075,348.96353659062106,464.1282666678778,262.6729009022745,386.7916132490722,4.340683688780703,404.8514255352885,869.7514592760199,533.6663727592247,28.44148104916133,150.05771693887652,829.5021794988033,129.16928303914366,450.15361774759,432.3567730904997,172.76759130856075,265.0312784390152,559.0990770292877,349.41801478696755,1110.1302363094383
893.0848891205472,398.3683742526162,480.00962570306865,280.5637685710319,297.4246794862157,5.8008974103442545,512.1629641235867,495.685768156177,385.5582425760323,38.350258294993935,145.35639752367553,730.056174192458,162.0431850799489,412.96997837687337,613.7349876220742,163.09921327498725,350.3564071450563,642.313536155868,267.0213842602556,914.0798041299932
691.4980970247935,452.12981978083235,527.7713164802367,228.50666080687935,304.3807350757523,5.121441205873105,345.6357443222182,660.1604957108553,504.6316261204699,29.536433761188597,144.11189758080013,618.9075706033021,112.81297037475464,428.33545464597785,486.5367067966332,140.22431458518628,398.80905381699984,546.9544610129662,290.2702814232785,826.8424794100525
965.6033603280748,238.8630331508399,581.467324930241,253.1206401873512,303.03495813412303,5.736856301532845,437.0242548188529,799.6092226428989,632.6299912319434,32.33207463008069,131.09777480247567,738.549514672593,161.71795993307228,349.97018927319635,571.8498546165617,145.89490388376328,423.37119107169923,460.58355833316597,251.747943399469,878.4438984718627
1173.7874795699313,243.55605884873052,411.47414628027275,228.9348005692747,426.5668884477211,4.500610425434406,393.3660584038923,746.8636175096022,514.6399499739238,32.61332229614325,174.1109321128834,713.2234249910917,156.0879391639294,496.35903478592434,553.0880709812448,138.55250264696525,193.9291368401154,524.4346577566785,310.01189698861094,966.8861198941732
976.6026794984614,354.4638694312262,307.4831694392118,217.7896573914116,427.153386900838,6.448748204259612,401.6130081484126,508.3506676396603,475.27014173566454,28.405372643841297,143.1153279551453,557.2987629937443,133.11235352945525,320.303963587398,602.4088481054728,181.39063743395536,264.0931042762826,510.5594793275858,271.941739141685,929.5839874550727
1021.6286058984714,246.2597857048848,359.02244376603784,265.0425223349568,517.8260390148075,5.220933534041693,428.84892684725264,732.9495978493812,514.7695578327712,30.445400824949477,134.32029832797338,587.1128961379825,174.11135754717523,396.47759517988044,572.0368410721582,165.45334395851404,348.5693753703248,505.74151067347907,285.42282423706064,799.1474950982108
1179.8637674536049,435.5374993557291,408.6129486636723,202.5373165971997,393.0126133218867,5.087807181866572,324.6572036185312,638.2314683705621,362.1860311318773,30.244403476324276,132.316265822377,772.9623724226767,159.06729314897592,432.8736241859231,595.4746105759673,176.52849209482454,407.42848881899124,587.6954256960744,312.3654761400279,918.969323216064
867.0485166256614,332.9693158976917,477.898799000813,164.80266062629832,178.41730321308694,5.797035903583958,433.1849809267156,537.8401314360959,439.395951234195,39.90796255379351,105.58395461581257,758.234423535198,115.08353121148414,495.9685364513099,382.80954088042654,173.8227266239789,507.871591095431,470.9854863498304,353.4468706852388,869.7265614112758
771.3267068148878,417.8813161472768,574.8953502458926,217.35176706133495,427.64742969231986,5.5362777397103535,441.4605424029303,702.8254824525417,664.2167116023566,48.21432616208697,143.24023218346136,619.9957486188512,138.6908635700114,422.7941341915955,553.2056223582429,199.89754095677753,392.30362493271895,671.7537458206409,293.9257840898646,1150.9477741821343
1037.1567249197838,346.73735328951614,387.2532627060748,284.23024113921895,390.9323975395057,4.791622361430548,358.44951360113816,571.7932353955692,357.49143838326046,18.41272550193648,154.22384133287017,610.0784295163203,113.3783649497657,390.9425537227962,632.6999973978873,113.05097227146624,286.70480972817234,369.1512834086497,150.81370104854597,758.5322998885559
1133.5975655213529,338.7818015037331,385.006191214369,209.25034041886323,475.12291062281065,5.739652935856609,511.8026579624326,682.9937292652361,399.67700676640607,47.89887779209181,162.93337996281528,580.3108554989907,133.6610244616688,443.8031380626214,444.4658444160191,148.63250874087592,379.58053656139015,477.86914128256166,294.71937727989337,852.4025360634449
1090.2120675743367,428.7481224421398,524.534304676447,210.8302594809611,424.8365530753621,4.78457103503374,425.41869914193495,610.4114544210366,480.46006571156096,19.69434741452248,184.68970162374532,475.15648806168326,142.6611846626956,424.0849867663865,481.6622889684372,159.67217195551666,368.5961852341145,496.6168303736859,319.75011834544495,767.6380919816613
653.0764460574096,382.1087472271283,329.3757157170094,247.43041239550368,409.3262179846415,3.8858717052261187,372.6116799208607,622.5662557930832,430.43968707469975,37.374517654209086,172.4452100121162,730.413529013061,170.03259689928822,436.55057574597413,296.8008703989034,129.15560425013064,299.69387129305613,626.4659133652488,287.1409820037282,853.1679222489133
774.4673080182365,356.88483972468947,493.7683273370476,183.29935891208788,396.29293304642187,4.3363060656616454,477.12299760547677,625.4115367300667,380.6053288627701,24.679219048668696,119.27697196661083,809.979740227212,109.91440350377931,391.5731815270678,537.8325594273713,180.89592475514067,350.09022407371174,441.9499537825927,242.36181366430063,761.2950660765115
1141.849064677802,358.1906792914971,334.5569491814823,279.94489155531505,299.0584508007302,4.772229419349781,489.74263087099996,678.8801000902085,459.70150633866575,42.446866792694834,165.59588163150144,672.8391066529906,144.73020099710476,338.84916391478123,396.04743372226017,129.34947260448388,407.2975635343775,378.07113296289714,247.82352339604932,926.2351056190408
639.2517613803093,195.12319864179233,514.608183985197,286.29488720668866,342.24191387980153,5.702464967345406,377.33470450609434,449.54167468526873,388.18587059352853,29.520399731633837,137.90341189359026,561.2757028871999,146.79413533460382,434.68373741057843,415.88956331453596,133.33674791608678,419.3008953839469,502.5358961357653,304.6275895772544,1238.9848007134253
1139.0867037680011,345.7416843339322,416.9011144838945,182.35321089127297,404.05618775988734,4.325735969841446,371.45422773665615,509.7424939966146,502.66654000828794,28.924409329532658,156.08045293236074,602.3723197083918,141.16897705066003,397.16010712981375,554.1399718771751,131.1677399971161,387.82491463691497,530.7096631701677,289.16794405808656,914.8128018794698
685.1286373385997,382.35612308447054,296.7913915959941,221.3447305129383,345.7578289847255,5.229222530730671,525.5860380805882,697.4987364976452,373.83685262657343,41.232487229456744,148.6544228981148,567.268873104963,120.55608959397358,479.19590321336324,659.7976975525669,139.7386937618645,428.60660967199357,361.09595731577235,261.5222257698441,815.0808103357766
957.3134738512354,376.7118333840966,371.4087510365739,291.765480670795,414.84607221638566,4.614060111626224,340.1711792579351,599.2134960104906,564.2635211800985,40.44756962590838,93.74607848319695,593.6081102821564,173.90710616344842,499.655145409042,382.2478443797694,195.79186332601316,536.5301436241299,513.8914273656145,302.73138975857006,978.5650008104474
950.0609424271007,276.366745671591,367.5859637000763,217.19824217560839,292.8169655600478,4.569092079039264,333.2084341918545,589.0550075643516,375.66513209368605,38.31254464407309,158.5867943985369,701.9893818841938,102.04163781787287,298.81267772498734,401.61531318861626,155.58444459059635,388.74971578337147,605.2767591883551,349.8431437703936,551.2153168160297
1050.2228219413932,284.123431966612,513.0008840107122,253.0857028870873,366.6277281887461,5.231394169760396,467.5487611112382,618.1837276380962,557.3358331046122,44.07180054045063,137.730745043611,543.504071181784,119.3618932093904,375.9426116449419,457.72146512363497,163.3280507600983,337.8531497328168,455.2614634404832,314.0260071471124,944.4789860019561
1154.7191983064195,273.64079168016747,413.6132775870723,202.4535994001832,468.72035094705376,4.631269085656352,463.95593481601816,659.3575956308046,524.8055061020108,35.11394907307721,219.0158556494859,614.9724854921423,203.24330519955413,499.651751088099,541.6437850950542,208.79558851177086,433.52853390605003,608.3720417529685,287.37097899537065,1384.9049874068883
1066.3796638573049,334.8732593314628,363.77658039180636,214.634118688908,308.8004701347653,5.1708448596444905,438.8638793996761,612.7560254266922,583.867148301454,35.47162800563823,154.4051183801632,784.9265456181034,158.5391122057003,400.23901409190717,556.8024397080553,159.74995745285798,352.7508842148041,493.07456870907964,208.8712956970278,940.6098785746042
1126.2708107503945,387.6479253350897,481.054986542718,226.5896222843153,322.0196717297979,6.099944907688337,414.3374715341056,818.0883490555348,631.6919520219018,39.79565819975039,126.60447974167883,618.4451486961051,152.55277225657906,397.9336982580312,509.5511519078513,173.57047963608235,212.40421992760267,330.4691068227695,296.9614976225532,962.2537983593066
1184.1464745922617,333.6177550084402,550.2773402390021,152.0531668120085,374.11291393274377,5.152556094977136,459.8818311126557,490.52595506441946,703.6865220450601,34.46702396202139,180.91997784024403,628.073354555846,162.25270689440745,413.45639119718925,484.5757370668332,178.04677504707442,324.6095419590285,572.2175852161113,230.04966251742445,856.3859926729225
1323.748291357253,292.02172448067597,425.802813114431,223.15000214776444,311.7960040476061,5.235725536030563,478.4632853388487,525.824481675444,490.4331983203401,41.86424021030629,175.68402349889826,658.4643155298462,130.81273165431963,416.54214472387855,509.96244881381557,187.643912599681,302.32682646773617,511.30578978202345,338.51931259201706,732.5118713947851
977.8122296636355,311.5488069270313,440.7693859744265,217.8875577962492,422.79040908966243,5.492307047804875,336.39016410711497,678.8911252154359,619.2017845554233,30.850657273436465,133.67234904041067,584.6626048581862,150.97757526211433,324.65713814282304,401.0099172889394,117.83138403602311,374.18303047079127,593.6625731797157,333.1448452326358,1098.4318182695508
1058.5890220984295,394.6827994002367,263.93150786738477,295.58732138366383,412.10367672041576,5.967077321879304,471.3057940940455,614.1155497739219,523.2121186552021,38.167618210641066,159.02769715083528,619.3727708958668,88.7764480510645,305.92607251311836,339.3044417863732,207.51715848991057,351.2881904210124,368.5431902467018,252.52603556553296,1247.8323056576496
997.8692327998681,379.98452525769443,476.15609811958234,255.7107910659824,385.5739658405293,4.968622300935995,407.32470988460955,613.1153208696194,567.3786099279129,47.48209615581042,142.7013517562807,744.8810825004688,145.0596025305239,521.292462487191,442.8170377067464,99.07180973560821,277.538027894356,360.72590427815976,323.2443413246766,1044.7476472684084
740.5602093630641,548.9328158445795,511.3723232725968,184.1666706285913,372.66781258865734,4.335146644839682,361.19703815902255,509.2418008399982,411.14345993902873,29.627655508997456,139.70399744306164,713.8306494350348,159.61278902820428,392.50938282296994,701.6351118303247,152.11803999022376,324.8783638023964,421.4009342215297,200.733688285129,1186.2301074141578
1144.492381206818,307.12884208192554,376.634468704787,253.2064492270837,247.32728610324176,3.2959860471513,313.63495738021953,680.7927042242139,494.54797254483316,34.338282374957615,151.7801952313776,515.6278996239969,155.09999560724427,413.45162340445665,548.8845416048684,132.9950357559701,323.91980371100465,544.1847255086857,329.7177787602154,925.2316222161145
1107.9992373364244,358.62974127868546,465.74126615623135,237.6922566923452,369.15848336245625,5.341702937627023,291.79424720325846,615.2555962237163,392.32407492065994,33.98824766367789,124.11321801254884,793.2933517538575,183.23739906468987,291.79762598920274,478.90166702406196,177.31285109036318,367.4697531443852,437.7182705197409,305.2057998179156,1006.6370228425851
957.7828880536284,317.3188862699464,564.2037672110489,246.08029823136403,457.37619293932863,5.040880694059794,348.52036580943684,833.9182483047789,530.9888228034436,45.83487868365473,150.8421239875441,679.465135615771,81.54483999535296,400.0882555125522,516.9218262218671,164.2522389227347,347.5365648840734,482.64085778770897,358.70751050212823,1220.787583644962
832.3987572751814,258.29968683282084,512.8944305592108,234.14367326175412,336.237018813977,4.050610872688745,387.3960564087831,445.537807426927,535.8729310678805,37.82623504122144,103.12408753242269,621.6823490151229,136.82964678415647,419.14976318151554,679.0328448517772,153.32089700471013,486.0543690170521,448.88719362415105,228.22320492286957,882.9206359271412
747.04341884394,330.5167125907261,428.34658509187165,244.4071840127416,296.59715832259815,4.747654505756972,272.5255375742869,817.037410490714,599.6106884475026,30.392082794851405,149.61718583097252,344.5291747550879,146.20890884639965,415.6884152940006,430.3945847003213,186.8365792217833,316.627629297175,626.8917929511329,363.7784819879116,1061.6535902396788
793.9111157511845,357.3058517543753,340.03772598933693,227.29030400222115,327.75220934389006,5.321071422197076,378.38212927199214,746.6975723967016,347.4858157732232,39.91346190996266,135.22009225158516,800.5057559220642,127.11307735287073,415.55971613500435,484.5695896948958,118.02761702174843,408.2051824928574,437.4201315496947,205.73165250312223,999.1518454106651
896.8423661858599,473.03041458112,494.7807788108929,269.4171361314332,396.0381007685744,5.1742601473939835,360.04638687244363,640.5784291166489,441.239922144728,45.59772814995222,173.98034548159697,624.2300806470117,111.98191675752824,277.07108389338083,548.3344489703413,192.63471070528539,224.10438506939832,582.7418424889142,291.03903875538265,797.4914912315323
1223.6443866926995,470.5597355377648,377.1947078352708,180.05554767881137,313.2058994155662,6.644981386401608,420.7641633270358,767.499857731522,422.0144224274444,31.183600421483355,116.57495196798735,532.0306644035315,154.09601485472453,367.49045083842844,518.2149996999774,138.28900288854183,416.15466852912573,431.41556945664513,311.7310472802438,805.4737596194725
1005.2196440677653,374.4740325203781,408.81013775276057,211.62575295032445,419.46673267970175,4.209514438622002,404.75727550699975,690.537123288015,481.7801121397866,38.91551443611742,207.3474924568596,546.9561664313437,120.46722467018905,227.13484306043253,398.5389177337016,128.882248617577,233.25037151643912,431.82233758341727,307.3853612728917,777.8615694764325
1222.717841295281,264.29148316773166,291.23570835391394,225.23453751253788,493.8314457527488,5.548255278458357,405.92167248071223,803.8395345835903,393.8841658887931,26.615585797229336,132.15436450981343,678.8077237557317,154.6967981127041,423.31871392864167,397.5086011519796,125.91144042013579,352.9064049751732,602.9013891278418,191.8224300583512,791.4970490142606
751.1666527475876,358.97286079754934,391.2812872457578,236.1219343800437,429.0501872346809,4.697290218535318,273.11984767113074,727.4803754925789,522.7674754721498,37.76476577595822,177.6394664152782,652.3439837805706,96.92524478772691,395.29136714497724,493.21636141574703,168.99877087067753,216.8275531887317,555.1540927500293,333.8875987156233,542.1900804621318
1117.9415858400866,366.16336191055854,427.202966708913,218.59313775843506,361.841713274229,5.703160424784673,380.60309897146954,614.8591126724863,468.5387711395768,33.58051485392433,176.86778707232102,656.8776700302498,124.62207099310473,454.60785884281614,534.4391354333646,145.0397347367122,359.6956354690522,417.9155994321834,373.31797670034075,930.4190470493666
1165.736368705648,370.6796067700213,278.6097287124584,198.98961202358203,380.23993126914905,5.453563113823361,401.28490052189244,593.040767796271,561.5424750412611,37.5206602314254,133.71262609225215,667.4159777719585,103.19043907690144,369.86198495181236,546.1557797899567,150.40518493472348,388.879856081482,558.2379397579533,262.33365260028745,951.780032951297
1073.0674064994366,280.1350436584634,330.38743645605985,227.44032884893178,466.0035748212021,6.8488496315335325,488.3381257616138,693.9570836013651,642.602101351691,40.9328604571896,172.94417833423017,737.9435162503794,172.96045807080634,534.415699493156,682.8686178053032,171.8894269759932,411.671764438571,515.333322547653,165.1429690376478,1051.905125267449
918.5147970588365,338.2581448252109,403.2884648151458,204.89768453414558,291.8961011999245,4.00281889334985,453.7022644708076,616.571856812849,426.8174845296353,33.5465944629821,160.14137778361953,553.6526814369493,153.9629866197501,423.0018708211313,502.3751843789761,183.52817971617506,355.28323281256456,496.347398337796,166.06518115029593,846.0251583464249
812.256636330721,297.86908793217896,390.93498473618683,245.00623541333897,344.85635641424307,5.988306493541923,477.3009517369569,653.37029612439,551.7571313093401,40.09627975438965,150.10311819650195,698.7777395085042,129.06066182788385,344.19440889860937,526.9015989688517,152.5942200419571,385.39946627527456,463.7780553636216,244.4958691393394,1019.217866470382
962.9278976379003,369.14981949630027,464.64348309660363,298.6524103208527,335.97176360053163,7.185528031461754,374.40925706021517,623.6655700890394,531.7167698618373,37.27433233205882,155.37496734125702,787.7928505283735,164.8117742231858,404.01342870175034,499.11916423329814,158.14314077184105,419.926994669484,442.60546711174817,216.19276554146194,982.1052233241362
877.6304859032233,349.5983851335304,339.6634745013153,268.5014504972141,441.9819259845508,4.782137216939488,355.06669603583293,683.3899165564342,575.6111511427398,31.27769946010521,131.78228715288088,552.5111577640421,148.8749754265242,414.7227399479386,442.08048006255893,127.12752919957347,336.1222570662336,486.03590799370346,289.21908377546976,1100.971943546564
1200.137693066733,371.19617034097837,359.84032709669674,256.6542270562826,390.87828967852084,4.702413865301477,367.10154851123923,799.0311091706981,326.20134634158,36.80175361740751,141.032254511598,580.0980546495042,76.04284751231472,425.9524888029324,548.017055555038,172.8080859824498,348.6113680569091,532.4922302366497,204.58175154484036,855.3400649743432
1293.9624541688418,443.1097919659928,361.2904143099662,204.21186002714035,386.34790678269445,4.214540900915795,404.52074682786935,613.7767180250435,464.6247418230006,44.390917108541515,128.65447869370294,598.0933811340627,138.8744790758671,381.47077011006064,538.451820051255,183.75337915534482,316.8964996614401,475.4580802278135,401.2203827078075,925.7597982567712
876.4449592432817,359.2997682110926,320.6116876714603,199.445867143018,342.8614687691259,5.332729124724632,420.47826264691497,637.7140569044892,536.368925414075,40.439277004227336,187.20184650863465,515.8296222059749,163.01405539192297,429.881620293151,335.9015526240629,162.3925829198767,418.3278783216218,549.3210648916844,328.30973668420586,1092.1267829377362
854.4596885145698,262.12109056584507,251.56859156495977,259.90143416593696,432.8831845547948,3.953096467151301,249.74512893147144,805.3325670669327,440.1114511336618,37.70427036042577,141.59259291560437,726.0096637548571,152.13645301214964,403.2734028837695,504.7373473716008,171.15304012724727,271.3582845470413,684.9215798439905,369.80827422119245,585.9689883978576
954.0226022121693,362.076594131991,356.3666655869504,288.04074669295125,400.9669185781097,6.608454234523155,510.897749637866,699.632938931216,417.83594509556013,42.24639371148002,88.86414058269807,830.9131826007555,197.29320217776836,416.96738056962135,486.69712613972115,209.2808905312865,434.8268674131474,455.9162206876429,334.6495538863297,858.9534624757157
1200.8162058623227,365.38155826812886,363.3301422324864,164.30820233995132,448.1537155289976,4.196030076497647,353.7497562858111,697.4466732267014,575.8319040911778,36.62519257052042,160.41181758975492,620.7657673696066,186.2880928918793,483.41757430493146,467.91907021143936,154.45229250684662,357.0027990300817,303.3796597712757,206.4345567027925,829.9425019264909
1006.6769068115358,303.5215304886849,271.8115749219219,307.84578769810753,392.5293982212004,4.416910146055722,375.2748691233756,630.2310709372376,540.8009427456734,32.03984314407743,123.09585573565326,571.0894483766268,96.75130206004783,334.4787805173213,404.497970388604,163.43381819487635,290.5011368047332,401.76588244247347,359.870367125282,1197.1039595966586
911.9125479749009,323.5220602888052,278.62768396250374,235.97203162584083,468.24972383605706,4.495509214266096,378.89286676124556,578.3562527892307,511.1967203464992,32.83893667870762,127.64562992432761,623.3159341818139,79.96278290368033,285.49827238071157,655.7916640823015,162.77211710755714,339.6269888190376,401.9608802304753,238.9899813877842,1022.3489724498913
1239.0279987135905,370.557451997896,563.0700423773212,179.46597755155716,447.1526078874334,4.6436521413449965,229.75564768845663,454.32894163674626,433.2178708476583,35.475159427322566,143.73249115193155,741.2604841156902,109.88433960762745,489.60613840385014,484.44609799633696,119.56940129757047,299.05217771047023,596.6984455233338,303.0145043868823,873.9729331333882
712.7531372117409,361.0727315364138,244.06046034645115,193.13512839898115,328.2868061603066,4.92960577256247,549.1290724370883,623.630740185656,566.8322524482651,53.82697888635029,109.86731324169577,652.6694858128824,144.0327205629529,335.9382193601889,510.95287569301627,151.57951628674206,268.6315405444285,580.294324134992,230.7253430914771,830.3547375605866
1251.7758743391169,357.0878796979998,444.0782981210361,309.75933495140333,266.5639917513828,3.27923259016581,434.7985686718388,562.012643884783,549.8340386370547,39.53750613354543,139.82186125407665,791.690823142997,107.53872108787196,259.66695799434217,558.7489058672433,133.7354509542242,293.9198472059761,687.7611836559726,324.0752387752346,897.16964978747
1006.7078562172466,385.42117516457944,262.6659452947209,119.80430616465166,455.1601307955125,5.760924870267881,387.0754243681439,679.8268792377667,576.1137802791876,29.158014002984963,64.9851882010422,528.6213816095006,167.40469615487314,229.7221220789526,412.7543475008987,163.75373317222883,332.6388547337406,262.7286848098235,265.9546035366885,570.9235385018619
1063.6456156002048,356.50229310913073,341.02886349706205,250.9727620543264,412.7015765678865,5.212642100385357,482.7054816711017,608.0120535073546,555.1157499047912,29.742573218401304,125.89608190297645,711.8369422319246,145.4453687700921,360.39901023100464,437.21760328979985,149.35851532528417,317.1083033299847,447.41192686095803,292.60026313441216,857.7564304580518
873.2375433458961,339.48800962965396,359.30834175493897,214.70759293524262,383.15928745823265,6.3531591263042735,456.3185246294123,610.8947711355424,540.1108273116495,40.081835306859,158.7408019447938,690.02946176182,147.2861892367406,374.7807055090096,419.9877918810678,140.99277295711715,439.57446667195194,440.75653076922794,261.49631782788094,992.4236889004042
1405.0179246655239,270.45079643013406,525.5178812520949,270.4172699077057,310.54889130267355,6.375498644828112,349.0631819842873,543.9180948895321,483.6464836348023,32.03767294839851,157.62526301250224,671.5540074093708,138.20478094763652,299.3368017944863,425.83505625422765,171.8049085409483,423.6726333476647,361.0438230243083,247.4254236214602,1066.8903000467772
827.6244272144855,365.737498830555,416.29852719253364,249.37811081956562,384.8251751737026,4.8493902219174245,494.6125594472947,749.2692266298155,400.5465378546904,38.08190301029002,162.72546753858967,695.0128824706533,110.18078720846164,461.9320285045938,506.6419493362376,140.55397077276172,331.1563079942182,390.53297142462037,229.75344929187128,951.6315215555727
1052.6422903931177,320.88967599845984,526.768378104115,257.1095728253147,361.51667450028947,5.469416659082062,207.0789943287222,715.6330773192284,589.6455273893665,33.845945371724376,160.22654730021048,747.715720736134,97.61819001713884,429.30699443411487,542.5674666976275,126.53699951210572,433.1827405212672,386.4149025898777,284.2813861214678,611.167769361261
1049.3068802534924,325.14085973430656,428.9935946012936,256.92852231010534,385.4783361527122,5.0909707133232605,316.3658708390859,623.9858847713958,276.3494999722866,28.678779929247103,168.48086793512317,892.5007939490766,90.49868184052801,546.5856695142335,571.8920742902327,161.81141553163943,323.7524851540212,354.694303656102,299.4339516788248,780.2402000164175
1133.6231613120096,287.7311026510489,379.40541420658093,265.81205037721594,364.7095635509546,4.585552429441863,462.99867101143957,824.2303185964174,292.0710197833722,28.66498355197914,101.62077239508784,629.2634196507452,168.94398156118436,369.16044323861007,564.5281281158391,197.5401029126098,385.357184424715,601.3578475754855,367.7092438075445,722.5302967673758
836.4876563882289,480.56149979155936,371.0597485051352,204.72582370552516,305.1835225099025,4.682611683058089,467.959529239468,649.2405868350347,499.41790357446445,23.378842770686475,154.98271224478478,703.3750509438457,135.08091896939254,406.5842110920038,428.62512990131415,197.55123496656242,309.42270490064556,340.493842806896,321.99355867865813,1091.6116370680804
962.4999362692917,368.1334185512019,477.614809395085,222.62307470639095,549.4433503210491,6.142104482327863,285.6822182027031,580.0959663974849,289.81136208694335,38.49865978293103,155.41909790961935,831.3237512597501,100.55511754141207,448.3354834830338,466.2682565976624,175.35875562531612,373.6922126363605,385.8558978228843,326.97259427743415,875.3904056711481
927.9988536954556,228.04797128862995,340.8662520701356,165.88417867504631,370.5903702394852,4.304191623856514,341.2644927176935,724.8225810697289,569.2337975471642,28.873867453004483,143.19729414569574,681.1986031745079,120.4891233841158,335.32231906094853,373.26986185934106,192.86206852524595,282.8310069582896,480.5369241973951,279.17077874474876,1043.2886493663632
1248.4555777814567,337.01141209304996,272.63449062936866,272.88118845971957,467.0359678266944,4.451058809417047,395.9672350926407,680.5212257042056,371.63512751294775,39.1641614129057,144.804489715343,364.60770398993554,108.16293406192115,345.67435737114386,613.9233597357559,124.83465254177821,338.5314830072632,518.2364059637434,273.4869440250475,758.524559040377
910.766028051785,240.49110369010324,488.6909145143363,239.11672989795383,294.847912131719,3.711553517522,366.73664795683084,583.1649422249468,513.7792234457011,37.68206413310482,124.1704726003924,789.1832756683402,169.29333068139363,415.9713317566572,515.104490553152,165.67679672069477,317.06384970308636,399.7007527864838,289.3864775760496,839.4993861007374
